B00, 100
B00, Trade, 4319353.143, 91, B00, S09, 1
B00, Trade, 4319356.993, 87, B00, S04, 1
B00, Trade, 4319359.743, 104, B00, S07, 1
B00, Trade, 4319364.943, 90, S09, B00, 1
B00, Trade, 4319375.743, 130, B00, S06, 1
B00, Trade, 4319381.743, 112, S09, B00, 1
B00, Trade, 4319389.793, 110, B00, S02, 1
B00, Trade, 4319393.893, 135, B00, S06, 1
B00, Trade, 4319401.493, 60, S03, B00, 1
B00, Trade, 4319409.043, 105, B00, S02, 1
B00, Trade, 4319414.143, 79, S07, B00, 1
B00, Trade, 4319424.243, 80, S03, B00, 1
B00, Trade, 4319429.693, 77, S09, B00, 1
B00, Trade, 4319433.793, 121, S09, B00, 1
B00, Trade, 4319443.143, 105, S02, B00, 1
B00, Trade, 4319461.793, 110, B00, S00, 1
B00, Trade, 4319463.143, 106, S09, B00, 1
B00, Trade, 4319467.893, 103, B00, S08, 1
B00, Trade, 4319472.393, 109, B00, S00, 1
B00, Trade, 4319476.743, 94, B00, S08, 1
B00, Trade, 4319483.293, 109, B00, S09, 1
B00, Trade, 4319491.143, 137, S02, B00, 1
B00, Trade, 4319495.743, 114, B00, S09, 1
B00, Trade, 4319500.843, 69, S05, B00, 1
B00, Trade, 4319505.643, 60, S02, B00, 1
B00, Trade, 4319509.543, 122, B00, S09, 1
B00, Trade, 4319517.293, 106, S07, B00, 1
B00, Trade, 4319518.693, 61, S04, B00, 1
B00, Trade, 4319524.993, 84, B00, S04, 1
B00, Trade, 4319529.143, 60, S05, B00, 1
B00, Trade, 4319535.593, 119, B00, S02, 1
B00, Trade, 4319548.843, 79, B00, S00, 1
B00, Trade, 4319555.743, 61, S00, B00, 1
B00, Trade, 4319560.443, 69, S00, B00, 1
B00, Trade, 4319565.843, 115, B00, S05, 1
B00, Trade, 4319576.443, 130, B00, S02, 1
B00, Trade, 4319583.643, 137, B00, S04, 1
B00, Trade, 4319593.593, 122, B00, S06, 1
B00, Trade, 4319596.593, 62, S04, B00, 1
B00, Trade, 4319598.443, 61, S06, B00, 1
B00, Trade, 4319607.093, 62, S00, B00, 1
B00, Trade, 4319614.493, 76, S09, B00, 1
B00, Trade, 4319615.293, 66, S00, B00, 1
B00, Trade, 4319622.193, 99, S07, B00, 1
B00, Trade, 4319630.893, 63, S04, B00, 1
B00, Trade, 4319633.293, 67, S07, B00, 1
B00, Trade, 4319635.193, 97, B00, S07, 1
B00, Trade, 4319650.093, 61, S06, B00, 1
B00, Trade, 4319656.443, 62, S06, B00, 1
B00, Trade, 4319664.693, 99, S09, B00, 1
B00, Trade, 4319672.493, 85, S08, B00, 1
B00, Trade, 4319677.093, 127, B00, S06, 1
B00, Trade, 4319686.143, 90, B00, S07, 1
B00, Trade, 4319689.343, 91, S07, B00, 1
B00, Trade, 4319692.093, 81, B00, S06, 1
B00, Trade, 4319700.293, 104, B00, S07, 1
B00, Trade, 4319703.593, 113, B00, S06, 1
B00, Trade, 4319706.943, 60, S05, B00, 1
B00, Trade, 4319710.293, 67, S03, B00, 1
B00, Trade, 4319719.293, 117, B00, S05, 1
B00, Trade, 4319725.393, 122, B00, S04, 1
B00, Trade, 4319729.793, 119, B00, S06, 1
B00, Trade, 4319731.643, 123, B00, S09, 1
B00, Trade, 4319738.993, 105, B00, S05, 1
B00, Trade, 4319746.643, 123, B00, S00, 1
B00, Trade, 4319749.793, 104, B00, S08, 1
B00, Trade, 4319753.243, 94, B00, S03, 1
B00, Trade, 4319759.893, 88, B00, S02, 1
B00, Trade, 4319769.643, 133, B00, S02, 1
B00, Trade, 4319779.743, 114, B00, S06, 1
B00, Trade, 4319780.743, 60, S00, B00, 1
B00, Trade, 4319783.043, 124, B00, S06, 1
B00, Trade, 4319798.793, 64, S00, B00, 1
B00, Trade, 4319804.143, 125, B00, S04, 1
B00, Trade, 4319813.643, 122, B00, S02, 1
B00, Trade, 4319820.443, 60, S06, B00, 1
B00, Trade, 4319832.443, 77, B00, S06, 1
B00, Trade, 4319833.943, 61, S05, B00, 1
B00, Trade, 4319850.693, 94, S07, B00, 1
B00, Trade, 4319857.443, 82, S06, B00, 1
B00, Trade, 4319865.193, 69, S07, B00, 1
B00, Trade, 4319870.893, 76, B00, S04, 1
B00, Trade, 4319876.693, 66, S08, B00, 1
B00, Trade, 4319884.793, 62, S04, B00, 1
B00, Trade, 4319895.293, 123, B00, S04, 1
B00, Trade, 4319898.443, 107, B00, S06, 1
B00, Trade, 4319907.843, 128, S07, B00, 1
B00, Trade, 4319913.493, 86, S07, B00, 1
B00, Trade, 4319920.793, 85, B00, S03, 1
B00, Trade, 4319925.493, 137, B00, S05, 1
B00, Trade, 4319932.693, 112, B00, S01, 1
B00, Trade, 4319936.593, 68, S03, B00, 1
B00, Trade, 4319943.893, 79, S03, B00, 1
B00, Trade, 4319955.593, 62, S00, B00, 1
B00, Trade, 4319963.843, 97, B00, S06, 1
B00, Trade, 4319967.993, 61, S09, B00, 1
B00, Trade, 4319972.093, 102, B00, S04, 1
B00, Trade, 4319983.293, 93, S07, B00, 1
B00, Trade, 4319985.343, 67, S09, B00, 1
B00, Trade, 4319992.893, 65, B00, S05, 1
B01, 100
B01, Trade, 4319347.993, 62, S05, B01, 1
B01, Trade, 4319349.893, 131, B01, S07, 1
B01, Trade, 4319359.893, 68, B01, S04, 1
B01, Trade, 4319365.643, 83, B01, S00, 1
B01, Trade, 4319375.293, 139, B01, S00, 1
B01, Trade, 4319383.943, 90, B01, S06, 1
B01, Trade, 4319386.643, 125, B01, S05, 1
B01, Trade, 4319391.043, 129, B01, S09, 1
B01, Trade, 4319398.643, 88, B01, S04, 1
B01, Trade, 4319404.093, 62, S00, B01, 1
B01, Trade, 4319410.343, 68, B01, S05, 1
B01, Trade, 4319416.993, 69, S09, B01, 1
B01, Trade, 4319423.793, 112, S09, B01, 1
B01, Trade, 4319427.843, 72, S08, B01, 1
B01, Trade, 4319444.543, 60, S05, B01, 1
B01, Trade, 4319448.493, 130, B01, S01, 1
B01, Trade, 4319452.293, 115, B01, S09, 1
B01, Trade, 4319459.543, 112, S08, B01, 1
B01, Trade, 4319466.393, 75, S03, B01, 1
B01, Trade, 4319469.893, 91, B01, S00, 1
B01, Trade, 4319471.943, 124, B01, S06, 1
B01, Trade, 4319478.793, 111, B01, S03, 1
B01, Trade, 4319480.843, 78, S02, B01, 1
B01, Trade, 4319489.343, 122, B01, S06, 1
B01, Trade, 4319493.443, 62, S04, B01, 1
B01, Trade, 4319498.643, 84, S08, B01, 1
B01, Trade, 4319506.243, 61, S04, B01, 1
B01, Trade, 4319509.493, 122, B01, S08, 1
B01, Trade, 4319520.393, 67, S03, B01, 1
B01, Trade, 4319524.343, 72, S03, B01, 1
B01, Trade, 4319535.393, 123, B01, S00, 1
B01, Trade, 4319540.993, 107, B01, S06, 1
B01, Trade, 4319548.393, 116, B01, S08, 1
B01, Trade, 4319555.043, 67, S03, B01, 1
B01, Trade, 4319563.443, 95, B01, S04, 1
B01, Trade, 4319568.293, 136, B01, S05, 1
B01, Trade, 4319570.393, 123, B01, S06, 1
B01, Trade, 4319580.593, 132, B01, S05, 1
B01, Trade, 4319592.593, 139, B01, S03, 1
B01, Trade, 4319599.393, 66, S03, B01, 1
B01, Trade, 4319605.493, 80, B01, S08, 1
B01, Trade, 4319609.593, 61, B01, S06, 1
B01, Trade, 4319621.093, 96, S09, B01, 1
B01, Trade, 4319627.243, 135, B01, S06, 1
B01, Trade, 4319633.393, 73, S05, B01, 1
B01, Trade, 4319633.993, 107, B01, S09, 1
B01, Trade, 4319645.343, 78, S07, B01, 1
B01, Trade, 4319650.243, 63, S04, B01, 1
B01, Trade, 4319662.143, 68, S05, B01, 1
B01, Trade, 4319673.243, 137, B01, S03, 1
B01, Trade, 4319680.243, 74, S08, B01, 1
B01, Trade, 4319685.543, 104, B01, S00, 1
B01, Trade, 4319689.893, 130, B01, S04, 1
B01, Trade, 4319691.843, 111, B01, S09, 1
B01, Trade, 4319697.093, 107, B01, S06, 1
B01, Trade, 4319704.843, 127, B01, S09, 1
B01, Trade, 4319709.043, 66, S00, B01, 1
B01, Trade, 4319715.293, 62, S04, B01, 1
B01, Trade, 4319722.593, 97, B01, S08, 1
B01, Trade, 4319734.943, 133, B01, S05, 1
B01, Trade, 4319737.293, 139, B01, S03, 1
B01, Trade, 4319741.043, 131, S02, B01, 1
B01, Trade, 4319747.693, 115, B01, S03, 1
B01, Trade, 4319752.443, 72, B01, S06, 1
B01, Trade, 4319758.843, 103, B01, S07, 1
B01, Trade, 4319765.743, 132, B01, S08, 1
B01, Trade, 4319773.493, 74, B01, S03, 1
B01, Trade, 4319779.393, 115, B01, S03, 1
B01, Trade, 4319786.093, 64, S08, B01, 1
B01, Trade, 4319787.843, 92, S02, B01, 1
B01, Trade, 4319795.043, 63, S05, B01, 1
B01, Trade, 4319801.543, 70, S05, B01, 1
B01, Trade, 4319808.793, 95, B01, S02, 1
B01, Trade, 4319816.393, 132, B01, S00, 1
B01, Trade, 4319834.693, 64, S04, B01, 1
B01, Trade, 4319838.943, 95, B01, S05, 1
B01, Trade, 4319843.193, 86, B01, S04, 1
B01, Trade, 4319848.793, 61, B01, S03, 1
B01, Trade, 4319851.643, 80, B01, S09, 1
B01, Trade, 4319856.043, 105, S08, B01, 1
B01, Trade, 4319866.243, 83, S09, B01, 1
B01, Trade, 4319870.643, 133, B01, S09, 1
B01, Trade, 4319871.743, 71, S02, B01, 1
B01, Trade, 4319875.343, 60, S05, B01, 1
B01, Trade, 4319882.043, 112, B01, S08, 1
B01, Trade, 4319886.793, 64, S03, B01, 1
B01, Trade, 4319900.543, 89, B01, S00, 1
B01, Trade, 4319909.193, 61, S05, B01, 1
B01, Trade, 4319914.593, 117, S09, B01, 1
B01, Trade, 4319934.943, 64, S04, B01, 1
B01, Trade, 4319941.143, 115, B01, S02, 1
B01, Trade, 4319947.343, 105, B01, S06, 1
B01, Trade, 4319954.543, 136, B01, S09, 1
B01, Trade, 4319960.093, 104, B01, S02, 1
B01, Trade, 4319963.543, 125, B01, S08, 1
B01, Trade, 4319969.243, 130, S08, B01, 1
B01, Trade, 4319978.193, 67, S05, B01, 1
B01, Trade, 4319982.343, 99, B01, S06, 1
B01, Trade, 4319989.243, 128, B01, S06, 1
B01, Trade, 4319997.993, 64, S06, B01, 1
B02, 100
B02, Trade, 4319327.093, 64, B02, S03, 1
B02, Trade, 4319335.093, 126, B02, S03, 1
B02, Trade, 4319355.943, 71, B02, S09, 1
B02, Trade, 4319362.093, 140, B02, S02, 1
B02, Trade, 4319367.743, 72, B02, S04, 1
B02, Trade, 4319371.893, 64, B02, S04, 1
B02, Trade, 4319377.393, 83, B02, S09, 1
B02, Trade, 4319381.543, 104, B02, S05, 1
B02, Trade, 4319388.493, 121, B02, S00, 1
B02, Trade, 4319393.043, 62, S03, B02, 1
B02, Trade, 4319395.293, 127, B02, S06, 1
B02, Trade, 4319405.093, 61, S04, B02, 1
B02, Trade, 4319407.693, 102, B02, S00, 1
B02, Trade, 4319411.793, 68, B02, S04, 1
B02, Trade, 4319417.893, 64, B02, S05, 1
B02, Trade, 4319421.943, 122, B02, S00, 1
B02, Trade, 4319432.993, 118, B02, S04, 1
B02, Trade, 4319437.143, 62, B02, S00, 1
B02, Trade, 4319439.293, 84, B02, S02, 1
B02, Trade, 4319448.143, 131, B02, S03, 1
B02, Trade, 4319454.843, 113, B02, S04, 1
B02, Trade, 4319460.943, 111, B02, S04, 1
B02, Trade, 4319468.093, 89, B02, S05, 1
B02, Trade, 4319481.593, 69, B02, S08, 1
B02, Trade, 4319485.243, 107, B02, S05, 1
B02, Trade, 4319488.893, 123, B02, S07, 1
B02, Trade, 4319502.893, 63, B02, S03, 1
B02, Trade, 4319509.193, 127, B02, S00, 1
B02, Trade, 4319511.693, 140, B02, S03, 1
B02, Trade, 4319525.693, 71, B02, S02, 1
B02, Trade, 4319532.693, 102, B02, S09, 1
B02, Trade, 4319538.243, 131, B02, S03, 1
B02, Trade, 4319557.793, 63, B02, S03, 1
B02, Trade, 4319562.043, 65, B02, S05, 1
B02, Trade, 4319565.443, 65, S00, B02, 1
B02, Trade, 4319577.993, 131, B02, S05, 1
B02, Trade, 4319584.793, 104, B02, S00, 1
B02, Trade, 4319593.393, 125, B02, S00, 1
B02, Trade, 4319605.043, 82, B02, S02, 1
B02, Trade, 4319617.643, 106, B02, S09, 1
B02, Trade, 4319621.993, 73, B02, S06, 1
B02, Trade, 4319629.593, 65, B02, S06, 1
B02, Trade, 4319632.343, 76, B02, S04, 1
B02, Trade, 4319636.343, 119, B02, S03, 1
B02, Trade, 4319643.443, 68, B02, S04, 1
B02, Trade, 4319649.243, 126, B02, S00, 1
B02, Trade, 4319654.843, 62, B02, S00, 1
B02, Trade, 4319665.843, 133, B02, S05, 1
B02, Trade, 4319671.443, 122, B02, S05, 1
B02, Trade, 4319682.393, 62, B02, S06, 1
B02, Trade, 4319687.593, 77, B02, S05, 1
B02, Trade, 4319693.993, 100, B02, S07, 1
B02, Trade, 4319701.293, 128, B02, S05, 1
B02, Trade, 4319711.893, 71, B02, S05, 1
B02, Trade, 4319718.993, 138, B02, S06, 1
B02, Trade, 4319719.993, 93, B02, S04, 1
B02, Trade, 4319724.593, 135, B02, S06, 1
B02, Trade, 4319726.593, 80, B02, S03, 1
B02, Trade, 4319734.843, 134, B02, S01, 1
B02, Trade, 4319743.993, 124, B02, S04, 1
B02, Trade, 4319746.543, 126, B02, S06, 1
B02, Trade, 4319754.293, 128, B02, S04, 1
B02, Trade, 4319762.343, 118, B02, S05, 1
B02, Trade, 4319772.043, 140, B02, S00, 1
B02, Trade, 4319776.193, 110, B02, S02, 1
B02, Trade, 4319782.193, 81, S07, B02, 1
B02, Trade, 4319790.743, 125, B02, S07, 1
B02, Trade, 4319793.943, 60, S03, B02, 1
B02, Trade, 4319802.743, 96, B02, S03, 1
B02, Trade, 4319806.993, 96, B02, S06, 1
B02, Trade, 4319808.593, 98, B02, S05, 1
B02, Trade, 4319824.743, 62, B02, S06, 1
B02, Trade, 4319827.693, 132, B02, S03, 1
B02, Trade, 4319830.193, 119, S01, B02, 1
B02, Trade, 4319836.793, 82, B02, S09, 1
B02, Trade, 4319846.493, 107, B02, S04, 1
B02, Trade, 4319852.743, 64, B02, S00, 1
B02, Trade, 4319856.193, 91, B02, S05, 1
B02, Trade, 4319865.393, 61, B02, S00, 1
B02, Trade, 4319869.893, 112, B02, S06, 1
B02, Trade, 4319881.243, 72, B02, S00, 1
B02, Trade, 4319883.193, 114, B02, S04, 1
B02, Trade, 4319891.093, 60, S05, B02, 1
B02, Trade, 4319900.943, 86, B02, S05, 1
B02, Trade, 4319906.243, 136, B02, S08, 1
B02, Trade, 4319915.293, 67, B02, S05, 1
B02, Trade, 4319917.293, 136, B02, S04, 1
B02, Trade, 4319920.443, 98, B02, S05, 1
B02, Trade, 4319931.243, 111, B02, S08, 1
B02, Trade, 4319937.843, 88, B02, S04, 1
B02, Trade, 4319945.943, 104, B02, S03, 1
B02, Trade, 4319952.793, 125, B02, S05, 1
B02, Trade, 4319954.843, 102, B02, S04, 1
B02, Trade, 4319961.743, 83, S02, B02, 1
B02, Trade, 4319970.443, 62, B02, S06, 1
B02, Trade, 4319980.593, 94, B02, S05, 1
B02, Trade, 4319981.443, 124, B02, S04, 1
B02, Trade, 4319988.593, 114, B02, S01, 1
B02, Trade, 4319995.443, 69, B02, S08, 1
B02, Trade, 4319997.643, 61, S04, B02, 1
B03, 100
B03, Trade, 4319304.293, 121, B03, S03, 1
B03, Trade, 4319317.293, 122, B03, S03, 1
B03, Trade, 4319318.843, 99, B03, S05, 1
B03, Trade, 4319334.893, 127, B03, S01, 1
B03, Trade, 4319336.843, 90, B03, S03, 1
B03, Trade, 4319355.793, 72, S03, B03, 1
B03, Trade, 4319363.343, 118, B03, S03, 1
B03, Trade, 4319366.943, 66, B03, S06, 1
B03, Trade, 4319377.043, 86, B03, S04, 1
B03, Trade, 4319383.393, 64, B03, S00, 1
B03, Trade, 4319387.893, 121, B03, S04, 1
B03, Trade, 4319390.743, 103, B03, S04, 1
B03, Trade, 4319397.843, 87, B03, S08, 1
B03, Trade, 4319407.543, 104, B03, S03, 1
B03, Trade, 4319413.843, 73, S03, B03, 1
B03, Trade, 4319420.343, 120, B03, S04, 1
B03, Trade, 4319423.743, 108, B03, S01, 1
B03, Trade, 4319426.993, 61, S06, B03, 1
B03, Trade, 4319432.193, 117, B03, S03, 1
B03, Trade, 4319439.243, 86, B03, S05, 1
B03, Trade, 4319453.293, 108, B03, S06, 1
B03, Trade, 4319461.543, 111, B03, S07, 1
B03, Trade, 4319467.643, 89, B03, S04, 1
B03, Trade, 4319479.843, 74, B03, S05, 1
B03, Trade, 4319487.443, 131, B03, S03, 1
B03, Trade, 4319502.293, 128, B03, S05, 1
B03, Trade, 4319508.293, 123, B03, S04, 1
B03, Trade, 4319513.343, 98, B03, S06, 1
B03, Trade, 4319526.143, 70, B03, S06, 1
B03, Trade, 4319530.443, 99, B03, S09, 1
B03, Trade, 4319535.243, 120, B03, S03, 1
B03, Trade, 4319541.393, 102, B03, S08, 1
B03, Trade, 4319547.393, 91, B03, S05, 1
B03, Trade, 4319550.243, 72, B03, S03, 1
B03, Trade, 4319557.843, 60, B03, S05, 1
B03, Trade, 4319564.043, 63, S06, B03, 1
B03, Trade, 4319568.493, 132, B03, S08, 1
B03, Trade, 4319573.143, 103, B03, S06, 1
B03, Trade, 4319577.693, 107, B03, S09, 1
B03, Trade, 4319586.693, 84, B03, S06, 1
B03, Trade, 4319589.593, 117, B03, S03, 1
B03, Trade, 4319602.943, 92, S07, B03, 1
B03, Trade, 4319612.643, 61, B03, S05, 1
B03, Trade, 4319615.093, 64, B03, S05, 1
B03, Trade, 4319622.643, 75, B03, S03, 1
B03, Trade, 4319635.643, 133, B03, S00, 1
B03, Trade, 4319638.743, 64, B03, S04, 1
B03, Trade, 4319642.243, 61, B03, S06, 1
B03, Trade, 4319644.593, 120, B03, S05, 1
B03, Trade, 4319660.793, 112, B03, S00, 1
B03, Trade, 4319668.393, 86, B03, S06, 1
B03, Trade, 4319674.043, 133, B03, S08, 1
B03, Trade, 4319684.693, 136, B03, S06, 1
B03, Trade, 4319689.193, 95, B03, S03, 1
B03, Trade, 4319691.593, 116, B03, S00, 1
B03, Trade, 4319700.043, 134, B03, S00, 1
B03, Trade, 4319701.743, 128, B03, S03, 1
B03, Trade, 4319711.843, 73, B03, S09, 1
B03, Trade, 4319716.393, 118, B03, S09, 1
B03, Trade, 4319717.693, 138, B03, S00, 1
B03, Trade, 4319728.443, 120, B03, S09, 1
B03, Trade, 4319735.593, 126, B03, S06, 1
B03, Trade, 4319740.093, 118, B03, S00, 1
B03, Trade, 4319746.493, 127, B03, S07, 1
B03, Trade, 4319748.943, 109, B03, S01, 1
B03, Trade, 4319756.193, 134, B03, S06, 1
B03, Trade, 4319759.993, 60, B03, S00, 1
B03, Trade, 4319765.993, 85, B03, S00, 1
B03, Trade, 4319770.943, 140, B03, S08, 1
B03, Trade, 4319772.643, 140, B03, S05, 1
B03, Trade, 4319778.443, 118, B03, S09, 1
B03, Trade, 4319788.293, 63, B03, S05, 1
B03, Trade, 4319803.093, 114, B03, S06, 1
B03, Trade, 4319804.643, 98, B03, S09, 1
B03, Trade, 4319807.443, 97, B03, S04, 1
B03, Trade, 4319817.543, 89, B03, S03, 1
B03, Trade, 4319831.643, 114, B03, S03, 1
B03, Trade, 4319837.843, 84, B03, S06, 1
B03, Trade, 4319847.943, 107, B03, S05, 1
B03, Trade, 4319857.043, 79, B03, S09, 1
B03, Trade, 4319867.093, 97, B03, S04, 1
B03, Trade, 4319870.693, 109, B03, S08, 1
B03, Trade, 4319883.893, 116, B03, S07, 1
B03, Trade, 4319890.593, 66, B03, S06, 1
B03, Trade, 4319899.443, 98, B03, S07, 1
B03, Trade, 4319902.543, 123, B03, S09, 1
B03, Trade, 4319912.743, 73, B03, S04, 1
B03, Trade, 4319915.093, 69, B03, S06, 1
B03, Trade, 4319923.343, 131, B03, S05, 1
B03, Trade, 4319927.093, 67, B03, S03, 1
B03, Trade, 4319930.743, 129, B03, S09, 1
B03, Trade, 4319939.243, 69, S00, B03, 1
B03, Trade, 4319951.443, 126, B03, S07, 1
B03, Trade, 4319958.143, 131, B03, S07, 1
B03, Trade, 4319959.893, 106, B03, S06, 1
B03, Trade, 4319969.943, 114, B03, S05, 1
B03, Trade, 4319971.143, 63, B03, S04, 1
B03, Trade, 4319977.293, 60, S03, B03, 1
B03, Trade, 4319986.743, 69, B03, S04, 1
B03, Trade, 4319990.693, 105, B03, S00, 1
B04, 100
B04, Trade, 4319316.643, 128, B04, S04, 1
B04, Trade, 4319326.193, 61, B04, S04, 1
B04, Trade, 4319328.393, 118, B04, S09, 1
B04, Trade, 4319334.093, 126, B04, S00, 1
B04, Trade, 4319337.543, 115, B04, S05, 1
B04, Trade, 4319361.743, 140, B04, S08, 1
B04, Trade, 4319363.843, 119, B04, S03, 1
B04, Trade, 4319368.593, 75, B04, S05, 1
B04, Trade, 4319374.393, 110, B04, S03, 1
B04, Trade, 4319377.093, 85, B04, S03, 1
B04, Trade, 4319378.793, 87, B04, S05, 1
B04, Trade, 4319387.593, 123, B04, S08, 1
B04, Trade, 4319390.543, 120, B04, S05, 1
B04, Trade, 4319397.643, 104, B04, S03, 1
B04, Trade, 4319406.293, 136, B04, S01, 1
B04, Trade, 4319414.093, 67, B04, S05, 1
B04, Trade, 4319419.843, 119, B04, S04, 1
B04, Trade, 4319431.993, 117, B04, S06, 1
B04, Trade, 4319433.293, 117, B04, S05, 1
B04, Trade, 4319436.893, 107, B04, S02, 1
B04, Trade, 4319452.543, 113, B04, S00, 1
B04, Trade, 4319455.893, 140, B04, S02, 1
B04, Trade, 4319458.143, 121, B04, S05, 1
B04, Trade, 4319463.993, 119, B04, S01, 1
B04, Trade, 4319470.993, 92, B04, S09, 1
B04, Trade, 4319474.193, 62, B04, S05, 1
B04, Trade, 4319478.193, 73, B04, S00, 1
B04, Trade, 4319487.593, 131, B04, S00, 1
B04, Trade, 4319494.443, 76, B04, S05, 1
B04, Trade, 4319500.193, 63, B04, S04, 1
B04, Trade, 4319509.243, 124, B04, S07, 1
B04, Trade, 4319512.693, 98, B04, S05, 1
B04, Trade, 4319525.643, 72, B04, S08, 1
B04, Trade, 4319530.743, 99, B04, S04, 1
B04, Trade, 4319539.043, 130, B04, S00, 1
B04, Trade, 4319542.743, 126, B04, S06, 1
B04, Trade, 4319543.993, 107, B04, S00, 1
B04, Trade, 4319548.593, 92, B04, S07, 1
B04, Trade, 4319561.743, 68, B04, S04, 1
B04, Trade, 4319581.143, 114, B04, S06, 1
B04, Trade, 4319587.993, 139, B04, S07, 1
B04, Trade, 4319602.593, 70, B04, S04, 1
B04, Trade, 4319603.943, 140, B04, S06, 1
B04, Trade, 4319620.893, 75, B04, S05, 1
B04, Trade, 4319629.143, 62, B04, S00, 1
B04, Trade, 4319635.443, 133, B04, S01, 1
B04, Trade, 4319645.693, 75, B04, S03, 1
B04, Trade, 4319654.993, 61, B04, S04, 1
B04, Trade, 4319656.643, 140, B04, S03, 1
B04, Trade, 4319660.743, 113, B04, S07, 1
B04, Trade, 4319668.843, 88, B04, S09, 1
B04, Trade, 4319682.143, 63, S04, B04, 1
B04, Trade, 4319688.893, 98, B04, S09, 1
B04, Trade, 4319693.693, 70, B04, S03, 1
B04, Trade, 4319700.243, 134, B04, S08, 1
B04, Trade, 4319702.593, 129, B04, S02, 1
B04, Trade, 4319716.193, 62, S08, B04, 1
B04, Trade, 4319717.993, 138, B04, S03, 1
B04, Trade, 4319726.293, 94, B04, S09, 1
B04, Trade, 4319729.043, 120, B04, S04, 1
B04, Trade, 4319735.943, 118, B04, S07, 1
B04, Trade, 4319742.643, 88, B04, S09, 1
B04, Trade, 4319745.443, 125, B04, S02, 1
B04, Trade, 4319748.393, 110, B04, S05, 1
B04, Trade, 4319755.093, 140, B04, S07, 1
B04, Trade, 4319758.043, 104, B04, S02, 1
B04, Trade, 4319763.993, 133, B04, S09, 1
B04, Trade, 4319768.443, 138, B04, S07, 1
B04, Trade, 4319778.693, 117, B04, S07, 1
B04, Trade, 4319784.543, 63, B04, S04, 1
B04, Trade, 4319798.043, 61, S03, B04, 1
B04, Trade, 4319804.593, 99, B04, S05, 1
B04, Trade, 4319812.243, 140, B04, S03, 1
B04, Trade, 4319817.443, 91, B04, S05, 1
B04, Trade, 4319829.443, 112, B04, S00, 1
B04, Trade, 4319831.393, 133, B04, S02, 1
B04, Trade, 4319838.493, 84, B04, S00, 1
B04, Trade, 4319843.693, 83, B04, S09, 1
B04, Trade, 4319847.843, 117, B04, S02, 1
B04, Trade, 4319855.143, 91, B04, S07, 1
B04, Trade, 4319864.593, 60, S03, B04, 1
B04, Trade, 4319870.143, 111, B04, S07, 1
B04, Trade, 4319883.443, 113, B04, S03, 1
B04, Trade, 4319888.543, 64, B04, S09, 1
B04, Trade, 4319892.693, 107, B04, S09, 1
B04, Trade, 4319899.393, 102, B04, S03, 1
B04, Trade, 4319904.343, 80, B04, S04, 1
B04, Trade, 4319907.043, 139, B04, S06, 1
B04, Trade, 4319912.893, 71, B04, S06, 1
B04, Trade, 4319920.243, 112, B04, S00, 1
B04, Trade, 4319924.193, 133, B04, S01, 1
B04, Trade, 4319929.443, 113, B04, S00, 1
B04, Trade, 4319943.343, 76, B04, S06, 1
B04, Trade, 4319948.243, 111, B04, S04, 1
B04, Trade, 4319951.993, 126, B04, S08, 1
B04, Trade, 4319957.193, 130, B04, S04, 1
B04, Trade, 4319963.143, 126, B04, S00, 1
B04, Trade, 4319971.293, 62, B04, S09, 1
B04, Trade, 4319986.243, 69, B04, S05, 1
B04, Trade, 4319990.443, 110, B04, S02, 1
B05, 100
B05, Trade, 4319283.393, 62, S06, B05, 1
B05, Trade, 4319290.543, 89, B05, S06, 1
B05, Trade, 4319294.543, 107, B05, S09, 1
B05, Trade, 4319309.993, 130, B05, S05, 1
B05, Trade, 4319326.443, 62, S00, B05, 1
B05, Trade, 4319332.143, 60, S02, B05, 1
B05, Trade, 4319340.643, 60, S04, B05, 1
B05, Trade, 4319343.043, 111, B05, S00, 1
B05, Trade, 4319349.543, 61, S00, B05, 1
B05, Trade, 4319359.343, 107, B05, S06, 1
B05, Trade, 4319368.393, 77, S07, B05, 1
B05, Trade, 4319384.493, 114, S01, B05, 1
B05, Trade, 4319388.693, 120, B05, S03, 1
B05, Trade, 4319411.993, 88, S08, B05, 1
B05, Trade, 4319413.943, 72, B05, S06, 1
B05, Trade, 4319415.443, 62, S06, B05, 1
B05, Trade, 4319427.593, 61, S04, B05, 1
B05, Trade, 4319434.493, 112, B05, S00, 1
B05, Trade, 4319441.943, 101, B05, S00, 1
B05, Trade, 4319450.793, 109, S07, B05, 1
B05, Trade, 4319455.643, 140, B05, S03, 1
B05, Trade, 4319458.343, 120, B05, S06, 1
B05, Trade, 4319469.043, 88, B05, S09, 1
B05, Trade, 4319482.043, 72, S06, B05, 1
B05, Trade, 4319489.793, 61, S05, B05, 1
B05, Trade, 4319493.993, 80, S06, B05, 1
B05, Trade, 4319498.293, 71, S07, B05, 1
B05, Trade, 4319505.943, 69, S03, B05, 1
B05, Trade, 4319510.243, 98, B05, S02, 1
B05, Trade, 4319521.593, 62, S05, B05, 1
B05, Trade, 4319522.543, 129, S07, B05, 1
B05, Trade, 4319533.293, 122, B05, S05, 1
B05, Trade, 4319541.743, 82, B05, S05, 1
B05, Trade, 4319544.743, 140, B05, S02, 1
B05, Trade, 4319548.093, 134, B05, S05, 1
B05, Trade, 4319556.593, 60, S04, B05, 1
B05, Trade, 4319560.543, 87, S07, B05, 1
B05, Trade, 4319565.943, 112, B05, S02, 1
B05, Trade, 4319571.993, 113, S09, B05, 1
B05, Trade, 4319576.793, 72, B05, S03, 1
B05, Trade, 4319581.793, 63, S09, B05, 1
B05, Trade, 4319585.593, 72, S05, B05, 1
B05, Trade, 4319594.093, 67, S05, B05, 1
B05, Trade, 4319608.593, 75, S09, B05, 1
B05, Trade, 4319610.493, 67, S03, B05, 1
B05, Trade, 4319613.443, 60, S00, B05, 1
B05, Trade, 4319621.843, 83, B05, S02, 1
B05, Trade, 4319625.943, 87, S03, B05, 1
B05, Trade, 4319628.793, 61, S05, B05, 1
B05, Trade, 4319640.593, 60, S03, B05, 1
B05, Trade, 4319641.593, 112, S09, B05, 1
B05, Trade, 4319648.093, 117, B05, S04, 1
B05, Trade, 4319655.593, 67, S05, B05, 1
B05, Trade, 4319657.793, 126, B05, S09, 1
B05, Trade, 4319662.843, 68, S06, B05, 1
B05, Trade, 4319669.643, 126, B05, S00, 1
B05, Trade, 4319676.843, 91, S09, B05, 1
B05, Trade, 4319683.693, 113, S08, B05, 1
B05, Trade, 4319691.793, 114, B05, S02, 1
B05, Trade, 4319694.493, 102, B05, S08, 1
B05, Trade, 4319712.593, 105, S07, B05, 1
B05, Trade, 4319716.043, 115, S02, B05, 1
B05, Trade, 4319720.893, 97, S08, B05, 1
B05, Trade, 4319725.143, 134, B05, S07, 1
B05, Trade, 4319727.493, 131, B05, S05, 1
B05, Trade, 4319733.443, 113, B05, S08, 1
B05, Trade, 4319741.943, 106, B05, S06, 1
B05, Trade, 4319742.943, 124, S08, B05, 1
B05, Trade, 4319756.843, 130, B05, S00, 1
B05, Trade, 4319764.893, 111, B05, S04, 1
B05, Trade, 4319768.593, 137, B05, S04, 1
B05, Trade, 4319774.093, 131, B05, S05, 1
B05, Trade, 4319776.793, 120, B05, S02, 1
B05, Trade, 4319787.293, 62, S00, B05, 1
B05, Trade, 4319797.043, 88, S09, B05, 1
B05, Trade, 4319801.743, 70, S02, B05, 1
B05, Trade, 4319806.293, 128, S02, B05, 1
B05, Trade, 4319813.543, 130, S08, B05, 1
B05, Trade, 4319824.143, 61, S00, B05, 1
B05, Trade, 4319831.843, 132, B05, S01, 1
B05, Trade, 4319842.493, 63, S03, B05, 1
B05, Trade, 4319848.293, 106, B05, S07, 1
B05, Trade, 4319859.093, 92, B05, S02, 1
B05, Trade, 4319867.693, 86, S07, B05, 1
B05, Trade, 4319873.993, 87, B05, S03, 1
B05, Trade, 4319888.893, 132, B05, S02, 1
B05, Trade, 4319894.543, 64, S08, B05, 1
B05, Trade, 4319897.643, 109, B05, S00, 1
B05, Trade, 4319912.343, 129, B05, S00, 1
B05, Trade, 4319922.543, 103, B05, S04, 1
B05, Trade, 4319934.243, 69, S02, B05, 1
B05, Trade, 4319941.793, 64, S04, B05, 1
B05, Trade, 4319947.193, 130, B05, S02, 1
B05, Trade, 4319964.193, 80, B05, S05, 1
B05, Trade, 4319968.293, 63, S03, B05, 1
B05, Trade, 4319977.043, 60, S04, B05, 1
B05, Trade, 4319980.693, 70, B05, S08, 1
B05, Trade, 4319984.343, 63, S08, B05, 1
B05, Trade, 4319986.693, 71, S03, B05, 1
B05, Trade, 4319995.693, 91, B05, S09, 1
B06, 100
B06, Trade, 4319437.943, 107, B06, S04, 1
B06, Trade, 4319444.943, 63, S06, B06, 1
B06, Trade, 4319449.393, 62, S06, B06, 1
B06, Trade, 4319454.993, 111, B06, S08, 1
B06, Trade, 4319460.043, 120, B06, S00, 1
B06, Trade, 4319463.693, 130, B06, S07, 1
B06, Trade, 4319470.943, 140, B06, S04, 1
B06, Trade, 4319474.793, 64, S03, B06, 1
B06, Trade, 4319479.543, 108, B06, S09, 1
B06, Trade, 4319484.993, 128, B06, S04, 1
B06, Trade, 4319487.743, 130, B06, S04, 1
B06, Trade, 4319494.593, 95, S01, B06, 1
B06, Trade, 4319503.093, 82, S09, B06, 1
B06, Trade, 4319512.143, 129, B06, S09, 1
B06, Trade, 4319517.493, 107, B06, S03, 1
B06, Trade, 4319521.743, 112, B06, S08, 1
B06, Trade, 4319527.443, 62, S03, B06, 1
B06, Trade, 4319533.643, 111, B06, S07, 1
B06, Trade, 4319539.843, 108, B06, S09, 1
B06, Trade, 4319543.693, 123, B06, S07, 1
B06, Trade, 4319551.143, 126, S09, B06, 1
B06, Trade, 4319552.493, 118, B06, S01, 1
B06, Trade, 4319560.243, 61, S06, B06, 1
B06, Trade, 4319568.793, 131, B06, S03, 1
B06, Trade, 4319571.493, 80, S04, B06, 1
B06, Trade, 4319576.993, 124, B06, S04, 1
B06, Trade, 4319577.793, 132, S08, B06, 1
B06, Trade, 4319589.893, 129, B06, S09, 1
B06, Trade, 4319594.993, 79, S09, B06, 1
B06, Trade, 4319604.043, 119, B06, S04, 1
B06, Trade, 4319607.543, 65, S03, B06, 1
B06, Trade, 4319613.543, 61, S07, B06, 1
B06, Trade, 4319619.993, 60, S00, B06, 1
B06, Trade, 4319624.593, 64, S04, B06, 1
B06, Trade, 4319635.693, 132, B06, S02, 1
B06, Trade, 4319644.893, 119, B06, S09, 1
B06, Trade, 4319653.193, 61, S03, B06, 1
B06, Trade, 4319658.243, 110, B06, S00, 1
B06, Trade, 4319660.993, 108, B06, S02, 1
B06, Trade, 4319666.693, 89, S03, B06, 1
B06, Trade, 4319674.193, 132, B06, S02, 1
B06, Trade, 4319679.443, 108, B06, S04, 1
B06, Trade, 4319683.293, 65, S09, B06, 1
B06, Trade, 4319685.793, 61, S03, B06, 1
B06, Trade, 4319696.243, 108, B06, S09, 1
B06, Trade, 4319698.493, 134, S07, B06, 1
B06, Trade, 4319702.643, 127, B06, S08, 1
B06, Trade, 4319709.093, 81, S02, B06, 1
B06, Trade, 4319712.443, 67, S06, B06, 1
B06, Trade, 4319720.243, 102, B06, S03, 1
B06, Trade, 4319723.043, 127, B06, S00, 1
B06, Trade, 4319730.693, 135, B06, S00, 1
B06, Trade, 4319738.693, 137, B06, S09, 1
B06, Trade, 4319744.593, 123, B06, S03, 1
B06, Trade, 4319751.293, 110, S01, B06, 1
B06, Trade, 4319755.493, 124, B06, S08, 1
B06, Trade, 4319764.643, 126, B06, S08, 1
B06, Trade, 4319771.743, 140, B06, S06, 1
B06, Trade, 4319780.293, 110, B06, S09, 1
B06, Trade, 4319783.143, 109, B06, S05, 1
B06, Trade, 4319788.893, 121, S08, B06, 1
B06, Trade, 4319796.693, 100, S02, B06, 1
B06, Trade, 4319800.093, 138, B06, S08, 1
B06, Trade, 4319804.893, 75, S00, B06, 1
B06, Trade, 4319813.143, 123, B06, S09, 1
B06, Trade, 4319822.193, 61, S03, B06, 1
B06, Trade, 4319827.043, 107, S02, B06, 1
B06, Trade, 4319832.343, 89, B06, S07, 1
B06, Trade, 4319834.993, 65, S09, B06, 1
B06, Trade, 4319844.193, 134, B06, S06, 1
B06, Trade, 4319849.293, 68, S05, B06, 1
B06, Trade, 4319854.443, 101, B06, S00, 1
B06, Trade, 4319860.543, 63, S05, B06, 1
B06, Trade, 4319865.093, 62, S06, B06, 1
B06, Trade, 4319873.493, 109, B06, S04, 1
B06, Trade, 4319877.843, 71, S09, B06, 1
B06, Trade, 4319883.943, 112, B06, S02, 1
B06, Trade, 4319887.293, 138, B06, S06, 1
B06, Trade, 4319891.593, 125, B06, S04, 1
B06, Trade, 4319894.893, 80, S03, B06, 1
B06, Trade, 4319903.343, 122, B06, S08, 1
B06, Trade, 4319907.793, 124, B06, S01, 1
B06, Trade, 4319910.343, 71, S03, B06, 1
B06, Trade, 4319918.443, 118, B06, S08, 1
B06, Trade, 4319921.993, 116, S09, B06, 1
B06, Trade, 4319926.693, 119, B06, S04, 1
B06, Trade, 4319931.143, 128, B06, S05, 1
B06, Trade, 4319939.643, 138, B06, S08, 1
B06, Trade, 4319943.643, 75, B06, S09, 1
B06, Trade, 4319950.093, 129, B06, S05, 1
B06, Trade, 4319954.293, 123, B06, S06, 1
B06, Trade, 4319960.043, 133, S08, B06, 1
B06, Trade, 4319964.043, 121, B06, S07, 1
B06, Trade, 4319966.243, 61, S06, B06, 1
B06, Trade, 4319971.593, 65, S00, B06, 1
B06, Trade, 4319979.443, 70, S00, B06, 1
B06, Trade, 4319984.143, 62, S00, B06, 1
B06, Trade, 4319987.493, 80, S07, B06, 1
B06, Trade, 4319994.043, 62, S00, B06, 1
B06, Trade, 4319998.093, 117, S02, B06, 1
B07, 100
B07, Trade, 4319295.643, 104, B07, S06, 1
B07, Trade, 4319299.043, 114, B07, S09, 1
B07, Trade, 4319308.693, 83, S07, B07, 1
B07, Trade, 4319317.443, 90, B07, S00, 1
B07, Trade, 4319321.893, 120, B07, S07, 1
B07, Trade, 4319326.793, 64, B07, S06, 1
B07, Trade, 4319335.593, 110, B07, S09, 1
B07, Trade, 4319340.293, 65, S02, B07, 1
B07, Trade, 4319347.193, 63, S06, B07, 1
B07, Trade, 4319354.293, 65, B07, S06, 1
B07, Trade, 4319357.093, 78, B07, S02, 1
B07, Trade, 4319364.343, 118, B07, S07, 1
B07, Trade, 4319369.043, 71, B07, S06, 1
B07, Trade, 4319370.843, 70, B07, S09, 1
B07, Trade, 4319379.793, 104, B07, S03, 1
B07, Trade, 4319391.993, 102, B07, S00, 1
B07, Trade, 4319398.043, 86, B07, S05, 1
B07, Trade, 4319404.793, 61, S06, B07, 1
B07, Trade, 4319415.893, 79, S09, B07, 1
B07, Trade, 4319422.793, 113, B07, S06, 1
B07, Trade, 4319429.393, 64, B07, S05, 1
B07, Trade, 4319434.743, 97, B07, S06, 1
B07, Trade, 4319439.593, 75, B07, S09, 1
B07, Trade, 4319443.093, 82, B07, S04, 1
B07, Trade, 4319449.543, 63, S04, B07, 1
B07, Trade, 4319453.993, 100, B07, S05, 1
B07, Trade, 4319456.143, 120, B07, S09, 1
B07, Trade, 4319462.643, 102, B07, S06, 1
B07, Trade, 4319479.693, 90, B07, S04, 1
B07, Trade, 4319484.693, 110, B07, S00, 1
B07, Trade, 4319498.693, 69, B07, S00, 1
B07, Trade, 4319509.743, 107, B07, S05, 1
B07, Trade, 4319520.343, 65, S06, B07, 1
B07, Trade, 4319526.243, 61, B07, S00, 1
B07, Trade, 4319535.993, 93, B07, S06, 1
B07, Trade, 4319539.193, 116, B07, S04, 1
B07, Trade, 4319546.293, 94, B07, S04, 1
B07, Trade, 4319551.943, 70, S06, B07, 1
B07, Trade, 4319562.993, 100, B07, S07, 1
B07, Trade, 4319570.443, 103, B07, S00, 1
B07, Trade, 4319584.943, 103, B07, S03, 1
B07, Trade, 4319589.993, 93, B07, S08, 1
B07, Trade, 4319591.493, 104, B07, S04, 1
B07, Trade, 4319601.443, 68, S00, B07, 1
B07, Trade, 4319611.293, 60, S02, B07, 1
B07, Trade, 4319618.093, 100, B07, S06, 1
B07, Trade, 4319632.393, 76, B07, S08, 1
B07, Trade, 4319648.793, 132, B07, S06, 1
B07, Trade, 4319652.793, 72, S08, B07, 1
B07, Trade, 4319655.543, 63, S09, B07, 1
B07, Trade, 4319670.043, 124, B07, S04, 1
B07, Trade, 4319674.493, 101, B07, S00, 1
B07, Trade, 4319675.393, 60, S00, B07, 1
B07, Trade, 4319682.193, 64, S00, B07, 1
B07, Trade, 4319695.343, 69, B07, S04, 1
B07, Trade, 4319698.643, 67, B07, S05, 1
B07, Trade, 4319705.443, 107, B07, S02, 1
B07, Trade, 4319708.993, 65, B07, S06, 1
B07, Trade, 4319725.443, 99, B07, S05, 1
B07, Trade, 4319736.493, 99, B07, S06, 1
B07, Trade, 4319740.643, 102, B07, S05, 1
B07, Trade, 4319749.643, 108, B07, S09, 1
B07, Trade, 4319760.743, 102, B07, S03, 1
B07, Trade, 4319766.043, 83, B07, S06, 1
B07, Trade, 4319773.393, 85, B07, S04, 1
B07, Trade, 4319782.443, 78, B07, S09, 1
B07, Trade, 4319790.843, 107, B07, S06, 1
B07, Trade, 4319796.543, 63, S06, B07, 1
B07, Trade, 4319800.493, 98, B07, S09, 1
B07, Trade, 4319813.743, 101, B07, S07, 1
B07, Trade, 4319822.743, 62, S04, B07, 1
B07, Trade, 4319825.643, 68, S09, B07, 1
B07, Trade, 4319838.743, 132, B07, S02, 1
B07, Trade, 4319843.793, 77, B07, S07, 1
B07, Trade, 4319846.243, 68, S00, B07, 1
B07, Trade, 4319857.393, 77, B07, S04, 1
B07, Trade, 4319862.893, 62, S06, B07, 1
B07, Trade, 4319867.643, 78, B07, S03, 1
B07, Trade, 4319873.543, 108, B07, S01, 1
B07, Trade, 4319879.643, 73, B07, S06, 1
B07, Trade, 4319884.193, 99, B07, S05, 1
B07, Trade, 4319896.093, 64, S05, B07, 1
B07, Trade, 4319898.493, 99, B07, S09, 1
B07, Trade, 4319901.293, 84, B07, S06, 1
B07, Trade, 4319907.593, 115, B07, S02, 1
B07, Trade, 4319913.793, 70, B07, S02, 1
B07, Trade, 4319918.843, 101, B07, S03, 1
B07, Trade, 4319920.293, 111, B07, S07, 1
B07, Trade, 4319926.793, 115, B07, S06, 1
B07, Trade, 4319937.643, 91, B07, S05, 1
B07, Trade, 4319943.993, 67, B07, S05, 1
B07, Trade, 4319946.293, 89, B07, S09, 1
B07, Trade, 4319955.243, 101, B07, S02, 1
B07, Trade, 4319958.493, 99, B07, S05, 1
B07, Trade, 4319964.593, 89, B07, S03, 1
B07, Trade, 4319966.893, 62, S00, B07, 1
B07, Trade, 4319973.693, 94, B07, S07, 1
B07, Trade, 4319980.243, 60, B07, S06, 1
B07, Trade, 4319990.793, 104, B07, S04, 1
B07, Trade, 4319997.143, 61, S05, B07, 1
B08, 100
B08, Trade, 4319274.793, 94, B08, S09, 1
B08, Trade, 4319284.093, 62, S04, B08, 1
B08, Trade, 4319289.043, 73, S02, B08, 1
B08, Trade, 4319301.293, 134, S08, B08, 1
B08, Trade, 4319307.043, 60, S06, B08, 1
B08, Trade, 4319312.843, 130, B08, S02, 1
B08, Trade, 4319315.493, 138, B08, S07, 1
B08, Trade, 4319320.643, 80, B08, S09, 1
B08, Trade, 4319328.643, 82, B08, S05, 1
B08, Trade, 4319336.093, 126, B08, S08, 1
B08, Trade, 4319341.993, 66, S07, B08, 1
B08, Trade, 4319344.693, 70, S09, B08, 1
B08, Trade, 4319351.843, 62, S03, B08, 1
B08, Trade, 4319360.043, 66, S05, B08, 1
B08, Trade, 4319369.743, 82, B08, S00, 1
B08, Trade, 4319372.443, 69, S05, B08, 1
B08, Trade, 4319378.493, 98, B08, S07, 1
B08, Trade, 4319382.593, 62, S04, B08, 1
B08, Trade, 4319393.193, 82, S07, B08, 1
B08, Trade, 4319400.243, 60, S00, B08, 1
B08, Trade, 4319409.393, 72, S09, B08, 1
B08, Trade, 4319420.443, 119, B08, S02, 1
B08, Trade, 4319427.243, 61, S00, B08, 1
B08, Trade, 4319450.493, 60, S00, B08, 1
B08, Trade, 4319462.043, 121, B08, S03, 1
B08, Trade, 4319464.743, 82, S03, B08, 1
B08, Trade, 4319470.493, 114, B08, S06, 1
B08, Trade, 4319476.243, 104, B08, S07, 1
B08, Trade, 4319488.043, 132, B08, S03, 1
B08, Trade, 4319491.593, 63, S03, B08, 1
B08, Trade, 4319499.643, 71, S09, B08, 1
B08, Trade, 4319503.843, 60, S06, B08, 1
B08, Trade, 4319515.443, 74, B08, S00, 1
B08, Trade, 4319517.893, 92, B08, S02, 1
B08, Trade, 4319526.793, 69, S05, B08, 1
B08, Trade, 4319531.643, 128, B08, S04, 1
B08, Trade, 4319533.493, 124, B08, S08, 1
B08, Trade, 4319550.793, 104, S02, B08, 1
B08, Trade, 4319557.893, 64, S02, B08, 1
B08, Trade, 4319567.193, 73, S09, B08, 1
B08, Trade, 4319574.393, 85, B08, S00, 1
B08, Trade, 4319582.743, 72, S04, B08, 1
B08, Trade, 4319591.443, 125, B08, S07, 1
B08, Trade, 4319598.643, 63, S02, B08, 1
B08, Trade, 4319601.043, 67, S05, B08, 1
B08, Trade, 4319608.393, 69, S06, B08, 1
B08, Trade, 4319615.543, 67, S04, B08, 1
B08, Trade, 4319621.493, 79, S08, B08, 1
B08, Trade, 4319625.793, 60, S00, B08, 1
B08, Trade, 4319634.743, 63, S05, B08, 1
B08, Trade, 4319639.893, 120, B08, S06, 1
B08, Trade, 4319641.193, 70, S00, B08, 1
B08, Trade, 4319647.843, 131, B08, S05, 1
B08, Trade, 4319652.843, 103, S02, B08, 1
B08, Trade, 4319658.793, 93, S02, B08, 1
B08, Trade, 4319663.393, 70, S04, B08, 1
B08, Trade, 4319672.643, 61, S04, B08, 1
B08, Trade, 4319676.443, 61, S05, B08, 1
B08, Trade, 4319682.893, 69, S05, B08, 1
B08, Trade, 4319693.943, 105, S02, B08, 1
B08, Trade, 4319697.843, 82, B08, S04, 1
B08, Trade, 4319704.693, 127, B08, S04, 1
B08, Trade, 4319707.043, 69, S04, B08, 1
B08, Trade, 4319712.843, 65, B08, S03, 1
B08, Trade, 4319726.243, 106, B08, S02, 1
B08, Trade, 4319729.543, 121, S08, B08, 1
B08, Trade, 4319732.443, 114, B08, S03, 1
B08, Trade, 4319744.443, 125, B08, S00, 1
B08, Trade, 4319752.743, 128, B08, S01, 1
B08, Trade, 4319756.493, 133, B08, S05, 1
B08, Trade, 4319760.693, 114, B08, S05, 1
B08, Trade, 4319773.243, 96, B08, S09, 1
B08, Trade, 4319786.243, 66, S03, B08, 1
B08, Trade, 4319793.393, 61, S04, B08, 1
B08, Trade, 4319807.943, 128, B08, S08, 1
B08, Trade, 4319814.643, 135, B08, S09, 1
B08, Trade, 4319816.293, 93, B08, S04, 1
B08, Trade, 4319820.993, 61, S05, B08, 1
B08, Trade, 4319824.493, 65, S07, B08, 1
B08, Trade, 4319834.243, 62, S03, B08, 1
B08, Trade, 4319842.243, 73, S08, B08, 1
B08, Trade, 4319848.543, 79, B08, S04, 1
B08, Trade, 4319849.493, 105, B08, S06, 1
B08, Trade, 4319862.693, 61, S00, B08, 1
B08, Trade, 4319865.993, 69, S02, B08, 1
B08, Trade, 4319877.043, 69, S03, B08, 1
B08, Trade, 4319878.443, 66, S02, B08, 1
B08, Trade, 4319885.793, 61, S00, B08, 1
B08, Trade, 4319897.943, 118, S08, B08, 1
B08, Trade, 4319923.743, 133, B08, S06, 1
B08, Trade, 4319931.743, 75, B08, S06, 1
B08, Trade, 4319938.493, 80, B08, S09, 1
B08, Trade, 4319939.393, 124, B08, S06, 1
B08, Trade, 4319945.643, 127, B08, S00, 1
B08, Trade, 4319956.443, 66, S09, B08, 1
B08, Trade, 4319964.793, 69, B08, S04, 1
B08, Trade, 4319973.443, 96, S01, B08, 1
B08, Trade, 4319974.393, 64, S03, B08, 1
B08, Trade, 4319976.343, 85, S08, B08, 1
B08, Trade, 4319999.193, 116, B08, S03, 1
B09, 100
B09, Trade, 4319345.793, 118, B09, S04, 1
B09, Trade, 4319350.443, 122, B09, S05, 1
B09, Trade, 4319357.643, 76, B09, S00, 1
B09, Trade, 4319359.143, 116, B09, S00, 1
B09, Trade, 4319366.143, 94, S08, B09, 1
B09, Trade, 4319384.893, 124, B09, S06, 1
B09, Trade, 4319389.043, 137, B09, S07, 1
B09, Trade, 4319392.643, 73, S08, B09, 1
B09, Trade, 4319399.593, 69, S04, B09, 1
B09, Trade, 4319402.843, 62, S05, B09, 1
B09, Trade, 4319405.293, 69, S09, B09, 1
B09, Trade, 4319415.693, 63, S00, B09, 1
B09, Trade, 4319422.993, 127, B09, S07, 1
B09, Trade, 4319425.843, 61, S05, B09, 1
B09, Trade, 4319430.393, 114, B09, S08, 1
B09, Trade, 4319441.093, 89, B09, S03, 1
B09, Trade, 4319442.693, 127, B09, S01, 1
B09, Trade, 4319448.443, 133, S09, B09, 1
B09, Trade, 4319457.093, 133, B09, S07, 1
B09, Trade, 4319464.093, 61, S05, B09, 1
B09, Trade, 4319473.443, 62, S04, B09, 1
B09, Trade, 4319478.893, 96, B09, S06, 1
B09, Trade, 4319490.343, 89, S08, B09, 1
B09, Trade, 4319495.443, 137, B09, S02, 1
B09, Trade, 4319501.043, 124, B09, S06, 1
B09, Trade, 4319504.243, 100, B09, S00, 1
B09, Trade, 4319509.793, 106, B09, S06, 1
B09, Trade, 4319513.843, 131, B09, S04, 1
B09, Trade, 4319519.243, 116, B09, S09, 1
B09, Trade, 4319524.443, 86, S09, B09, 1
B09, Trade, 4319529.843, 65, S06, B09, 1
B09, Trade, 4319536.593, 73, S07, B09, 1
B09, Trade, 4319540.243, 118, S02, B09, 1
B09, Trade, 4319544.993, 81, B09, S03, 1
B09, Trade, 4319549.993, 77, B09, S04, 1
B09, Trade, 4319558.243, 137, B09, S09, 1
B09, Trade, 4319562.843, 128, S08, B09, 1
B09, Trade, 4319569.743, 140, S07, B09, 1
B09, Trade, 4319579.393, 130, B09, S03, 1
B09, Trade, 4319584.393, 126, B09, S00, 1
B09, Trade, 4319588.543, 108, B09, S05, 1
B09, Trade, 4319594.693, 70, S07, B09, 1
B09, Trade, 4319604.493, 90, B09, S07, 1
B09, Trade, 4319612.393, 60, S04, B09, 1
B09, Trade, 4319624.143, 112, B09, S09, 1
B09, Trade, 4319631.193, 65, S03, B09, 1
B09, Trade, 4319639.443, 68, B09, S02, 1
B09, Trade, 4319647.793, 138, B09, S08, 1
B09, Trade, 4319651.593, 75, S05, B09, 1
B09, Trade, 4319663.193, 68, S03, B09, 1
B09, Trade, 4319663.593, 79, S08, B09, 1
B09, Trade, 4319667.743, 103, S02, B09, 1
B09, Trade, 4319671.943, 112, B09, S06, 1
B09, Trade, 4319678.993, 73, S03, B09, 1
B09, Trade, 4319685.243, 135, B09, S02, 1
B09, Trade, 4319690.243, 137, B09, S05, 1
B09, Trade, 4319704.343, 131, B09, S00, 1
B09, Trade, 4319715.993, 64, S00, B09, 1
B09, Trade, 4319721.943, 121, B09, S02, 1
B09, Trade, 4319732.543, 112, B09, S04, 1
B09, Trade, 4319738.593, 140, B09, S02, 1
B09, Trade, 4319750.893, 67, S04, B09, 1
B09, Trade, 4319759.593, 62, B09, S04, 1
B09, Trade, 4319767.193, 118, B09, S03, 1
B09, Trade, 4319777.043, 132, B09, S07, 1
B09, Trade, 4319784.143, 64, S04, B09, 1
B09, Trade, 4319791.443, 86, S09, B09, 1
B09, Trade, 4319795.793, 60, S00, B09, 1
B09, Trade, 4319808.243, 115, B09, S07, 1
B09, Trade, 4319814.093, 61, S06, B09, 1
B09, Trade, 4319824.643, 73, S05, B09, 1
B09, Trade, 4319827.843, 112, B09, S04, 1
B09, Trade, 4319834.643, 61, S06, B09, 1
B09, Trade, 4319836.843, 86, S08, B09, 1
B09, Trade, 4319839.893, 137, B09, S09, 1
B09, Trade, 4319844.993, 87, B09, S08, 1
B09, Trade, 4319852.493, 128, B09, S01, 1
B09, Trade, 4319860.643, 65, S04, B09, 1
B09, Trade, 4319867.243, 95, B09, S05, 1
B09, Trade, 4319872.543, 110, B09, S05, 1
B09, Trade, 4319876.343, 65, S00, B09, 1
B09, Trade, 4319880.993, 80, S09, B09, 1
B09, Trade, 4319890.443, 67, S07, B09, 1
B09, Trade, 4319894.443, 60, S00, B09, 1
B09, Trade, 4319897.093, 82, B09, S02, 1
B09, Trade, 4319902.193, 63, S04, B09, 1
B09, Trade, 4319907.193, 119, B09, S09, 1
B09, Trade, 4319918.143, 135, B09, S00, 1
B09, Trade, 4319919.593, 137, S02, B09, 1
B09, Trade, 4319924.343, 87, B09, S08, 1
B09, Trade, 4319926.743, 127, S02, B09, 1
B09, Trade, 4319932.443, 60, S03, B09, 1
B09, Trade, 4319937.543, 134, B09, S09, 1
B09, Trade, 4319940.643, 62, S00, B09, 1
B09, Trade, 4319955.343, 76, B09, S03, 1
B09, Trade, 4319958.593, 92, B09, S00, 1
B09, Trade, 4319975.643, 70, S09, B09, 1
B09, Trade, 4319982.193, 124, B09, S02, 1
B09, Trade, 4319990.093, 133, B09, S09, 1
B09, Trade, 4319992.043, 122, B09, S03, 1
S00, 100
S00, Trade, 4319421.943, 122, B02, S00, 1
S00, Trade, 4319427.243, 61, S00, B08, 1
S00, Trade, 4319434.493, 112, B05, S00, 1
S00, Trade, 4319437.143, 62, B02, S00, 1
S00, Trade, 4319441.943, 101, B05, S00, 1
S00, Trade, 4319450.493, 60, S00, B08, 1
S00, Trade, 4319452.543, 113, B04, S00, 1
S00, Trade, 4319460.043, 120, B06, S00, 1
S00, Trade, 4319461.793, 110, B00, S00, 1
S00, Trade, 4319469.893, 91, B01, S00, 1
S00, Trade, 4319472.393, 109, B00, S00, 1
S00, Trade, 4319478.193, 73, B04, S00, 1
S00, Trade, 4319484.693, 110, B07, S00, 1
S00, Trade, 4319487.593, 131, B04, S00, 1
S00, Trade, 4319498.693, 69, B07, S00, 1
S00, Trade, 4319504.243, 100, B09, S00, 1
S00, Trade, 4319509.193, 127, B02, S00, 1
S00, Trade, 4319515.443, 74, B08, S00, 1
S00, Trade, 4319526.243, 61, B07, S00, 1
S00, Trade, 4319535.393, 123, B01, S00, 1
S00, Trade, 4319539.043, 130, B04, S00, 1
S00, Trade, 4319543.993, 107, B04, S00, 1
S00, Trade, 4319548.843, 79, B00, S00, 1
S00, Trade, 4319555.743, 61, S00, B00, 1
S00, Trade, 4319560.443, 69, S00, B00, 1
S00, Trade, 4319565.443, 65, S00, B02, 1
S00, Trade, 4319570.443, 103, B07, S00, 1
S00, Trade, 4319574.393, 85, B08, S00, 1
S00, Trade, 4319584.393, 126, B09, S00, 1
S00, Trade, 4319584.793, 104, B02, S00, 1
S00, Trade, 4319593.393, 125, B02, S00, 1
S00, Trade, 4319601.443, 68, S00, B07, 1
S00, Trade, 4319607.093, 62, S00, B00, 1
S00, Trade, 4319613.443, 60, S00, B05, 1
S00, Trade, 4319615.293, 66, S00, B00, 1
S00, Trade, 4319619.993, 60, S00, B06, 1
S00, Trade, 4319625.793, 60, S00, B08, 1
S00, Trade, 4319629.143, 62, B04, S00, 1
S00, Trade, 4319635.643, 133, B03, S00, 1
S00, Trade, 4319641.193, 70, S00, B08, 1
S00, Trade, 4319649.243, 126, B02, S00, 1
S00, Trade, 4319654.843, 62, B02, S00, 1
S00, Trade, 4319658.243, 110, B06, S00, 1
S00, Trade, 4319660.793, 112, B03, S00, 1
S00, Trade, 4319669.643, 126, B05, S00, 1
S00, Trade, 4319674.493, 101, B07, S00, 1
S00, Trade, 4319675.393, 60, S00, B07, 1
S00, Trade, 4319682.193, 64, S00, B07, 1
S00, Trade, 4319685.543, 104, B01, S00, 1
S00, Trade, 4319691.593, 116, B03, S00, 1
S00, Trade, 4319700.043, 134, B03, S00, 1
S00, Trade, 4319704.343, 131, B09, S00, 1
S00, Trade, 4319709.043, 66, S00, B01, 1
S00, Trade, 4319715.993, 64, S00, B09, 1
S00, Trade, 4319717.693, 138, B03, S00, 1
S00, Trade, 4319723.043, 127, B06, S00, 1
S00, Trade, 4319730.693, 135, B06, S00, 1
S00, Trade, 4319740.093, 118, B03, S00, 1
S00, Trade, 4319744.443, 125, B08, S00, 1
S00, Trade, 4319746.643, 123, B00, S00, 1
S00, Trade, 4319756.843, 130, B05, S00, 1
S00, Trade, 4319759.993, 60, B03, S00, 1
S00, Trade, 4319765.993, 85, B03, S00, 1
S00, Trade, 4319772.043, 140, B02, S00, 1
S00, Trade, 4319780.743, 60, S00, B00, 1
S00, Trade, 4319787.293, 62, S00, B05, 1
S00, Trade, 4319795.793, 60, S00, B09, 1
S00, Trade, 4319798.793, 64, S00, B00, 1
S00, Trade, 4319804.893, 75, S00, B06, 1
S00, Trade, 4319816.393, 132, B01, S00, 1
S00, Trade, 4319824.143, 61, S00, B05, 1
S00, Trade, 4319829.443, 112, B04, S00, 1
S00, Trade, 4319838.493, 84, B04, S00, 1
S00, Trade, 4319846.243, 68, S00, B07, 1
S00, Trade, 4319852.743, 64, B02, S00, 1
S00, Trade, 4319854.443, 101, B06, S00, 1
S00, Trade, 4319862.693, 61, S00, B08, 1
S00, Trade, 4319865.393, 61, B02, S00, 1
S00, Trade, 4319876.343, 65, S00, B09, 1
S00, Trade, 4319881.243, 72, B02, S00, 1
S00, Trade, 4319885.793, 61, S00, B08, 1
S00, Trade, 4319894.443, 60, S00, B09, 1
S00, Trade, 4319897.643, 109, B05, S00, 1
S00, Trade, 4319900.543, 89, B01, S00, 1
S00, Trade, 4319912.343, 129, B05, S00, 1
S00, Trade, 4319918.143, 135, B09, S00, 1
S00, Trade, 4319920.243, 112, B04, S00, 1
S00, Trade, 4319929.443, 113, B04, S00, 1
S00, Trade, 4319939.243, 69, S00, B03, 1
S00, Trade, 4319940.643, 62, S00, B09, 1
S00, Trade, 4319945.643, 127, B08, S00, 1
S00, Trade, 4319955.593, 62, S00, B00, 1
S00, Trade, 4319958.593, 92, B09, S00, 1
S00, Trade, 4319963.143, 126, B04, S00, 1
S00, Trade, 4319966.893, 62, S00, B07, 1
S00, Trade, 4319971.593, 65, S00, B06, 1
S00, Trade, 4319979.443, 70, S00, B06, 1
S00, Trade, 4319984.143, 62, S00, B06, 1
S00, Trade, 4319990.693, 105, B03, S00, 1
S00, Trade, 4319994.043, 62, S00, B06, 1
S01, 100
S01, Trade, 4316615.043, 84, S01, B09, 1
S01, Trade, 4316636.243, 130, B02, S01, 1
S01, Trade, 4316652.493, 82, B01, S01, 1
S01, Trade, 4316697.943, 101, B05, S01, 1
S01, Trade, 4316721.593, 111, S01, B08, 1
S01, Trade, 4316770.643, 118, B06, S01, 1
S01, Trade, 4316781.643, 96, B05, S01, 1
S01, Trade, 4316794.843, 92, S01, B05, 1
S01, Trade, 4316828.493, 103, S01, B09, 1
S01, Trade, 4316864.743, 93, B03, S01, 1
S01, Trade, 4316935.143, 111, S01, B08, 1
S01, Trade, 4316940.243, 125, B06, S01, 1
S01, Trade, 4316973.093, 103, B03, S01, 1
S01, Trade, 4316977.243, 139, S01, B06, 1
S01, Trade, 4316996.343, 130, B01, S01, 1
S01, Trade, 4317011.843, 120, B06, S01, 1
S01, Trade, 4317033.793, 124, B09, S01, 1
S01, Trade, 4317106.593, 84, S01, B00, 1
S01, Trade, 4317149.143, 96, S01, B01, 1
S01, Trade, 4317179.793, 127, B02, S01, 1
S01, Trade, 4317190.793, 99, S01, B00, 1
S01, Trade, 4317249.793, 135, S01, B01, 1
S01, Trade, 4317323.793, 89, S01, B01, 1
S01, Trade, 4317331.493, 132, B06, S01, 1
S01, Trade, 4317336.993, 108, S01, B04, 1
S01, Trade, 4317338.743, 79, B02, S01, 1
S01, Trade, 4317412.493, 130, S01, B06, 1
S01, Trade, 4317424.743, 125, B02, S01, 1
S01, Trade, 4317427.893, 92, B03, S01, 1
S01, Trade, 4317436.093, 130, B03, S01, 1
S01, Trade, 4317442.843, 117, S01, B06, 1
S01, Trade, 4317471.143, 111, S01, B01, 1
S01, Trade, 4317473.743, 134, B01, S01, 1
S01, Trade, 4317530.643, 126, B03, S01, 1
S01, Trade, 4317597.693, 124, B09, S01, 1
S01, Trade, 4317664.143, 115, S01, B06, 1
S01, Trade, 4317700.393, 130, B00, S01, 1
S01, Trade, 4317707.593, 128, B06, S01, 1
S01, Trade, 4317732.693, 135, B05, S01, 1
S01, Trade, 4317745.193, 129, S01, B00, 1
S01, Trade, 4317751.243, 130, B05, S01, 1
S01, Trade, 4317764.543, 134, B06, S01, 1
S01, Trade, 4317771.743, 134, B08, S01, 1
S01, Trade, 4317846.143, 128, S01, B09, 1
S01, Trade, 4317923.743, 117, B01, S01, 1
S01, Trade, 4317967.493, 127, S01, B09, 1
S01, Trade, 4317970.793, 108, B06, S01, 1
S01, Trade, 4317974.843, 72, S01, B08, 1
S01, Trade, 4318044.193, 112, B07, S01, 1
S01, Trade, 4318067.943, 105, S01, B01, 1
S01, Trade, 4318152.743, 140, B06, S01, 1
S01, Trade, 4318185.193, 76, B05, S01, 1
S01, Trade, 4318300.843, 112, S01, B00, 1
S01, Trade, 4318333.343, 115, S01, B00, 1
S01, Trade, 4318358.443, 123, S01, B06, 1
S01, Trade, 4318442.893, 112, B06, S01, 1
S01, Trade, 4318469.493, 100, S01, B06, 1
S01, Trade, 4318535.843, 130, S01, B00, 1
S01, Trade, 4318545.643, 106, S01, B09, 1
S01, Trade, 4318559.993, 83, S01, B06, 1
S01, Trade, 4318612.593, 100, B03, S01, 1
S01, Trade, 4318638.143, 65, S01, B00, 1
S01, Trade, 4318651.643, 90, S01, B07, 1
S01, Trade, 4318686.293, 124, B02, S01, 1
S01, Trade, 4318778.343, 139, B01, S01, 1
S01, Trade, 4318787.143, 137, B07, S01, 1
S01, Trade, 4318860.843, 124, B01, S01, 1
S01, Trade, 4318874.843, 140, B02, S01, 1
S01, Trade, 4318888.993, 105, S01, B08, 1
S01, Trade, 4318934.793, 126, B09, S01, 1
S01, Trade, 4318947.693, 136, B00, S01, 1
S01, Trade, 4319042.093, 140, B06, S01, 1
S01, Trade, 4319071.393, 110, S01, B08, 1
S01, Trade, 4319086.043, 74, S01, B05, 1
S01, Trade, 4319125.443, 127, S01, B00, 1
S01, Trade, 4319156.793, 134, B06, S01, 1
S01, Trade, 4319334.893, 127, B03, S01, 1
S01, Trade, 4319384.493, 114, S01, B05, 1
S01, Trade, 4319406.293, 136, B04, S01, 1
S01, Trade, 4319421.543, 129, B06, S01, 1
S01, Trade, 4319423.743, 108, B03, S01, 1
S01, Trade, 4319442.693, 127, B09, S01, 1
S01, Trade, 4319448.493, 130, B01, S01, 1
S01, Trade, 4319463.993, 119, B04, S01, 1
S01, Trade, 4319494.593, 95, S01, B06, 1
S01, Trade, 4319552.493, 118, B06, S01, 1
S01, Trade, 4319635.443, 133, B04, S01, 1
S01, Trade, 4319734.843, 134, B02, S01, 1
S01, Trade, 4319748.943, 109, B03, S01, 1
S01, Trade, 4319751.293, 110, S01, B06, 1
S01, Trade, 4319752.743, 128, B08, S01, 1
S01, Trade, 4319830.193, 119, S01, B02, 1
S01, Trade, 4319831.843, 132, B05, S01, 1
S01, Trade, 4319852.493, 128, B09, S01, 1
S01, Trade, 4319873.543, 108, B07, S01, 1
S01, Trade, 4319907.793, 124, B06, S01, 1
S01, Trade, 4319924.193, 133, B04, S01, 1
S01, Trade, 4319932.693, 112, B00, S01, 1
S01, Trade, 4319973.443, 96, S01, B08, 1
S01, Trade, 4319988.593, 114, B02, S01, 1
S02, 100
S02, Trade, 4319234.943, 115, B03, S02, 1
S02, Trade, 4319239.793, 108, B07, S02, 1
S02, Trade, 4319249.443, 73, S02, B09, 1
S02, Trade, 4319255.093, 93, B04, S02, 1
S02, Trade, 4319258.643, 99, B03, S02, 1
S02, Trade, 4319267.193, 89, S02, B00, 1
S02, Trade, 4319270.593, 104, S02, B09, 1
S02, Trade, 4319275.993, 121, S02, B00, 1
S02, Trade, 4319282.443, 78, S02, B00, 1
S02, Trade, 4319289.043, 73, S02, B08, 1
S02, Trade, 4319296.343, 132, B06, S02, 1
S02, Trade, 4319304.843, 104, B01, S02, 1
S02, Trade, 4319310.243, 121, B01, S02, 1
S02, Trade, 4319312.843, 130, B08, S02, 1
S02, Trade, 4319321.043, 93, S02, B09, 1
S02, Trade, 4319324.743, 65, S02, B00, 1
S02, Trade, 4319332.143, 60, S02, B05, 1
S02, Trade, 4319340.293, 65, S02, B07, 1
S02, Trade, 4319357.093, 78, B07, S02, 1
S02, Trade, 4319362.093, 140, B02, S02, 1
S02, Trade, 4319376.593, 115, S02, B06, 1
S02, Trade, 4319389.793, 110, B00, S02, 1
S02, Trade, 4319409.043, 105, B00, S02, 1
S02, Trade, 4319420.443, 119, B08, S02, 1
S02, Trade, 4319436.893, 107, B04, S02, 1
S02, Trade, 4319439.293, 84, B02, S02, 1
S02, Trade, 4319443.143, 105, S02, B00, 1
S02, Trade, 4319455.893, 140, B04, S02, 1
S02, Trade, 4319480.843, 78, S02, B01, 1
S02, Trade, 4319491.143, 137, S02, B00, 1
S02, Trade, 4319495.443, 137, B09, S02, 1
S02, Trade, 4319505.643, 60, S02, B00, 1
S02, Trade, 4319510.243, 98, B05, S02, 1
S02, Trade, 4319517.893, 92, B08, S02, 1
S02, Trade, 4319525.693, 71, B02, S02, 1
S02, Trade, 4319535.593, 119, B00, S02, 1
S02, Trade, 4319540.243, 118, S02, B09, 1
S02, Trade, 4319544.743, 140, B05, S02, 1
S02, Trade, 4319550.793, 104, S02, B08, 1
S02, Trade, 4319557.893, 64, S02, B08, 1
S02, Trade, 4319565.943, 112, B05, S02, 1
S02, Trade, 4319576.443, 130, B00, S02, 1
S02, Trade, 4319598.643, 63, S02, B08, 1
S02, Trade, 4319605.043, 82, B02, S02, 1
S02, Trade, 4319611.293, 60, S02, B07, 1
S02, Trade, 4319621.843, 83, B05, S02, 1
S02, Trade, 4319635.693, 132, B06, S02, 1
S02, Trade, 4319639.443, 68, B09, S02, 1
S02, Trade, 4319652.843, 103, S02, B08, 1
S02, Trade, 4319658.793, 93, S02, B08, 1
S02, Trade, 4319660.993, 108, B06, S02, 1
S02, Trade, 4319667.743, 103, S02, B09, 1
S02, Trade, 4319674.193, 132, B06, S02, 1
S02, Trade, 4319685.243, 135, B09, S02, 1
S02, Trade, 4319691.793, 114, B05, S02, 1
S02, Trade, 4319693.943, 105, S02, B08, 1
S02, Trade, 4319702.593, 129, B04, S02, 1
S02, Trade, 4319705.443, 107, B07, S02, 1
S02, Trade, 4319709.093, 81, S02, B06, 1
S02, Trade, 4319716.043, 115, S02, B05, 1
S02, Trade, 4319721.943, 121, B09, S02, 1
S02, Trade, 4319726.243, 106, B08, S02, 1
S02, Trade, 4319738.593, 140, B09, S02, 1
S02, Trade, 4319741.043, 131, S02, B01, 1
S02, Trade, 4319745.443, 125, B04, S02, 1
S02, Trade, 4319758.043, 104, B04, S02, 1
S02, Trade, 4319759.893, 88, B00, S02, 1
S02, Trade, 4319769.643, 133, B00, S02, 1
S02, Trade, 4319776.193, 110, B02, S02, 1
S02, Trade, 4319776.793, 120, B05, S02, 1
S02, Trade, 4319787.843, 92, S02, B01, 1
S02, Trade, 4319796.693, 100, S02, B06, 1
S02, Trade, 4319801.743, 70, S02, B05, 1
S02, Trade, 4319806.293, 128, S02, B05, 1
S02, Trade, 4319808.793, 95, B01, S02, 1
S02, Trade, 4319813.643, 122, B00, S02, 1
S02, Trade, 4319827.043, 107, S02, B06, 1
S02, Trade, 4319831.393, 133, B04, S02, 1
S02, Trade, 4319838.743, 132, B07, S02, 1
S02, Trade, 4319847.843, 117, B04, S02, 1
S02, Trade, 4319859.093, 92, B05, S02, 1
S02, Trade, 4319865.993, 69, S02, B08, 1
S02, Trade, 4319871.743, 71, S02, B01, 1
S02, Trade, 4319878.443, 66, S02, B08, 1
S02, Trade, 4319883.943, 112, B06, S02, 1
S02, Trade, 4319888.893, 132, B05, S02, 1
S02, Trade, 4319897.093, 82, B09, S02, 1
S02, Trade, 4319907.593, 115, B07, S02, 1
S02, Trade, 4319913.793, 70, B07, S02, 1
S02, Trade, 4319919.593, 137, S02, B09, 1
S02, Trade, 4319926.743, 127, S02, B09, 1
S02, Trade, 4319934.243, 69, S02, B05, 1
S02, Trade, 4319941.143, 115, B01, S02, 1
S02, Trade, 4319947.193, 130, B05, S02, 1
S02, Trade, 4319955.243, 101, B07, S02, 1
S02, Trade, 4319960.093, 104, B01, S02, 1
S02, Trade, 4319961.743, 83, S02, B02, 1
S02, Trade, 4319982.193, 124, B09, S02, 1
S02, Trade, 4319990.443, 110, B04, S02, 1
S02, Trade, 4319998.093, 117, S02, B06, 1
S03, 100
S03, Trade, 4319432.193, 117, B03, S03, 1
S03, Trade, 4319441.093, 89, B09, S03, 1
S03, Trade, 4319448.143, 131, B02, S03, 1
S03, Trade, 4319455.643, 140, B05, S03, 1
S03, Trade, 4319462.043, 121, B08, S03, 1
S03, Trade, 4319464.743, 82, S03, B08, 1
S03, Trade, 4319466.393, 75, S03, B01, 1
S03, Trade, 4319474.793, 64, S03, B06, 1
S03, Trade, 4319478.793, 111, B01, S03, 1
S03, Trade, 4319487.443, 131, B03, S03, 1
S03, Trade, 4319488.043, 132, B08, S03, 1
S03, Trade, 4319491.593, 63, S03, B08, 1
S03, Trade, 4319502.893, 63, B02, S03, 1
S03, Trade, 4319505.943, 69, S03, B05, 1
S03, Trade, 4319511.693, 140, B02, S03, 1
S03, Trade, 4319517.493, 107, B06, S03, 1
S03, Trade, 4319520.393, 67, S03, B01, 1
S03, Trade, 4319524.343, 72, S03, B01, 1
S03, Trade, 4319527.443, 62, S03, B06, 1
S03, Trade, 4319535.243, 120, B03, S03, 1
S03, Trade, 4319538.243, 131, B02, S03, 1
S03, Trade, 4319544.993, 81, B09, S03, 1
S03, Trade, 4319550.243, 72, B03, S03, 1
S03, Trade, 4319555.043, 67, S03, B01, 1
S03, Trade, 4319557.793, 63, B02, S03, 1
S03, Trade, 4319568.793, 131, B06, S03, 1
S03, Trade, 4319576.793, 72, B05, S03, 1
S03, Trade, 4319579.393, 130, B09, S03, 1
S03, Trade, 4319584.943, 103, B07, S03, 1
S03, Trade, 4319589.593, 117, B03, S03, 1
S03, Trade, 4319592.593, 139, B01, S03, 1
S03, Trade, 4319599.393, 66, S03, B01, 1
S03, Trade, 4319607.543, 65, S03, B06, 1
S03, Trade, 4319610.493, 67, S03, B05, 1
S03, Trade, 4319622.643, 75, B03, S03, 1
S03, Trade, 4319625.943, 87, S03, B05, 1
S03, Trade, 4319631.193, 65, S03, B09, 1
S03, Trade, 4319636.343, 119, B02, S03, 1
S03, Trade, 4319640.593, 60, S03, B05, 1
S03, Trade, 4319645.693, 75, B04, S03, 1
S03, Trade, 4319653.193, 61, S03, B06, 1
S03, Trade, 4319656.643, 140, B04, S03, 1
S03, Trade, 4319663.193, 68, S03, B09, 1
S03, Trade, 4319666.693, 89, S03, B06, 1
S03, Trade, 4319673.243, 137, B01, S03, 1
S03, Trade, 4319678.993, 73, S03, B09, 1
S03, Trade, 4319685.793, 61, S03, B06, 1
S03, Trade, 4319689.193, 95, B03, S03, 1
S03, Trade, 4319693.693, 70, B04, S03, 1
S03, Trade, 4319701.743, 128, B03, S03, 1
S03, Trade, 4319710.293, 67, S03, B00, 1
S03, Trade, 4319712.843, 65, B08, S03, 1
S03, Trade, 4319717.993, 138, B04, S03, 1
S03, Trade, 4319720.243, 102, B06, S03, 1
S03, Trade, 4319726.593, 80, B02, S03, 1
S03, Trade, 4319732.443, 114, B08, S03, 1
S03, Trade, 4319737.293, 139, B01, S03, 1
S03, Trade, 4319744.593, 123, B06, S03, 1
S03, Trade, 4319747.693, 115, B01, S03, 1
S03, Trade, 4319753.243, 94, B00, S03, 1
S03, Trade, 4319760.743, 102, B07, S03, 1
S03, Trade, 4319767.193, 118, B09, S03, 1
S03, Trade, 4319773.493, 74, B01, S03, 1
S03, Trade, 4319779.393, 115, B01, S03, 1
S03, Trade, 4319786.243, 66, S03, B08, 1
S03, Trade, 4319793.943, 60, S03, B02, 1
S03, Trade, 4319798.043, 61, S03, B04, 1
S03, Trade, 4319802.743, 96, B02, S03, 1
S03, Trade, 4319812.243, 140, B04, S03, 1
S03, Trade, 4319817.543, 89, B03, S03, 1
S03, Trade, 4319822.193, 61, S03, B06, 1
S03, Trade, 4319827.693, 132, B02, S03, 1
S03, Trade, 4319831.643, 114, B03, S03, 1
S03, Trade, 4319834.243, 62, S03, B08, 1
S03, Trade, 4319842.493, 63, S03, B05, 1
S03, Trade, 4319848.793, 61, B01, S03, 1
S03, Trade, 4319864.593, 60, S03, B04, 1
S03, Trade, 4319867.643, 78, B07, S03, 1
S03, Trade, 4319873.993, 87, B05, S03, 1
S03, Trade, 4319877.043, 69, S03, B08, 1
S03, Trade, 4319883.443, 113, B04, S03, 1
S03, Trade, 4319886.793, 64, S03, B01, 1
S03, Trade, 4319894.893, 80, S03, B06, 1
S03, Trade, 4319899.393, 102, B04, S03, 1
S03, Trade, 4319910.343, 71, S03, B06, 1
S03, Trade, 4319918.843, 101, B07, S03, 1
S03, Trade, 4319920.793, 85, B00, S03, 1
S03, Trade, 4319927.093, 67, B03, S03, 1
S03, Trade, 4319932.443, 60, S03, B09, 1
S03, Trade, 4319936.593, 68, S03, B00, 1
S03, Trade, 4319943.893, 79, S03, B00, 1
S03, Trade, 4319945.943, 104, B02, S03, 1
S03, Trade, 4319955.343, 76, B09, S03, 1
S03, Trade, 4319964.593, 89, B07, S03, 1
S03, Trade, 4319968.293, 63, S03, B05, 1
S03, Trade, 4319974.393, 64, S03, B08, 1
S03, Trade, 4319977.293, 60, S03, B03, 1
S03, Trade, 4319986.693, 71, S03, B05, 1
S03, Trade, 4319992.043, 122, B09, S03, 1
S03, Trade, 4319999.193, 116, B08, S03, 1
S04, 100
S04, Trade, 4319473.443, 62, S04, B09, 1
S04, Trade, 4319479.693, 90, B07, S04, 1
S04, Trade, 4319484.993, 128, B06, S04, 1
S04, Trade, 4319487.743, 130, B06, S04, 1
S04, Trade, 4319493.443, 62, S04, B01, 1
S04, Trade, 4319500.193, 63, B04, S04, 1
S04, Trade, 4319506.243, 61, S04, B01, 1
S04, Trade, 4319508.293, 123, B03, S04, 1
S04, Trade, 4319513.843, 131, B09, S04, 1
S04, Trade, 4319518.693, 61, S04, B00, 1
S04, Trade, 4319524.993, 84, B00, S04, 1
S04, Trade, 4319530.743, 99, B04, S04, 1
S04, Trade, 4319531.643, 128, B08, S04, 1
S04, Trade, 4319539.193, 116, B07, S04, 1
S04, Trade, 4319546.293, 94, B07, S04, 1
S04, Trade, 4319549.993, 77, B09, S04, 1
S04, Trade, 4319556.593, 60, S04, B05, 1
S04, Trade, 4319561.743, 68, B04, S04, 1
S04, Trade, 4319563.443, 95, B01, S04, 1
S04, Trade, 4319571.493, 80, S04, B06, 1
S04, Trade, 4319576.993, 124, B06, S04, 1
S04, Trade, 4319582.743, 72, S04, B08, 1
S04, Trade, 4319583.643, 137, B00, S04, 1
S04, Trade, 4319591.493, 104, B07, S04, 1
S04, Trade, 4319596.593, 62, S04, B00, 1
S04, Trade, 4319602.593, 70, B04, S04, 1
S04, Trade, 4319604.043, 119, B06, S04, 1
S04, Trade, 4319612.393, 60, S04, B09, 1
S04, Trade, 4319615.543, 67, S04, B08, 1
S04, Trade, 4319624.593, 64, S04, B06, 1
S04, Trade, 4319630.893, 63, S04, B00, 1
S04, Trade, 4319632.343, 76, B02, S04, 1
S04, Trade, 4319638.743, 64, B03, S04, 1
S04, Trade, 4319643.443, 68, B02, S04, 1
S04, Trade, 4319648.093, 117, B05, S04, 1
S04, Trade, 4319650.243, 63, S04, B01, 1
S04, Trade, 4319654.993, 61, B04, S04, 1
S04, Trade, 4319663.393, 70, S04, B08, 1
S04, Trade, 4319670.043, 124, B07, S04, 1
S04, Trade, 4319672.643, 61, S04, B08, 1
S04, Trade, 4319679.443, 108, B06, S04, 1
S04, Trade, 4319682.143, 63, S04, B04, 1
S04, Trade, 4319689.893, 130, B01, S04, 1
S04, Trade, 4319695.343, 69, B07, S04, 1
S04, Trade, 4319697.843, 82, B08, S04, 1
S04, Trade, 4319704.693, 127, B08, S04, 1
S04, Trade, 4319707.043, 69, S04, B08, 1
S04, Trade, 4319715.293, 62, S04, B01, 1
S04, Trade, 4319719.993, 93, B02, S04, 1
S04, Trade, 4319725.393, 122, B00, S04, 1
S04, Trade, 4319729.043, 120, B04, S04, 1
S04, Trade, 4319732.543, 112, B09, S04, 1
S04, Trade, 4319743.993, 124, B02, S04, 1
S04, Trade, 4319750.893, 67, S04, B09, 1
S04, Trade, 4319754.293, 128, B02, S04, 1
S04, Trade, 4319759.593, 62, B09, S04, 1
S04, Trade, 4319764.893, 111, B05, S04, 1
S04, Trade, 4319768.593, 137, B05, S04, 1
S04, Trade, 4319773.393, 85, B07, S04, 1
S04, Trade, 4319784.143, 64, S04, B09, 1
S04, Trade, 4319784.543, 63, B04, S04, 1
S04, Trade, 4319793.393, 61, S04, B08, 1
S04, Trade, 4319804.143, 125, B00, S04, 1
S04, Trade, 4319807.443, 97, B03, S04, 1
S04, Trade, 4319816.293, 93, B08, S04, 1
S04, Trade, 4319822.743, 62, S04, B07, 1
S04, Trade, 4319827.843, 112, B09, S04, 1
S04, Trade, 4319834.693, 64, S04, B01, 1
S04, Trade, 4319843.193, 86, B01, S04, 1
S04, Trade, 4319846.493, 107, B02, S04, 1
S04, Trade, 4319848.543, 79, B08, S04, 1
S04, Trade, 4319857.393, 77, B07, S04, 1
S04, Trade, 4319860.643, 65, S04, B09, 1
S04, Trade, 4319867.093, 97, B03, S04, 1
S04, Trade, 4319870.893, 76, B00, S04, 1
S04, Trade, 4319873.493, 109, B06, S04, 1
S04, Trade, 4319883.193, 114, B02, S04, 1
S04, Trade, 4319884.793, 62, S04, B00, 1
S04, Trade, 4319891.593, 125, B06, S04, 1
S04, Trade, 4319895.293, 123, B00, S04, 1
S04, Trade, 4319902.193, 63, S04, B09, 1
S04, Trade, 4319904.343, 80, B04, S04, 1
S04, Trade, 4319912.743, 73, B03, S04, 1
S04, Trade, 4319917.293, 136, B02, S04, 1
S04, Trade, 4319922.543, 103, B05, S04, 1
S04, Trade, 4319926.693, 119, B06, S04, 1
S04, Trade, 4319934.943, 64, S04, B01, 1
S04, Trade, 4319937.843, 88, B02, S04, 1
S04, Trade, 4319941.793, 64, S04, B05, 1
S04, Trade, 4319948.243, 111, B04, S04, 1
S04, Trade, 4319954.843, 102, B02, S04, 1
S04, Trade, 4319957.193, 130, B04, S04, 1
S04, Trade, 4319964.793, 69, B08, S04, 1
S04, Trade, 4319971.143, 63, B03, S04, 1
S04, Trade, 4319972.093, 102, B00, S04, 1
S04, Trade, 4319977.043, 60, S04, B05, 1
S04, Trade, 4319981.443, 124, B02, S04, 1
S04, Trade, 4319986.743, 69, B03, S04, 1
S04, Trade, 4319990.793, 104, B07, S04, 1
S04, Trade, 4319997.643, 61, S04, B02, 1
S05, 100
S05, Trade, 4319468.093, 89, B02, S05, 1
S05, Trade, 4319474.193, 62, B04, S05, 1
S05, Trade, 4319479.843, 74, B03, S05, 1
S05, Trade, 4319485.243, 107, B02, S05, 1
S05, Trade, 4319489.793, 61, S05, B05, 1
S05, Trade, 4319494.443, 76, B04, S05, 1
S05, Trade, 4319500.843, 69, S05, B00, 1
S05, Trade, 4319502.293, 128, B03, S05, 1
S05, Trade, 4319509.743, 107, B07, S05, 1
S05, Trade, 4319512.693, 98, B04, S05, 1
S05, Trade, 4319521.593, 62, S05, B05, 1
S05, Trade, 4319526.793, 69, S05, B08, 1
S05, Trade, 4319529.143, 60, S05, B00, 1
S05, Trade, 4319533.293, 122, B05, S05, 1
S05, Trade, 4319541.743, 82, B05, S05, 1
S05, Trade, 4319547.393, 91, B03, S05, 1
S05, Trade, 4319548.093, 134, B05, S05, 1
S05, Trade, 4319557.843, 60, B03, S05, 1
S05, Trade, 4319562.043, 65, B02, S05, 1
S05, Trade, 4319565.843, 115, B00, S05, 1
S05, Trade, 4319568.293, 136, B01, S05, 1
S05, Trade, 4319577.993, 131, B02, S05, 1
S05, Trade, 4319580.593, 132, B01, S05, 1
S05, Trade, 4319585.593, 72, S05, B05, 1
S05, Trade, 4319588.543, 108, B09, S05, 1
S05, Trade, 4319594.093, 67, S05, B05, 1
S05, Trade, 4319601.043, 67, S05, B08, 1
S05, Trade, 4319612.643, 61, B03, S05, 1
S05, Trade, 4319615.093, 64, B03, S05, 1
S05, Trade, 4319620.893, 75, B04, S05, 1
S05, Trade, 4319628.793, 61, S05, B05, 1
S05, Trade, 4319633.393, 73, S05, B01, 1
S05, Trade, 4319634.743, 63, S05, B08, 1
S05, Trade, 4319644.593, 120, B03, S05, 1
S05, Trade, 4319647.843, 131, B08, S05, 1
S05, Trade, 4319651.593, 75, S05, B09, 1
S05, Trade, 4319655.593, 67, S05, B05, 1
S05, Trade, 4319662.143, 68, S05, B01, 1
S05, Trade, 4319665.843, 133, B02, S05, 1
S05, Trade, 4319671.443, 122, B02, S05, 1
S05, Trade, 4319676.443, 61, S05, B08, 1
S05, Trade, 4319682.893, 69, S05, B08, 1
S05, Trade, 4319687.593, 77, B02, S05, 1
S05, Trade, 4319690.243, 137, B09, S05, 1
S05, Trade, 4319698.643, 67, B07, S05, 1
S05, Trade, 4319701.293, 128, B02, S05, 1
S05, Trade, 4319706.943, 60, S05, B00, 1
S05, Trade, 4319711.893, 71, B02, S05, 1
S05, Trade, 4319719.293, 117, B00, S05, 1
S05, Trade, 4319725.443, 99, B07, S05, 1
S05, Trade, 4319727.493, 131, B05, S05, 1
S05, Trade, 4319734.943, 133, B01, S05, 1
S05, Trade, 4319738.993, 105, B00, S05, 1
S05, Trade, 4319740.643, 102, B07, S05, 1
S05, Trade, 4319748.393, 110, B04, S05, 1
S05, Trade, 4319756.493, 133, B08, S05, 1
S05, Trade, 4319760.693, 114, B08, S05, 1
S05, Trade, 4319762.343, 118, B02, S05, 1
S05, Trade, 4319772.643, 140, B03, S05, 1
S05, Trade, 4319774.093, 131, B05, S05, 1
S05, Trade, 4319783.143, 109, B06, S05, 1
S05, Trade, 4319788.293, 63, B03, S05, 1
S05, Trade, 4319795.043, 63, S05, B01, 1
S05, Trade, 4319801.543, 70, S05, B01, 1
S05, Trade, 4319804.593, 99, B04, S05, 1
S05, Trade, 4319808.593, 98, B02, S05, 1
S05, Trade, 4319817.443, 91, B04, S05, 1
S05, Trade, 4319820.993, 61, S05, B08, 1
S05, Trade, 4319824.643, 73, S05, B09, 1
S05, Trade, 4319833.943, 61, S05, B00, 1
S05, Trade, 4319838.943, 95, B01, S05, 1
S05, Trade, 4319847.943, 107, B03, S05, 1
S05, Trade, 4319849.293, 68, S05, B06, 1
S05, Trade, 4319856.193, 91, B02, S05, 1
S05, Trade, 4319860.543, 63, S05, B06, 1
S05, Trade, 4319867.243, 95, B09, S05, 1
S05, Trade, 4319872.543, 110, B09, S05, 1
S05, Trade, 4319875.343, 60, S05, B01, 1
S05, Trade, 4319884.193, 99, B07, S05, 1
S05, Trade, 4319891.093, 60, S05, B02, 1
S05, Trade, 4319896.093, 64, S05, B07, 1
S05, Trade, 4319900.943, 86, B02, S05, 1
S05, Trade, 4319909.193, 61, S05, B01, 1
S05, Trade, 4319915.293, 67, B02, S05, 1
S05, Trade, 4319920.443, 98, B02, S05, 1
S05, Trade, 4319923.343, 131, B03, S05, 1
S05, Trade, 4319925.493, 137, B00, S05, 1
S05, Trade, 4319931.143, 128, B06, S05, 1
S05, Trade, 4319937.643, 91, B07, S05, 1
S05, Trade, 4319943.993, 67, B07, S05, 1
S05, Trade, 4319950.093, 129, B06, S05, 1
S05, Trade, 4319952.793, 125, B02, S05, 1
S05, Trade, 4319958.493, 99, B07, S05, 1
S05, Trade, 4319964.193, 80, B05, S05, 1
S05, Trade, 4319969.943, 114, B03, S05, 1
S05, Trade, 4319978.193, 67, S05, B01, 1
S05, Trade, 4319980.593, 94, B02, S05, 1
S05, Trade, 4319986.243, 69, B04, S05, 1
S05, Trade, 4319992.893, 65, B00, S05, 1
S05, Trade, 4319997.143, 61, S05, B07, 1
S06, 100
S06, Trade, 4319470.493, 114, B08, S06, 1
S06, Trade, 4319471.943, 124, B01, S06, 1
S06, Trade, 4319478.893, 96, B09, S06, 1
S06, Trade, 4319482.043, 72, S06, B05, 1
S06, Trade, 4319489.343, 122, B01, S06, 1
S06, Trade, 4319493.993, 80, S06, B05, 1
S06, Trade, 4319501.043, 124, B09, S06, 1
S06, Trade, 4319503.843, 60, S06, B08, 1
S06, Trade, 4319509.793, 106, B09, S06, 1
S06, Trade, 4319513.343, 98, B03, S06, 1
S06, Trade, 4319520.343, 65, S06, B07, 1
S06, Trade, 4319526.143, 70, B03, S06, 1
S06, Trade, 4319529.843, 65, S06, B09, 1
S06, Trade, 4319535.993, 93, B07, S06, 1
S06, Trade, 4319540.993, 107, B01, S06, 1
S06, Trade, 4319542.743, 126, B04, S06, 1
S06, Trade, 4319551.943, 70, S06, B07, 1
S06, Trade, 4319560.243, 61, S06, B06, 1
S06, Trade, 4319564.043, 63, S06, B03, 1
S06, Trade, 4319570.393, 123, B01, S06, 1
S06, Trade, 4319573.143, 103, B03, S06, 1
S06, Trade, 4319581.143, 114, B04, S06, 1
S06, Trade, 4319586.693, 84, B03, S06, 1
S06, Trade, 4319593.593, 122, B00, S06, 1
S06, Trade, 4319598.443, 61, S06, B00, 1
S06, Trade, 4319603.943, 140, B04, S06, 1
S06, Trade, 4319608.393, 69, S06, B08, 1
S06, Trade, 4319609.593, 61, B01, S06, 1
S06, Trade, 4319618.093, 100, B07, S06, 1
S06, Trade, 4319621.993, 73, B02, S06, 1
S06, Trade, 4319627.243, 135, B01, S06, 1
S06, Trade, 4319629.593, 65, B02, S06, 1
S06, Trade, 4319639.893, 120, B08, S06, 1
S06, Trade, 4319642.243, 61, B03, S06, 1
S06, Trade, 4319648.793, 132, B07, S06, 1
S06, Trade, 4319650.093, 61, S06, B00, 1
S06, Trade, 4319656.443, 62, S06, B00, 1
S06, Trade, 4319662.843, 68, S06, B05, 1
S06, Trade, 4319668.393, 86, B03, S06, 1
S06, Trade, 4319671.943, 112, B09, S06, 1
S06, Trade, 4319677.093, 127, B00, S06, 1
S06, Trade, 4319682.393, 62, B02, S06, 1
S06, Trade, 4319684.693, 136, B03, S06, 1
S06, Trade, 4319692.093, 81, B00, S06, 1
S06, Trade, 4319697.093, 107, B01, S06, 1
S06, Trade, 4319703.593, 113, B00, S06, 1
S06, Trade, 4319708.993, 65, B07, S06, 1
S06, Trade, 4319712.443, 67, S06, B06, 1
S06, Trade, 4319718.993, 138, B02, S06, 1
S06, Trade, 4319724.593, 135, B02, S06, 1
S06, Trade, 4319729.793, 119, B00, S06, 1
S06, Trade, 4319735.593, 126, B03, S06, 1
S06, Trade, 4319736.493, 99, B07, S06, 1
S06, Trade, 4319741.943, 106, B05, S06, 1
S06, Trade, 4319746.543, 126, B02, S06, 1
S06, Trade, 4319752.443, 72, B01, S06, 1
S06, Trade, 4319756.193, 134, B03, S06, 1
S06, Trade, 4319766.043, 83, B07, S06, 1
S06, Trade, 4319771.743, 140, B06, S06, 1
S06, Trade, 4319779.743, 114, B00, S06, 1
S06, Trade, 4319783.043, 124, B00, S06, 1
S06, Trade, 4319790.843, 107, B07, S06, 1
S06, Trade, 4319796.543, 63, S06, B07, 1
S06, Trade, 4319803.093, 114, B03, S06, 1
S06, Trade, 4319806.993, 96, B02, S06, 1
S06, Trade, 4319814.093, 61, S06, B09, 1
S06, Trade, 4319820.443, 60, S06, B00, 1
S06, Trade, 4319824.743, 62, B02, S06, 1
S06, Trade, 4319832.443, 77, B00, S06, 1
S06, Trade, 4319834.643, 61, S06, B09, 1
S06, Trade, 4319837.843, 84, B03, S06, 1
S06, Trade, 4319844.193, 134, B06, S06, 1
S06, Trade, 4319849.493, 105, B08, S06, 1
S06, Trade, 4319857.443, 82, S06, B00, 1
S06, Trade, 4319862.893, 62, S06, B07, 1
S06, Trade, 4319865.093, 62, S06, B06, 1
S06, Trade, 4319869.893, 112, B02, S06, 1
S06, Trade, 4319879.643, 73, B07, S06, 1
S06, Trade, 4319887.293, 138, B06, S06, 1
S06, Trade, 4319890.593, 66, B03, S06, 1
S06, Trade, 4319898.443, 107, B00, S06, 1
S06, Trade, 4319901.293, 84, B07, S06, 1
S06, Trade, 4319907.043, 139, B04, S06, 1
S06, Trade, 4319912.893, 71, B04, S06, 1
S06, Trade, 4319915.093, 69, B03, S06, 1
S06, Trade, 4319923.743, 133, B08, S06, 1
S06, Trade, 4319926.793, 115, B07, S06, 1
S06, Trade, 4319931.743, 75, B08, S06, 1
S06, Trade, 4319939.393, 124, B08, S06, 1
S06, Trade, 4319943.343, 76, B04, S06, 1
S06, Trade, 4319947.343, 105, B01, S06, 1
S06, Trade, 4319954.293, 123, B06, S06, 1
S06, Trade, 4319959.893, 106, B03, S06, 1
S06, Trade, 4319963.843, 97, B00, S06, 1
S06, Trade, 4319966.243, 61, S06, B06, 1
S06, Trade, 4319970.443, 62, B02, S06, 1
S06, Trade, 4319980.243, 60, B07, S06, 1
S06, Trade, 4319982.343, 99, B01, S06, 1
S06, Trade, 4319989.243, 128, B01, S06, 1
S06, Trade, 4319997.993, 64, S06, B01, 1
S07, 100
S07, Trade, 4319186.693, 128, S07, B01, 1
S07, Trade, 4319200.543, 140, B02, S07, 1
S07, Trade, 4319204.493, 104, S07, B09, 1
S07, Trade, 4319208.293, 74, B04, S07, 1
S07, Trade, 4319211.943, 123, S07, B09, 1
S07, Trade, 4319218.343, 136, B06, S07, 1
S07, Trade, 4319224.093, 122, S07, B06, 1
S07, Trade, 4319231.543, 124, S07, B05, 1
S07, Trade, 4319237.593, 125, B01, S07, 1
S07, Trade, 4319265.443, 127, B09, S07, 1
S07, Trade, 4319266.043, 79, S07, B06, 1
S07, Trade, 4319274.443, 91, B03, S07, 1
S07, Trade, 4319280.043, 115, S07, B06, 1
S07, Trade, 4319288.443, 71, B02, S07, 1
S07, Trade, 4319293.443, 131, B03, S07, 1
S07, Trade, 4319308.693, 83, S07, B07, 1
S07, Trade, 4319315.493, 138, B08, S07, 1
S07, Trade, 4319321.893, 120, B07, S07, 1
S07, Trade, 4319329.293, 76, S07, B00, 1
S07, Trade, 4319341.993, 66, S07, B08, 1
S07, Trade, 4319349.893, 131, B01, S07, 1
S07, Trade, 4319359.743, 104, B00, S07, 1
S07, Trade, 4319364.343, 118, B07, S07, 1
S07, Trade, 4319368.393, 77, S07, B05, 1
S07, Trade, 4319374.643, 99, B06, S07, 1
S07, Trade, 4319378.493, 98, B08, S07, 1
S07, Trade, 4319389.043, 137, B09, S07, 1
S07, Trade, 4319393.193, 82, S07, B08, 1
S07, Trade, 4319397.293, 120, B06, S07, 1
S07, Trade, 4319405.643, 110, S07, B06, 1
S07, Trade, 4319414.143, 79, S07, B00, 1
S07, Trade, 4319422.993, 127, B09, S07, 1
S07, Trade, 4319431.193, 122, S07, B06, 1
S07, Trade, 4319450.793, 109, S07, B05, 1
S07, Trade, 4319457.093, 133, B09, S07, 1
S07, Trade, 4319461.543, 111, B03, S07, 1
S07, Trade, 4319463.693, 130, B06, S07, 1
S07, Trade, 4319476.243, 104, B08, S07, 1
S07, Trade, 4319488.893, 123, B02, S07, 1
S07, Trade, 4319498.293, 71, S07, B05, 1
S07, Trade, 4319509.243, 124, B04, S07, 1
S07, Trade, 4319517.293, 106, S07, B00, 1
S07, Trade, 4319522.543, 129, S07, B05, 1
S07, Trade, 4319533.643, 111, B06, S07, 1
S07, Trade, 4319536.593, 73, S07, B09, 1
S07, Trade, 4319543.693, 123, B06, S07, 1
S07, Trade, 4319548.593, 92, B04, S07, 1
S07, Trade, 4319560.543, 87, S07, B05, 1
S07, Trade, 4319562.993, 100, B07, S07, 1
S07, Trade, 4319569.743, 140, S07, B09, 1
S07, Trade, 4319587.993, 139, B04, S07, 1
S07, Trade, 4319591.443, 125, B08, S07, 1
S07, Trade, 4319594.693, 70, S07, B09, 1
S07, Trade, 4319602.943, 92, S07, B03, 1
S07, Trade, 4319604.493, 90, B09, S07, 1
S07, Trade, 4319613.543, 61, S07, B06, 1
S07, Trade, 4319622.193, 99, S07, B00, 1
S07, Trade, 4319633.293, 67, S07, B00, 1
S07, Trade, 4319635.193, 97, B00, S07, 1
S07, Trade, 4319645.343, 78, S07, B01, 1
S07, Trade, 4319660.743, 113, B04, S07, 1
S07, Trade, 4319686.143, 90, B00, S07, 1
S07, Trade, 4319689.343, 91, S07, B00, 1
S07, Trade, 4319693.993, 100, B02, S07, 1
S07, Trade, 4319698.493, 134, S07, B06, 1
S07, Trade, 4319700.293, 104, B00, S07, 1
S07, Trade, 4319712.593, 105, S07, B05, 1
S07, Trade, 4319725.143, 134, B05, S07, 1
S07, Trade, 4319735.943, 118, B04, S07, 1
S07, Trade, 4319746.493, 127, B03, S07, 1
S07, Trade, 4319755.093, 140, B04, S07, 1
S07, Trade, 4319758.843, 103, B01, S07, 1
S07, Trade, 4319768.443, 138, B04, S07, 1
S07, Trade, 4319777.043, 132, B09, S07, 1
S07, Trade, 4319778.693, 117, B04, S07, 1
S07, Trade, 4319782.193, 81, S07, B02, 1
S07, Trade, 4319790.743, 125, B02, S07, 1
S07, Trade, 4319808.243, 115, B09, S07, 1
S07, Trade, 4319813.743, 101, B07, S07, 1
S07, Trade, 4319824.493, 65, S07, B08, 1
S07, Trade, 4319832.343, 89, B06, S07, 1
S07, Trade, 4319843.793, 77, B07, S07, 1
S07, Trade, 4319848.293, 106, B05, S07, 1
S07, Trade, 4319850.693, 94, S07, B00, 1
S07, Trade, 4319855.143, 91, B04, S07, 1
S07, Trade, 4319865.193, 69, S07, B00, 1
S07, Trade, 4319867.693, 86, S07, B05, 1
S07, Trade, 4319870.143, 111, B04, S07, 1
S07, Trade, 4319883.893, 116, B03, S07, 1
S07, Trade, 4319890.443, 67, S07, B09, 1
S07, Trade, 4319899.443, 98, B03, S07, 1
S07, Trade, 4319907.843, 128, S07, B00, 1
S07, Trade, 4319913.493, 86, S07, B00, 1
S07, Trade, 4319920.293, 111, B07, S07, 1
S07, Trade, 4319951.443, 126, B03, S07, 1
S07, Trade, 4319958.143, 131, B03, S07, 1
S07, Trade, 4319964.043, 121, B06, S07, 1
S07, Trade, 4319973.693, 94, B07, S07, 1
S07, Trade, 4319983.293, 93, S07, B00, 1
S07, Trade, 4319987.493, 80, S07, B06, 1
S08, 100
S08, Trade, 4319159.493, 90, B02, S08, 1
S08, Trade, 4319171.493, 122, B08, S08, 1
S08, Trade, 4319184.893, 115, B05, S08, 1
S08, Trade, 4319193.943, 133, B08, S08, 1
S08, Trade, 4319199.293, 130, B00, S08, 1
S08, Trade, 4319203.093, 118, B04, S08, 1
S08, Trade, 4319206.593, 93, B05, S08, 1
S08, Trade, 4319219.543, 103, B04, S08, 1
S08, Trade, 4319223.393, 86, B04, S08, 1
S08, Trade, 4319228.493, 100, B07, S08, 1
S08, Trade, 4319242.943, 128, B06, S08, 1
S08, Trade, 4319263.493, 113, B08, S08, 1
S08, Trade, 4319267.393, 117, B06, S08, 1
S08, Trade, 4319276.143, 114, B01, S08, 1
S08, Trade, 4319284.843, 97, S08, B09, 1
S08, Trade, 4319291.793, 127, B06, S08, 1
S08, Trade, 4319295.293, 115, B09, S08, 1
S08, Trade, 4319301.293, 134, S08, B08, 1
S08, Trade, 4319317.393, 121, B06, S08, 1
S08, Trade, 4319319.743, 98, S08, B01, 1
S08, Trade, 4319328.543, 137, B06, S08, 1
S08, Trade, 4319336.093, 126, B08, S08, 1
S08, Trade, 4319361.743, 140, B04, S08, 1
S08, Trade, 4319366.143, 94, S08, B09, 1
S08, Trade, 4319382.293, 68, S08, B06, 1
S08, Trade, 4319387.593, 123, B04, S08, 1
S08, Trade, 4319392.643, 73, S08, B09, 1
S08, Trade, 4319397.843, 87, B03, S08, 1
S08, Trade, 4319411.993, 88, S08, B05, 1
S08, Trade, 4319427.843, 72, S08, B01, 1
S08, Trade, 4319430.393, 114, B09, S08, 1
S08, Trade, 4319454.993, 111, B06, S08, 1
S08, Trade, 4319459.543, 112, S08, B01, 1
S08, Trade, 4319467.893, 103, B00, S08, 1
S08, Trade, 4319476.743, 94, B00, S08, 1
S08, Trade, 4319481.593, 69, B02, S08, 1
S08, Trade, 4319490.343, 89, S08, B09, 1
S08, Trade, 4319498.643, 84, S08, B01, 1
S08, Trade, 4319509.493, 122, B01, S08, 1
S08, Trade, 4319521.743, 112, B06, S08, 1
S08, Trade, 4319525.643, 72, B04, S08, 1
S08, Trade, 4319533.493, 124, B08, S08, 1
S08, Trade, 4319541.393, 102, B03, S08, 1
S08, Trade, 4319548.393, 116, B01, S08, 1
S08, Trade, 4319562.843, 128, S08, B09, 1
S08, Trade, 4319568.493, 132, B03, S08, 1
S08, Trade, 4319577.793, 132, S08, B06, 1
S08, Trade, 4319589.993, 93, B07, S08, 1
S08, Trade, 4319605.493, 80, B01, S08, 1
S08, Trade, 4319621.493, 79, S08, B08, 1
S08, Trade, 4319632.393, 76, B07, S08, 1
S08, Trade, 4319647.793, 138, B09, S08, 1
S08, Trade, 4319652.793, 72, S08, B07, 1
S08, Trade, 4319663.593, 79, S08, B09, 1
S08, Trade, 4319672.493, 85, S08, B00, 1
S08, Trade, 4319674.043, 133, B03, S08, 1
S08, Trade, 4319680.243, 74, S08, B01, 1
S08, Trade, 4319683.693, 113, S08, B05, 1
S08, Trade, 4319694.493, 102, B05, S08, 1
S08, Trade, 4319700.243, 134, B04, S08, 1
S08, Trade, 4319702.643, 127, B06, S08, 1
S08, Trade, 4319716.193, 62, S08, B04, 1
S08, Trade, 4319720.893, 97, S08, B05, 1
S08, Trade, 4319722.593, 97, B01, S08, 1
S08, Trade, 4319729.543, 121, S08, B08, 1
S08, Trade, 4319733.443, 113, B05, S08, 1
S08, Trade, 4319742.943, 124, S08, B05, 1
S08, Trade, 4319749.793, 104, B00, S08, 1
S08, Trade, 4319755.493, 124, B06, S08, 1
S08, Trade, 4319764.643, 126, B06, S08, 1
S08, Trade, 4319765.743, 132, B01, S08, 1
S08, Trade, 4319770.943, 140, B03, S08, 1
S08, Trade, 4319786.093, 64, S08, B01, 1
S08, Trade, 4319788.893, 121, S08, B06, 1
S08, Trade, 4319800.093, 138, B06, S08, 1
S08, Trade, 4319807.943, 128, B08, S08, 1
S08, Trade, 4319813.543, 130, S08, B05, 1
S08, Trade, 4319836.843, 86, S08, B09, 1
S08, Trade, 4319842.243, 73, S08, B08, 1
S08, Trade, 4319844.993, 87, B09, S08, 1
S08, Trade, 4319856.043, 105, S08, B01, 1
S08, Trade, 4319870.693, 109, B03, S08, 1
S08, Trade, 4319876.693, 66, S08, B00, 1
S08, Trade, 4319882.043, 112, B01, S08, 1
S08, Trade, 4319894.543, 64, S08, B05, 1
S08, Trade, 4319897.943, 118, S08, B08, 1
S08, Trade, 4319903.343, 122, B06, S08, 1
S08, Trade, 4319906.243, 136, B02, S08, 1
S08, Trade, 4319918.443, 118, B06, S08, 1
S08, Trade, 4319924.343, 87, B09, S08, 1
S08, Trade, 4319931.243, 111, B02, S08, 1
S08, Trade, 4319939.643, 138, B06, S08, 1
S08, Trade, 4319951.993, 126, B04, S08, 1
S08, Trade, 4319960.043, 133, S08, B06, 1
S08, Trade, 4319963.543, 125, B01, S08, 1
S08, Trade, 4319969.243, 130, S08, B01, 1
S08, Trade, 4319976.343, 85, S08, B08, 1
S08, Trade, 4319980.693, 70, B05, S08, 1
S08, Trade, 4319984.343, 63, S08, B05, 1
S08, Trade, 4319995.443, 69, B02, S08, 1
S09, 100
S09, Trade, 4319415.893, 79, S09, B07, 1
S09, Trade, 4319416.993, 69, S09, B01, 1
S09, Trade, 4319423.793, 112, S09, B01, 1
S09, Trade, 4319429.693, 77, S09, B00, 1
S09, Trade, 4319433.793, 121, S09, B00, 1
S09, Trade, 4319439.593, 75, B07, S09, 1
S09, Trade, 4319448.443, 133, S09, B09, 1
S09, Trade, 4319452.293, 115, B01, S09, 1
S09, Trade, 4319456.143, 120, B07, S09, 1
S09, Trade, 4319463.143, 106, S09, B00, 1
S09, Trade, 4319469.043, 88, B05, S09, 1
S09, Trade, 4319470.993, 92, B04, S09, 1
S09, Trade, 4319479.543, 108, B06, S09, 1
S09, Trade, 4319483.293, 109, B00, S09, 1
S09, Trade, 4319495.743, 114, B00, S09, 1
S09, Trade, 4319499.643, 71, S09, B08, 1
S09, Trade, 4319503.093, 82, S09, B06, 1
S09, Trade, 4319509.543, 122, B00, S09, 1
S09, Trade, 4319512.143, 129, B06, S09, 1
S09, Trade, 4319519.243, 116, B09, S09, 1
S09, Trade, 4319524.443, 86, S09, B09, 1
S09, Trade, 4319530.443, 99, B03, S09, 1
S09, Trade, 4319532.693, 102, B02, S09, 1
S09, Trade, 4319539.843, 108, B06, S09, 1
S09, Trade, 4319551.143, 126, S09, B06, 1
S09, Trade, 4319558.243, 137, B09, S09, 1
S09, Trade, 4319567.193, 73, S09, B08, 1
S09, Trade, 4319571.993, 113, S09, B05, 1
S09, Trade, 4319577.693, 107, B03, S09, 1
S09, Trade, 4319581.793, 63, S09, B05, 1
S09, Trade, 4319589.893, 129, B06, S09, 1
S09, Trade, 4319594.993, 79, S09, B06, 1
S09, Trade, 4319608.593, 75, S09, B05, 1
S09, Trade, 4319614.493, 76, S09, B00, 1
S09, Trade, 4319617.643, 106, B02, S09, 1
S09, Trade, 4319621.093, 96, S09, B01, 1
S09, Trade, 4319624.143, 112, B09, S09, 1
S09, Trade, 4319633.993, 107, B01, S09, 1
S09, Trade, 4319641.593, 112, S09, B05, 1
S09, Trade, 4319644.893, 119, B06, S09, 1
S09, Trade, 4319655.543, 63, S09, B07, 1
S09, Trade, 4319657.793, 126, B05, S09, 1
S09, Trade, 4319664.693, 99, S09, B00, 1
S09, Trade, 4319668.843, 88, B04, S09, 1
S09, Trade, 4319676.843, 91, S09, B05, 1
S09, Trade, 4319683.293, 65, S09, B06, 1
S09, Trade, 4319688.893, 98, B04, S09, 1
S09, Trade, 4319691.843, 111, B01, S09, 1
S09, Trade, 4319696.243, 108, B06, S09, 1
S09, Trade, 4319704.843, 127, B01, S09, 1
S09, Trade, 4319711.843, 73, B03, S09, 1
S09, Trade, 4319716.393, 118, B03, S09, 1
S09, Trade, 4319726.293, 94, B04, S09, 1
S09, Trade, 4319728.443, 120, B03, S09, 1
S09, Trade, 4319731.643, 123, B00, S09, 1
S09, Trade, 4319738.693, 137, B06, S09, 1
S09, Trade, 4319742.643, 88, B04, S09, 1
S09, Trade, 4319749.643, 108, B07, S09, 1
S09, Trade, 4319763.993, 133, B04, S09, 1
S09, Trade, 4319773.243, 96, B08, S09, 1
S09, Trade, 4319778.443, 118, B03, S09, 1
S09, Trade, 4319780.293, 110, B06, S09, 1
S09, Trade, 4319782.443, 78, B07, S09, 1
S09, Trade, 4319791.443, 86, S09, B09, 1
S09, Trade, 4319797.043, 88, S09, B05, 1
S09, Trade, 4319800.493, 98, B07, S09, 1
S09, Trade, 4319804.643, 98, B03, S09, 1
S09, Trade, 4319813.143, 123, B06, S09, 1
S09, Trade, 4319814.643, 135, B08, S09, 1
S09, Trade, 4319825.643, 68, S09, B07, 1
S09, Trade, 4319834.993, 65, S09, B06, 1
S09, Trade, 4319836.793, 82, B02, S09, 1
S09, Trade, 4319839.893, 137, B09, S09, 1
S09, Trade, 4319843.693, 83, B04, S09, 1
S09, Trade, 4319851.643, 80, B01, S09, 1
S09, Trade, 4319857.043, 79, B03, S09, 1
S09, Trade, 4319866.243, 83, S09, B01, 1
S09, Trade, 4319870.643, 133, B01, S09, 1
S09, Trade, 4319877.843, 71, S09, B06, 1
S09, Trade, 4319880.993, 80, S09, B09, 1
S09, Trade, 4319888.543, 64, B04, S09, 1
S09, Trade, 4319892.693, 107, B04, S09, 1
S09, Trade, 4319898.493, 99, B07, S09, 1
S09, Trade, 4319902.543, 123, B03, S09, 1
S09, Trade, 4319907.193, 119, B09, S09, 1
S09, Trade, 4319914.593, 117, S09, B01, 1
S09, Trade, 4319921.993, 116, S09, B06, 1
S09, Trade, 4319930.743, 129, B03, S09, 1
S09, Trade, 4319937.543, 134, B09, S09, 1
S09, Trade, 4319938.493, 80, B08, S09, 1
S09, Trade, 4319943.643, 75, B06, S09, 1
S09, Trade, 4319946.293, 89, B07, S09, 1
S09, Trade, 4319954.543, 136, B01, S09, 1
S09, Trade, 4319956.443, 66, S09, B08, 1
S09, Trade, 4319967.993, 61, S09, B00, 1
S09, Trade, 4319971.293, 62, B04, S09, 1
S09, Trade, 4319975.643, 70, S09, B09, 1
S09, Trade, 4319985.343, 67, S09, B00, 1
S09, Trade, 4319990.093, 133, B09, S09, 1
S09, Trade, 4319995.693, 91, B05, S09, 1
