t=,0, id=,B02, PRDE,actvstrat=,-0.104958, actvprof=,0.000000, id=,B03, PRDE,actvstrat=,-0.098905, actvprof=,0.000000, id=,B05, PRDE,actvstrat=,-0.525642, actvprof=,0.000000, id=,B06, PRDE,actvstrat=,0.830644, actvprof=,0.000000, id=,B09, PRDE,actvstrat=,-0.281355, actvprof=,0.000000, id=,S00, PRDE,actvstrat=,-0.039741, actvprof=,0.000000, id=,S02, PRDE,actvstrat=,-0.668294, actvprof=,0.000000, id=,S05, PRDE,actvstrat=,-0.692819, actvprof=,0.000000, id=,S06, PRDE,actvstrat=,0.847354, actvprof=,0.000000, id=,S07, PRDE,actvstrat=,0.863813, actvprof=,0.000000, best_B_id=,B02, best_B_prof=,0.000000, best_B_strat=,-0.104958, best_S_id=,S00, best_S_prof=,0.000000, best_S_strat=,-0.039741, 
t=,3600, id=,B02, PRDE,actvstrat=,-0.104958, actvprof=,0.000000, id=,B03, PRDE,actvstrat=,-0.098905, actvprof=,0.000000, id=,B05, PRDE,actvstrat=,-0.525642, actvprof=,0.151665, id=,B06, PRDE,actvstrat=,0.830644, actvprof=,2.396633, id=,B09, PRDE,actvstrat=,-0.281355, actvprof=,5.081874, id=,S00, PRDE,actvstrat=,-0.039741, actvprof=,4.809933, id=,S02, PRDE,actvstrat=,-0.668294, actvprof=,1.016930, id=,S05, PRDE,actvstrat=,-0.692819, actvprof=,0.016111, id=,S06, PRDE,actvstrat=,0.847354, actvprof=,0.017222, id=,S07, PRDE,actvstrat=,0.863813, actvprof=,0.000000, best_B_id=,B09, best_B_prof=,5.081874, best_B_strat=,-0.281355, best_S_id=,S00, best_S_prof=,4.809933, best_S_strat=,-0.039741, 
t=,7200, id=,B02, PRDE,actvstrat=,0.422284, actvprof=,0.000000, id=,B03, PRDE,actvstrat=,0.717265, actvprof=,0.000000, id=,B05, PRDE,actvstrat=,0.065776, actvprof=,0.000000, id=,B06, PRDE,actvstrat=,0.803216, actvprof=,0.000000, id=,B09, PRDE,actvstrat=,0.281731, actvprof=,0.000000, id=,S00, PRDE,actvstrat=,-0.320246, actvprof=,0.000000, id=,S02, PRDE,actvstrat=,-0.385157, actvprof=,0.000000, id=,S05, PRDE,actvstrat=,0.228025, actvprof=,0.000000, id=,S06, PRDE,actvstrat=,0.185188, actvprof=,0.000000, id=,S07, PRDE,actvstrat=,0.770924, actvprof=,0.000000, best_B_id=,B02, best_B_prof=,0.000000, best_B_strat=,0.422284, best_S_id=,S00, best_S_prof=,0.000000, best_S_strat=,-0.320246, 
t=,10800, id=,B02, PRDE,actvstrat=,0.422284, actvprof=,0.000000, id=,B03, PRDE,actvstrat=,0.717265, actvprof=,0.008889, id=,B05, PRDE,actvstrat=,0.065776, actvprof=,0.182775, id=,B06, PRDE,actvstrat=,0.803216, actvprof=,1.904974, id=,B09, PRDE,actvstrat=,0.281731, actvprof=,5.566589, id=,S00, PRDE,actvstrat=,-0.320246, actvprof=,4.484104, id=,S02, PRDE,actvstrat=,-0.385157, actvprof=,1.323871, id=,S05, PRDE,actvstrat=,0.228025, actvprof=,0.102776, id=,S06, PRDE,actvstrat=,0.185188, actvprof=,0.023889, id=,S07, PRDE,actvstrat=,0.770924, actvprof=,0.018333, best_B_id=,B09, best_B_prof=,5.566589, best_B_strat=,0.281731, best_S_id=,S00, best_S_prof=,4.484104, best_S_strat=,-0.320246, 
t=,14400, id=,B02, PRDE,actvstrat=,-0.773898, actvprof=,0.000000, id=,B03, PRDE,actvstrat=,0.062323, actvprof=,0.000000, id=,B05, PRDE,actvstrat=,0.477121, actvprof=,0.000000, id=,B06, PRDE,actvstrat=,-0.492436, actvprof=,0.000000, id=,B09, PRDE,actvstrat=,0.662123, actvprof=,0.000000, id=,S00, PRDE,actvstrat=,0.791092, actvprof=,0.000000, id=,S02, PRDE,actvstrat=,0.907977, actvprof=,0.000000, id=,S05, PRDE,actvstrat=,0.228025, actvprof=,0.000000, id=,S06, PRDE,actvstrat=,-0.973159, actvprof=,0.000000, id=,S07, PRDE,actvstrat=,-0.350697, actvprof=,0.000000, best_B_id=,B02, best_B_prof=,0.000000, best_B_strat=,-0.773898, best_S_id=,S00, best_S_prof=,0.000000, best_S_strat=,0.791092, 
t=,18000, id=,B02, PRDE,actvstrat=,-0.773898, actvprof=,0.008056, id=,B03, PRDE,actvstrat=,0.062323, actvprof=,0.078889, id=,B05, PRDE,actvstrat=,0.477121, actvprof=,1.341111, id=,B06, PRDE,actvstrat=,-0.492436, actvprof=,1.377222, id=,B09, PRDE,actvstrat=,0.662123, actvprof=,7.910000, id=,S00, PRDE,actvstrat=,0.791092, actvprof=,5.095278, id=,S02, PRDE,actvstrat=,0.907977, actvprof=,2.413611, id=,S05, PRDE,actvstrat=,0.228025, actvprof=,0.048333, id=,S06, PRDE,actvstrat=,-0.973159, actvprof=,0.043056, id=,S07, PRDE,actvstrat=,-0.350697, actvprof=,0.002222, best_B_id=,B09, best_B_prof=,7.910000, best_B_strat=,0.662123, best_S_id=,S00, best_S_prof=,5.095278, best_S_strat=,0.791092, 
t=,21600, id=,B02, PRDE,actvstrat=,0.417978, actvprof=,0.000000, id=,B03, PRDE,actvstrat=,0.728349, actvprof=,0.000000, id=,B05, PRDE,actvstrat=,0.254449, actvprof=,0.000000, id=,B06, PRDE,actvstrat=,0.467773, actvprof=,0.000000, id=,B09, PRDE,actvstrat=,-0.247459, actvprof=,0.000000, id=,S00, PRDE,actvstrat=,-0.098431, actvprof=,0.000000, id=,S02, PRDE,actvstrat=,-0.375858, actvprof=,0.000000, id=,S05, PRDE,actvstrat=,-0.071026, actvprof=,0.000000, id=,S06, PRDE,actvstrat=,0.185188, actvprof=,0.000000, id=,S07, PRDE,actvstrat=,-0.003378, actvprof=,0.000000, best_B_id=,B02, best_B_prof=,0.000000, best_B_strat=,0.417978, best_S_id=,S00, best_S_prof=,0.000000, best_S_strat=,-0.098431, 
t=,25200, id=,B02, PRDE,actvstrat=,0.417978, actvprof=,0.000000, id=,B03, PRDE,actvstrat=,0.728349, actvprof=,0.011111, id=,B05, PRDE,actvstrat=,0.254449, actvprof=,0.374733, id=,B06, PRDE,actvstrat=,0.467773, actvprof=,1.714770, id=,B09, PRDE,actvstrat=,-0.247459, actvprof=,4.790689, id=,S00, PRDE,actvstrat=,-0.098431, actvprof=,4.330954, id=,S02, PRDE,actvstrat=,-0.375858, actvprof=,1.186700, id=,S05, PRDE,actvstrat=,-0.071026, actvprof=,0.026390, id=,S06, PRDE,actvstrat=,0.185188, actvprof=,0.009722, id=,S07, PRDE,actvstrat=,-0.003378, actvprof=,0.000000, best_B_id=,B09, best_B_prof=,4.790689, best_B_strat=,-0.247459, best_S_id=,S00, best_S_prof=,4.330954, best_S_strat=,-0.098431, 
t=,28800, id=,B02, PRDE,actvstrat=,0.417978, actvprof=,0.000000, id=,B03, PRDE,actvstrat=,0.728349, actvprof=,0.009028, id=,B05, PRDE,actvstrat=,0.254449, actvprof=,0.349449, id=,B06, PRDE,actvstrat=,0.467773, actvprof=,1.642106, id=,B09, PRDE,actvstrat=,-0.247459, actvprof=,4.775066, id=,S00, PRDE,actvstrat=,-0.098431, actvprof=,4.500618, id=,S02, PRDE,actvstrat=,-0.375858, actvprof=,1.226128, id=,S05, PRDE,actvstrat=,-0.071026, actvprof=,0.032917, id=,S06, PRDE,actvstrat=,0.185188, actvprof=,0.010000, id=,S07, PRDE,actvstrat=,-0.003378, actvprof=,0.000000, best_B_id=,B09, best_B_prof=,4.775066, best_B_strat=,-0.247459, best_S_id=,S00, best_S_prof=,4.500618, best_S_strat=,-0.098431, 
t=,32400, id=,B02, PRDE,actvstrat=,-0.773898, actvprof=,0.000000, id=,B03, PRDE,actvstrat=,0.728349, actvprof=,0.003611, id=,B05, PRDE,actvstrat=,0.254449, actvprof=,0.476687, id=,B06, PRDE,actvstrat=,0.274538, actvprof=,1.560621, id=,B09, PRDE,actvstrat=,-0.463895, actvprof=,4.716030, id=,S00, PRDE,actvstrat=,0.409523, actvprof=,5.520508, id=,S02, PRDE,actvstrat=,-0.385157, actvprof=,0.975041, id=,S05, PRDE,actvstrat=,-0.249180, actvprof=,0.017779, id=,S06, PRDE,actvstrat=,-0.458963, actvprof=,0.003056, id=,S07, PRDE,actvstrat=,0.586739, actvprof=,0.005278, best_B_id=,B09, best_B_prof=,4.716030, best_B_strat=,-0.463895, best_S_id=,S00, best_S_prof=,5.520508, best_S_strat=,0.409523, 
t=,36000, id=,B02, PRDE,actvstrat=,-0.773898, actvprof=,0.000000, id=,B03, PRDE,actvstrat=,0.728349, actvprof=,0.015834, id=,B05, PRDE,actvstrat=,0.254449, actvprof=,0.493205, id=,B06, PRDE,actvstrat=,0.274538, actvprof=,1.586144, id=,B09, PRDE,actvstrat=,-0.463895, actvprof=,4.716348, id=,S00, PRDE,actvstrat=,0.409523, actvprof=,5.499698, id=,S02, PRDE,actvstrat=,-0.385157, actvprof=,0.977381, id=,S05, PRDE,actvstrat=,-0.249180, actvprof=,0.014723, id=,S06, PRDE,actvstrat=,-0.458963, actvprof=,0.003889, id=,S07, PRDE,actvstrat=,0.586739, actvprof=,0.003195, best_B_id=,B09, best_B_prof=,4.716348, best_B_strat=,-0.463895, best_S_id=,S00, best_S_prof=,5.499698, best_S_strat=,0.409523, 
t=,39600, id=,B02, PRDE,actvstrat=,-0.094837, actvprof=,0.000000, id=,B03, PRDE,actvstrat=,-0.510167, actvprof=,0.000000, id=,B05, PRDE,actvstrat=,-0.487900, actvprof=,0.271404, id=,B06, PRDE,actvstrat=,-0.005023, actvprof=,1.779543, id=,B09, PRDE,actvstrat=,0.180747, actvprof=,7.104284, id=,S00, PRDE,actvstrat=,-0.320246, actvprof=,2.884327, id=,S02, PRDE,actvstrat=,-0.784258, actvprof=,0.476138, id=,S05, PRDE,actvstrat=,0.999692, actvprof=,0.016668, id=,S06, PRDE,actvstrat=,0.047331, actvprof=,0.000000, id=,S07, PRDE,actvstrat=,0.066506, actvprof=,0.000556, best_B_id=,B09, best_B_prof=,7.104284, best_B_strat=,0.180747, best_S_id=,S00, best_S_prof=,2.884327, best_S_strat=,-0.320246, 
t=,43200, id=,B02, PRDE,actvstrat=,-0.094837, actvprof=,0.000000, id=,B03, PRDE,actvstrat=,-0.510167, actvprof=,0.000000, id=,B05, PRDE,actvstrat=,-0.487900, actvprof=,0.264452, id=,B06, PRDE,actvstrat=,-0.005023, actvprof=,1.730048, id=,B09, PRDE,actvstrat=,0.180747, actvprof=,7.095892, id=,S00, PRDE,actvstrat=,-0.320246, actvprof=,2.998556, id=,S02, PRDE,actvstrat=,-0.784258, actvprof=,0.439734, id=,S05, PRDE,actvstrat=,0.999692, actvprof=,0.010973, id=,S06, PRDE,actvstrat=,0.047331, actvprof=,0.001111, id=,S07, PRDE,actvstrat=,0.066506, actvprof=,0.000278, best_B_id=,B09, best_B_prof=,7.095892, best_B_strat=,0.180747, best_S_id=,S00, best_S_prof=,2.998556, best_S_strat=,-0.320246, 
t=,46800, id=,B02, PRDE,actvstrat=,-0.094837, actvprof=,0.000000, id=,B03, PRDE,actvstrat=,0.704590, actvprof=,0.003056, id=,B05, PRDE,actvstrat=,0.748781, actvprof=,0.203347, id=,B06, PRDE,actvstrat=,0.803216, actvprof=,1.385374, id=,B09, PRDE,actvstrat=,0.180747, actvprof=,4.901729, id=,S00, PRDE,actvstrat=,-0.098431, actvprof=,5.200917, id=,S02, PRDE,actvstrat=,-0.784258, actvprof=,1.199806, id=,S05, PRDE,actvstrat=,-0.827983, actvprof=,0.064449, id=,S06, PRDE,actvstrat=,0.926464, actvprof=,0.058893, id=,S07, PRDE,actvstrat=,-0.350697, actvprof=,0.001667, best_B_id=,B09, best_B_prof=,4.901729, best_B_strat=,0.180747, best_S_id=,S00, best_S_prof=,5.200917, best_S_strat=,-0.098431, 
t=,50400, id=,B02, PRDE,actvstrat=,-0.094837, actvprof=,0.000000, id=,B03, PRDE,actvstrat=,0.704590, actvprof=,0.002778, id=,B05, PRDE,actvstrat=,0.748781, actvprof=,0.209174, id=,B06, PRDE,actvstrat=,0.803216, actvprof=,1.394493, id=,B09, PRDE,actvstrat=,0.180747, actvprof=,5.020730, id=,S00, PRDE,actvstrat=,-0.098431, actvprof=,5.355186, id=,S02, PRDE,actvstrat=,-0.784258, actvprof=,1.146290, id=,S05, PRDE,actvstrat=,-0.827983, actvprof=,0.043890, id=,S06, PRDE,actvstrat=,0.926464, actvprof=,0.045835, id=,S07, PRDE,actvstrat=,-0.350697, actvprof=,0.000833, best_B_id=,B09, best_B_prof=,5.020730, best_B_strat=,0.180747, best_S_id=,S00, best_S_prof=,5.355186, best_S_strat=,-0.098431, 
t=,54000, id=,B02, PRDE,actvstrat=,0.500053, actvprof=,0.000556, id=,B03, PRDE,actvstrat=,-0.050504, actvprof=,0.002500, id=,B05, PRDE,actvstrat=,0.477121, actvprof=,1.214529, id=,B06, PRDE,actvstrat=,-0.801077, actvprof=,0.802278, id=,B09, PRDE,actvstrat=,-0.247459, actvprof=,6.350719, id=,S00, PRDE,actvstrat=,-0.252351, actvprof=,2.906869, id=,S02, PRDE,actvstrat=,0.821159, actvprof=,2.472116, id=,S05, PRDE,actvstrat=,-0.071026, actvprof=,0.015279, id=,S06, PRDE,actvstrat=,0.334290, actvprof=,0.005556, id=,S07, PRDE,actvstrat=,-0.663662, actvprof=,0.000000, best_B_id=,B09, best_B_prof=,6.350719, best_B_strat=,-0.247459, best_S_id=,S00, best_S_prof=,2.906869, best_S_strat=,-0.252351, 
t=,57600, id=,B02, PRDE,actvstrat=,0.500053, actvprof=,0.000278, id=,B03, PRDE,actvstrat=,-0.050504, actvprof=,0.003611, id=,B05, PRDE,actvstrat=,0.477121, actvprof=,1.225164, id=,B06, PRDE,actvstrat=,-0.801077, actvprof=,0.874463, id=,B09, PRDE,actvstrat=,-0.247459, actvprof=,6.165684, id=,S00, PRDE,actvstrat=,-0.252351, actvprof=,2.977840, id=,S02, PRDE,actvstrat=,0.821159, actvprof=,2.411161, id=,S05, PRDE,actvstrat=,-0.071026, actvprof=,0.014584, id=,S06, PRDE,actvstrat=,0.334290, actvprof=,0.007917, id=,S07, PRDE,actvstrat=,-0.663662, actvprof=,0.000000, best_B_id=,B09, best_B_prof=,6.165684, best_B_strat=,-0.247459, best_S_id=,S00, best_S_prof=,2.977840, best_S_strat=,-0.252351, 
t=,61200, id=,B02, PRDE,actvstrat=,0.500053, actvprof=,0.003056, id=,B03, PRDE,actvstrat=,-0.510167, actvprof=,0.004723, id=,B05, PRDE,actvstrat=,-0.487900, actvprof=,0.567539, id=,B06, PRDE,actvstrat=,-0.005023, actvprof=,2.260990, id=,B09, PRDE,actvstrat=,-0.247459, actvprof=,6.498785, id=,S00, PRDE,actvstrat=,-0.094594, actvprof=,2.894923, id=,S02, PRDE,actvstrat=,0.821159, actvprof=,2.021529, id=,S05, PRDE,actvstrat=,0.618309, actvprof=,0.044170, id=,S06, PRDE,actvstrat=,-0.458963, actvprof=,0.000000, id=,S07, PRDE,actvstrat=,-0.617197, actvprof=,0.000000, best_B_id=,B09, best_B_prof=,6.498785, best_B_strat=,-0.247459, best_S_id=,S00, best_S_prof=,2.894923, best_S_strat=,-0.094594, 
t=,64800, id=,B02, PRDE,actvstrat=,0.500053, actvprof=,0.002361, id=,B03, PRDE,actvstrat=,-0.510167, actvprof=,0.006806, id=,B05, PRDE,actvstrat=,-0.487900, actvprof=,0.511546, id=,B06, PRDE,actvstrat=,-0.005023, actvprof=,2.262856, id=,B09, PRDE,actvstrat=,-0.247459, actvprof=,6.466197, id=,S00, PRDE,actvstrat=,-0.094594, actvprof=,2.935241, id=,S02, PRDE,actvstrat=,0.821159, actvprof=,2.112157, id=,S05, PRDE,actvstrat=,0.618309, actvprof=,0.052502, id=,S06, PRDE,actvstrat=,-0.458963, actvprof=,0.001667, id=,S07, PRDE,actvstrat=,-0.617197, actvprof=,0.000000, best_B_id=,B09, best_B_prof=,6.466197, best_B_strat=,-0.247459, best_S_id=,S00, best_S_prof=,2.935241, best_S_strat=,-0.094594, 
t=,68400, id=,B02, PRDE,actvstrat=,-0.830718, actvprof=,0.000000, id=,B03, PRDE,actvstrat=,0.062323, actvprof=,0.000278, id=,B05, PRDE,actvstrat=,0.477121, actvprof=,0.450038, id=,B06, PRDE,actvstrat=,0.467773, actvprof=,1.688474, id=,B09, PRDE,actvstrat=,-0.245192, actvprof=,4.921243, id=,S00, PRDE,actvstrat=,-0.252351, actvprof=,3.918660, id=,S02, PRDE,actvstrat=,-0.480497, actvprof=,1.188710, id=,S05, PRDE,actvstrat=,-0.650799, actvprof=,0.007223, id=,S06, PRDE,actvstrat=,0.990939, actvprof=,0.009723, id=,S07, PRDE,actvstrat=,-0.350697, actvprof=,0.000000, best_B_id=,B09, best_B_prof=,4.921243, best_B_strat=,-0.245192, best_S_id=,S00, best_S_prof=,3.918660, best_S_strat=,-0.252351, 
t=,72000, id=,B02, PRDE,actvstrat=,-0.830718, actvprof=,0.000000, id=,B03, PRDE,actvstrat=,0.062323, actvprof=,0.000139, id=,B05, PRDE,actvstrat=,0.477121, actvprof=,0.422654, id=,B06, PRDE,actvstrat=,0.467773, actvprof=,1.689225, id=,B09, PRDE,actvstrat=,-0.245192, actvprof=,4.824195, id=,S00, PRDE,actvstrat=,-0.252351, actvprof=,3.881940, id=,S02, PRDE,actvstrat=,-0.480497, actvprof=,1.126706, id=,S05, PRDE,actvstrat=,-0.650799, actvprof=,0.008473, id=,S06, PRDE,actvstrat=,0.990939, actvprof=,0.010417, id=,S07, PRDE,actvstrat=,-0.350697, actvprof=,0.000694, best_B_id=,B09, best_B_prof=,4.824195, best_B_strat=,-0.245192, best_S_id=,S00, best_S_prof=,3.881940, best_S_strat=,-0.252351, 
t=,75600, id=,B02, PRDE,actvstrat=,0.500053, actvprof=,0.000556, id=,B03, PRDE,actvstrat=,-0.050504, actvprof=,0.003889, id=,B05, PRDE,actvstrat=,0.408398, actvprof=,0.917576, id=,B06, PRDE,actvstrat=,-0.906808, actvprof=,0.445037, id=,B09, PRDE,actvstrat=,-0.247459, actvprof=,5.781871, id=,S00, PRDE,actvstrat=,0.776691, actvprof=,5.758535, id=,S02, PRDE,actvstrat=,-0.375858, actvprof=,0.545879, id=,S05, PRDE,actvstrat=,-0.827983, actvprof=,0.021946, id=,S06, PRDE,actvstrat=,-0.530157, actvprof=,0.000000, id=,S07, PRDE,actvstrat=,-0.350697, actvprof=,0.001945, best_B_id=,B09, best_B_prof=,5.781871, best_B_strat=,-0.247459, best_S_id=,S00, best_S_prof=,5.758535, best_S_strat=,0.776691, 
t=,79200, id=,B02, PRDE,actvstrat=,0.500053, actvprof=,0.000278, id=,B03, PRDE,actvstrat=,-0.050504, actvprof=,0.006806, id=,B05, PRDE,actvstrat=,0.408398, actvprof=,0.891287, id=,B06, PRDE,actvstrat=,-0.906808, actvprof=,0.398906, id=,B09, PRDE,actvstrat=,-0.247459, actvprof=,5.843160, id=,S00, PRDE,actvstrat=,0.776691, actvprof=,5.711349, id=,S02, PRDE,actvstrat=,-0.375858, actvprof=,0.477659, id=,S05, PRDE,actvstrat=,-0.827983, actvprof=,0.015834, id=,S06, PRDE,actvstrat=,-0.530157, actvprof=,0.002361, id=,S07, PRDE,actvstrat=,-0.350697, actvprof=,0.000972, best_B_id=,B09, best_B_prof=,5.843160, best_B_strat=,-0.247459, best_S_id=,S00, best_S_prof=,5.711349, best_S_strat=,0.776691, 
t=,82800, id=,B02, PRDE,actvstrat=,-0.222845, actvprof=,0.000000, id=,B03, PRDE,actvstrat=,-0.050504, actvprof=,0.000278, id=,B05, PRDE,actvstrat=,-0.752543, actvprof=,0.190571, id=,B06, PRDE,actvstrat=,-0.801077, actvprof=,0.606162, id=,B09, PRDE,actvstrat=,-0.245192, actvprof=,5.816874, id=,S00, PRDE,actvstrat=,-0.320246, actvprof=,1.947107, id=,S02, PRDE,actvstrat=,-0.385157, actvprof=,0.386977, id=,S05, PRDE,actvstrat=,0.618309, actvprof=,0.013890, id=,S06, PRDE,actvstrat=,0.185188, actvprof=,0.003611, id=,S07, PRDE,actvstrat=,-0.311653, actvprof=,0.000000, best_B_id=,B09, best_B_prof=,5.816874, best_B_strat=,-0.245192, best_S_id=,S00, best_S_prof=,1.947107, best_S_strat=,-0.320246, 
t=,86400, id=,B02, PRDE,actvstrat=,-0.222845, actvprof=,0.000000, id=,B03, PRDE,actvstrat=,-0.050504, actvprof=,0.000139, id=,B05, PRDE,actvstrat=,-0.752543, actvprof=,0.189036, id=,B06, PRDE,actvstrat=,-0.801077, actvprof=,0.637388, id=,B09, PRDE,actvstrat=,-0.245192, actvprof=,5.853022, id=,S00, PRDE,actvstrat=,-0.320246, actvprof=,1.916191, id=,S02, PRDE,actvstrat=,-0.385157, actvprof=,0.372516, id=,S05, PRDE,actvstrat=,0.618309, actvprof=,0.015556, id=,S06, PRDE,actvstrat=,0.185188, actvprof=,0.001806, id=,S07, PRDE,actvstrat=,-0.311653, actvprof=,0.000000, best_B_id=,B09, best_B_prof=,5.853022, best_B_strat=,-0.245192, best_S_id=,S00, best_S_prof=,1.916191, best_S_strat=,-0.320246, 
t=,90000, id=,B02, PRDE,actvstrat=,0.500053, actvprof=,0.000000, id=,B03, PRDE,actvstrat=,0.717265, actvprof=,0.005278, id=,B05, PRDE,actvstrat=,0.065776, actvprof=,0.456983, id=,B06, PRDE,actvstrat=,-0.361460, actvprof=,0.763953, id=,B09, PRDE,actvstrat=,-0.245192, actvprof=,5.332111, id=,S00, PRDE,actvstrat=,-0.252351, actvprof=,2.300747, id=,S02, PRDE,actvstrat=,-0.278896, actvprof=,0.652277, id=,S05, PRDE,actvstrat=,0.618309, actvprof=,0.028336, id=,S06, PRDE,actvstrat=,0.185188, actvprof=,0.000278, id=,S07, PRDE,actvstrat=,0.218870, actvprof=,0.000833, best_B_id=,B09, best_B_prof=,5.332111, best_B_strat=,-0.245192, best_S_id=,S00, best_S_prof=,2.300747, best_S_strat=,-0.252351, 
t=,93600, id=,B02, PRDE,actvstrat=,0.500053, actvprof=,0.000000, id=,B03, PRDE,actvstrat=,0.717265, actvprof=,0.004028, id=,B05, PRDE,actvstrat=,0.065776, actvprof=,0.497660, id=,B06, PRDE,actvstrat=,-0.361460, actvprof=,0.814478, id=,B09, PRDE,actvstrat=,-0.245192, actvprof=,5.261469, id=,S00, PRDE,actvstrat=,-0.252351, actvprof=,2.157451, id=,S02, PRDE,actvstrat=,-0.278896, actvprof=,0.576413, id=,S05, PRDE,actvstrat=,0.618309, actvprof=,0.034446, id=,S06, PRDE,actvstrat=,0.185188, actvprof=,0.001389, id=,S07, PRDE,actvstrat=,0.218870, actvprof=,0.000417, best_B_id=,B09, best_B_prof=,5.261469, best_B_strat=,-0.245192, best_S_id=,S00, best_S_prof=,2.157451, best_S_strat=,-0.252351, 
t=,97200, id=,B02, PRDE,actvstrat=,-0.830718, actvprof=,0.000000, id=,B03, PRDE,actvstrat=,0.932898, actvprof=,0.003334, id=,B05, PRDE,actvstrat=,-0.138750, actvprof=,0.364197, id=,B06, PRDE,actvstrat=,-0.801077, actvprof=,0.635609, id=,B09, PRDE,actvstrat=,-0.247459, actvprof=,5.916604, id=,S00, PRDE,actvstrat=,-0.590028, actvprof=,1.834042, id=,S02, PRDE,actvstrat=,-0.375858, actvprof=,0.334472, id=,S05, PRDE,actvstrat=,-0.071026, actvprof=,0.000000, id=,S06, PRDE,actvstrat=,-0.973159, actvprof=,0.020835, id=,S07, PRDE,actvstrat=,-0.663662, actvprof=,0.000000, best_B_id=,B09, best_B_prof=,5.916604, best_B_strat=,-0.247459, best_S_id=,S00, best_S_prof=,1.834042, best_S_strat=,-0.590028, 
t=,100800, id=,B02, PRDE,actvstrat=,-0.830718, actvprof=,0.000000, id=,B03, PRDE,actvstrat=,0.932898, actvprof=,0.001806, id=,B05, PRDE,actvstrat=,-0.138750, actvprof=,0.327930, id=,B06, PRDE,actvstrat=,-0.801077, actvprof=,0.617526, id=,B09, PRDE,actvstrat=,-0.247459, actvprof=,6.061503, id=,S00, PRDE,actvstrat=,-0.590028, actvprof=,1.914246, id=,S02, PRDE,actvstrat=,-0.375858, actvprof=,0.380433, id=,S05, PRDE,actvstrat=,-0.071026, actvprof=,0.000972, id=,S06, PRDE,actvstrat=,-0.973159, actvprof=,0.016112, id=,S07, PRDE,actvstrat=,-0.663662, actvprof=,0.000000, best_B_id=,B09, best_B_prof=,6.061503, best_B_strat=,-0.247459, best_S_id=,S00, best_S_prof=,1.914246, best_S_strat=,-0.590028, 
t=,104400, id=,B02, PRDE,actvstrat=,-0.830718, actvprof=,0.000000, id=,B03, PRDE,actvstrat=,-0.510167, actvprof=,0.001389, id=,B05, PRDE,actvstrat=,-0.605543, actvprof=,0.171959, id=,B06, PRDE,actvstrat=,-0.801077, actvprof=,0.497541, id=,B09, PRDE,actvstrat=,0.192775, actvprof=,6.771398, id=,S00, PRDE,actvstrat=,-0.252351, actvprof=,2.171848, id=,S02, PRDE,actvstrat=,-0.385157, actvprof=,0.433925, id=,S05, PRDE,actvstrat=,-0.071026, actvprof=,0.033058, id=,S06, PRDE,actvstrat=,0.241086, actvprof=,0.002778, id=,S07, PRDE,actvstrat=,-0.350697, actvprof=,0.001667, best_B_id=,B09, best_B_prof=,6.771398, best_B_strat=,0.192775, best_S_id=,S00, best_S_prof=,2.171848, best_S_strat=,-0.252351, 
t=,108000, id=,B02, PRDE,actvstrat=,-0.830718, actvprof=,0.000000, id=,B03, PRDE,actvstrat=,-0.510167, actvprof=,0.001528, id=,B05, PRDE,actvstrat=,-0.605543, actvprof=,0.170979, id=,B06, PRDE,actvstrat=,-0.801077, actvprof=,0.522938, id=,B09, PRDE,actvstrat=,0.192775, actvprof=,6.795283, id=,S00, PRDE,actvstrat=,-0.252351, actvprof=,2.163423, id=,S02, PRDE,actvstrat=,-0.385157, actvprof=,0.434046, id=,S05, PRDE,actvstrat=,-0.071026, actvprof=,0.019862, id=,S06, PRDE,actvstrat=,0.241086, actvprof=,0.007084, id=,S07, PRDE,actvstrat=,-0.350697, actvprof=,0.003056, best_B_id=,B09, best_B_prof=,6.795283, best_B_strat=,0.192775, best_S_id=,S00, best_S_prof=,2.163423, best_S_strat=,-0.252351, 
t=,111600, id=,B02, PRDE,actvstrat=,-0.222845, actvprof=,0.000000, id=,B03, PRDE,actvstrat=,0.932898, actvprof=,0.001667, id=,B05, PRDE,actvstrat=,-0.138750, actvprof=,0.184182, id=,B06, PRDE,actvstrat=,-0.234798, actvprof=,0.843126, id=,B09, PRDE,actvstrat=,0.180747, actvprof=,6.111343, id=,S00, PRDE,actvstrat=,-0.588740, actvprof=,2.054616, id=,S02, PRDE,actvstrat=,-0.375858, actvprof=,0.572548, id=,S05, PRDE,actvstrat=,-0.071026, actvprof=,0.014446, id=,S06, PRDE,actvstrat=,0.185188, actvprof=,0.008890, id=,S07, PRDE,actvstrat=,0.767634, actvprof=,0.007223, best_B_id=,B09, best_B_prof=,6.111343, best_B_strat=,0.180747, best_S_id=,S00, best_S_prof=,2.054616, best_S_strat=,-0.588740, 
t=,115200, id=,B02, PRDE,actvstrat=,-0.222845, actvprof=,0.000000, id=,B03, PRDE,actvstrat=,0.932898, actvprof=,0.001250, id=,B05, PRDE,actvstrat=,-0.138750, actvprof=,0.154451, id=,B06, PRDE,actvstrat=,-0.234798, actvprof=,0.829062, id=,B09, PRDE,actvstrat=,0.180747, actvprof=,6.191786, id=,S00, PRDE,actvstrat=,-0.588740, actvprof=,2.242038, id=,S02, PRDE,actvstrat=,-0.375858, actvprof=,0.618776, id=,S05, PRDE,actvstrat=,-0.071026, actvprof=,0.014862, id=,S06, PRDE,actvstrat=,0.185188, actvprof=,0.008750, id=,S07, PRDE,actvstrat=,0.767634, actvprof=,0.007084, best_B_id=,B09, best_B_prof=,6.191786, best_B_strat=,0.180747, best_S_id=,S00, best_S_prof=,2.242038, best_S_strat=,-0.588740, 
t=,118800, id=,B02, PRDE,actvstrat=,0.500053, actvprof=,0.000278, id=,B03, PRDE,actvstrat=,0.062323, actvprof=,0.000833, id=,B05, PRDE,actvstrat=,-0.487900, actvprof=,0.055005, id=,B06, PRDE,actvstrat=,0.467773, actvprof=,1.627080, id=,B09, PRDE,actvstrat=,0.281731, actvprof=,6.138567, id=,S00, PRDE,actvstrat=,-0.588740, actvprof=,2.538823, id=,S02, PRDE,actvstrat=,-0.291070, actvprof=,0.818679, id=,S05, PRDE,actvstrat=,0.697516, actvprof=,0.088063, id=,S06, PRDE,actvstrat=,-0.973159, actvprof=,0.037781, id=,S07, PRDE,actvstrat=,-0.003378, actvprof=,0.000000, best_B_id=,B09, best_B_prof=,6.138567, best_B_strat=,0.281731, best_S_id=,S00, best_S_prof=,2.538823, best_S_strat=,-0.588740, 
t=,122400, id=,B02, PRDE,actvstrat=,0.500053, actvprof=,0.000139, id=,B03, PRDE,actvstrat=,0.062323, actvprof=,0.001111, id=,B05, PRDE,actvstrat=,-0.487900, actvprof=,0.068475, id=,B06, PRDE,actvstrat=,0.467773, actvprof=,1.659652, id=,B09, PRDE,actvstrat=,0.281731, actvprof=,6.062614, id=,S00, PRDE,actvstrat=,-0.588740, actvprof=,2.506771, id=,S02, PRDE,actvstrat=,-0.291070, actvprof=,0.756559, id=,S05, PRDE,actvstrat=,0.697516, actvprof=,0.087226, id=,S06, PRDE,actvstrat=,-0.973159, actvprof=,0.037085, id=,S07, PRDE,actvstrat=,-0.003378, actvprof=,0.000000, best_B_id=,B09, best_B_prof=,6.062614, best_B_strat=,0.281731, best_S_id=,S00, best_S_prof=,2.506771, best_S_strat=,-0.588740, 
t=,126000, id=,B02, PRDE,actvstrat=,0.768324, actvprof=,0.000000, id=,B03, PRDE,actvstrat=,0.728349, actvprof=,0.005556, id=,B05, PRDE,actvstrat=,0.477121, actvprof=,0.637553, id=,B06, PRDE,actvstrat=,-0.234798, actvprof=,0.821180, id=,B09, PRDE,actvstrat=,-0.247459, actvprof=,5.489624, id=,S00, PRDE,actvstrat=,-0.320246, actvprof=,2.383532, id=,S02, PRDE,actvstrat=,-0.480497, actvprof=,0.487818, id=,S05, PRDE,actvstrat=,0.922641, actvprof=,0.038614, id=,S06, PRDE,actvstrat=,0.185188, actvprof=,0.000000, id=,S07, PRDE,actvstrat=,0.767634, actvprof=,0.003611, best_B_id=,B09, best_B_prof=,5.489624, best_B_strat=,-0.247459, best_S_id=,S00, best_S_prof=,2.383532, best_S_strat=,-0.320246, 
t=,129600, id=,B02, PRDE,actvstrat=,0.768324, actvprof=,0.000000, id=,B03, PRDE,actvstrat=,0.728349, actvprof=,0.002778, id=,B05, PRDE,actvstrat=,0.477121, actvprof=,0.593636, id=,B06, PRDE,actvstrat=,-0.234798, actvprof=,0.820868, id=,B09, PRDE,actvstrat=,-0.247459, actvprof=,5.346334, id=,S00, PRDE,actvstrat=,-0.320246, actvprof=,2.405239, id=,S02, PRDE,actvstrat=,-0.480497, actvprof=,0.503215, id=,S05, PRDE,actvstrat=,0.922641, actvprof=,0.046252, id=,S06, PRDE,actvstrat=,0.185188, actvprof=,0.000972, id=,S07, PRDE,actvstrat=,0.767634, actvprof=,0.002083, best_B_id=,B09, best_B_prof=,5.346334, best_B_strat=,-0.247459, best_S_id=,S00, best_S_prof=,2.405239, best_S_strat=,-0.320246, 
t=,133200, id=,B02, PRDE,actvstrat=,-0.830718, actvprof=,0.002778, id=,B03, PRDE,actvstrat=,0.728349, actvprof=,0.018890, id=,B05, PRDE,actvstrat=,-0.138750, actvprof=,0.414757, id=,B06, PRDE,actvstrat=,-0.194194, actvprof=,1.322610, id=,B09, PRDE,actvstrat=,-0.245192, actvprof=,6.384421, id=,S00, PRDE,actvstrat=,0.776691, actvprof=,5.229325, id=,S02, PRDE,actvstrat=,-0.375858, actvprof=,0.264744, id=,S05, PRDE,actvstrat=,0.617849, actvprof=,0.013057, id=,S06, PRDE,actvstrat=,0.185188, actvprof=,0.000000, id=,S07, PRDE,actvstrat=,0.770924, actvprof=,0.001111, best_B_id=,B09, best_B_prof=,6.384421, best_B_strat=,-0.245192, best_S_id=,S00, best_S_prof=,5.229325, best_S_strat=,0.776691, 
t=,136800, id=,B02, PRDE,actvstrat=,-0.830718, actvprof=,0.001389, id=,B03, PRDE,actvstrat=,0.728349, actvprof=,0.017362, id=,B05, PRDE,actvstrat=,-0.138750, actvprof=,0.427657, id=,B06, PRDE,actvstrat=,-0.194194, actvprof=,1.337695, id=,B09, PRDE,actvstrat=,-0.245192, actvprof=,6.155118, id=,S00, PRDE,actvstrat=,0.776691, actvprof=,5.372029, id=,S02, PRDE,actvstrat=,-0.375858, actvprof=,0.290984, id=,S05, PRDE,actvstrat=,0.617849, actvprof=,0.007639, id=,S06, PRDE,actvstrat=,0.185188, actvprof=,0.000000, id=,S07, PRDE,actvstrat=,0.770924, actvprof=,0.001250, best_B_id=,B09, best_B_prof=,6.155118, best_B_strat=,-0.245192, best_S_id=,S00, best_S_prof=,5.372029, best_S_strat=,0.776691, 
t=,140400, id=,B02, PRDE,actvstrat=,0.500053, actvprof=,0.000000, id=,B03, PRDE,actvstrat=,-0.050504, actvprof=,0.000000, id=,B05, PRDE,actvstrat=,0.477121, actvprof=,0.387538, id=,B06, PRDE,actvstrat=,0.467773, actvprof=,1.710166, id=,B09, PRDE,actvstrat=,-0.531083, actvprof=,4.429597, id=,S00, PRDE,actvstrat=,-0.588740, actvprof=,2.508022, id=,S02, PRDE,actvstrat=,-0.480497, actvprof=,0.600336, id=,S05, PRDE,actvstrat=,0.922641, actvprof=,0.039170, id=,S06, PRDE,actvstrat=,0.990939, actvprof=,0.002500, id=,S07, PRDE,actvstrat=,0.586739, actvprof=,0.000000, best_B_id=,B09, best_B_prof=,4.429597, best_B_strat=,-0.531083, best_S_id=,S00, best_S_prof=,2.508022, best_S_strat=,-0.588740, 
t=,144000, id=,B02, PRDE,actvstrat=,0.500053, actvprof=,0.000000, id=,B03, PRDE,actvstrat=,-0.050504, actvprof=,0.000000, id=,B05, PRDE,actvstrat=,0.477121, actvprof=,0.384880, id=,B06, PRDE,actvstrat=,0.467773, actvprof=,1.698555, id=,B09, PRDE,actvstrat=,-0.531083, actvprof=,4.475079, id=,S00, PRDE,actvstrat=,-0.588740, actvprof=,2.410117, id=,S02, PRDE,actvstrat=,-0.480497, actvprof=,0.667116, id=,S05, PRDE,actvstrat=,0.922641, actvprof=,0.036946, id=,S06, PRDE,actvstrat=,0.990939, actvprof=,0.002500, id=,S07, PRDE,actvstrat=,0.586739, actvprof=,0.000000, best_B_id=,B09, best_B_prof=,4.475079, best_B_strat=,-0.531083, best_S_id=,S00, best_S_prof=,2.410117, best_S_strat=,-0.588740, 
t=,147600, id=,B02, PRDE,actvstrat=,-0.094837, actvprof=,0.000000, id=,B03, PRDE,actvstrat=,0.717265, actvprof=,0.000000, id=,B05, PRDE,actvstrat=,0.477121, actvprof=,0.179184, id=,B06, PRDE,actvstrat=,0.467773, actvprof=,1.158724, id=,B09, PRDE,actvstrat=,0.180747, actvprof=,5.081605, id=,S00, PRDE,actvstrat=,-0.590028, actvprof=,2.976400, id=,S02, PRDE,actvstrat=,-0.480497, actvprof=,0.891476, id=,S05, PRDE,actvstrat=,0.618309, actvprof=,0.116400, id=,S06, PRDE,actvstrat=,0.047331, actvprof=,0.020558, id=,S07, PRDE,actvstrat=,0.770924, actvprof=,0.010834, best_B_id=,B09, best_B_prof=,5.081605, best_B_strat=,0.180747, best_S_id=,S00, best_S_prof=,2.976400, best_S_strat=,-0.590028, 
t=,151200, id=,B02, PRDE,actvstrat=,-0.094837, actvprof=,0.000000, id=,B03, PRDE,actvstrat=,0.717265, actvprof=,0.001111, id=,B05, PRDE,actvstrat=,0.477121, actvprof=,0.181955, id=,B06, PRDE,actvstrat=,0.467773, actvprof=,1.087699, id=,B09, PRDE,actvstrat=,0.180747, actvprof=,5.068615, id=,S00, PRDE,actvstrat=,-0.590028, actvprof=,2.877104, id=,S02, PRDE,actvstrat=,-0.480497, actvprof=,0.958387, id=,S05, PRDE,actvstrat=,0.618309, actvprof=,0.124590, id=,S06, PRDE,actvstrat=,0.047331, actvprof=,0.014723, id=,S07, PRDE,actvstrat=,0.770924, actvprof=,0.009723, best_B_id=,B09, best_B_prof=,5.068615, best_B_strat=,0.180747, best_S_id=,S00, best_S_prof=,2.877104, best_S_strat=,-0.590028, 
t=,154800, id=,B02, PRDE,actvstrat=,0.417978, actvprof=,0.000556, id=,B03, PRDE,actvstrat=,0.728349, actvprof=,0.002778, id=,B05, PRDE,actvstrat=,0.477121, actvprof=,0.525066, id=,B06, PRDE,actvstrat=,-0.234798, actvprof=,0.753705, id=,B09, PRDE,actvstrat=,-0.774437, actvprof=,4.136628, id=,S00, PRDE,actvstrat=,-0.098431, actvprof=,3.015933, id=,S02, PRDE,actvstrat=,-0.480497, actvprof=,0.581184, id=,S05, PRDE,actvstrat=,-0.650799, actvprof=,0.000000, id=,S06, PRDE,actvstrat=,-0.973159, actvprof=,0.001389, id=,S07, PRDE,actvstrat=,0.066506, actvprof=,0.000000, best_B_id=,B09, best_B_prof=,4.136628, best_B_strat=,-0.774437, best_S_id=,S00, best_S_prof=,3.015933, best_S_strat=,-0.098431, 
t=,158400, id=,B02, PRDE,actvstrat=,0.417978, actvprof=,0.000556, id=,B03, PRDE,actvstrat=,0.728349, actvprof=,0.001667, id=,B05, PRDE,actvstrat=,0.477121, actvprof=,0.523501, id=,B06, PRDE,actvstrat=,-0.234798, actvprof=,0.725179, id=,B09, PRDE,actvstrat=,-0.774437, actvprof=,4.067032, id=,S00, PRDE,actvstrat=,-0.098431, actvprof=,3.069754, id=,S02, PRDE,actvstrat=,-0.480497, actvprof=,0.541280, id=,S05, PRDE,actvstrat=,-0.650799, actvprof=,0.000000, id=,S06, PRDE,actvstrat=,-0.973159, actvprof=,0.005278, id=,S07, PRDE,actvstrat=,0.066506, actvprof=,0.000000, best_B_id=,B09, best_B_prof=,4.067032, best_B_strat=,-0.774437, best_S_id=,S00, best_S_prof=,3.069754, best_S_strat=,-0.098431, 
t=,162000, id=,B02, PRDE,actvstrat=,0.435310, actvprof=,0.000000, id=,B03, PRDE,actvstrat=,0.728349, actvprof=,0.000000, id=,B05, PRDE,actvstrat=,0.408398, actvprof=,0.725379, id=,B06, PRDE,actvstrat=,-0.801077, actvprof=,0.604528, id=,B09, PRDE,actvstrat=,-0.531083, actvprof=,5.200445, id=,S00, PRDE,actvstrat=,-0.320246, actvprof=,2.013335, id=,S02, PRDE,actvstrat=,-0.085864, actvprof=,0.711210, id=,S05, PRDE,actvstrat=,-0.071026, actvprof=,0.000000, id=,S06, PRDE,actvstrat=,0.990939, actvprof=,0.005279, id=,S07, PRDE,actvstrat=,0.770924, actvprof=,0.000000, best_B_id=,B09, best_B_prof=,5.200445, best_B_strat=,-0.531083, best_S_id=,S00, best_S_prof=,2.013335, best_S_strat=,-0.320246, 
t=,165600, id=,B02, PRDE,actvstrat=,0.435310, actvprof=,0.000000, id=,B03, PRDE,actvstrat=,0.728349, actvprof=,0.003056, id=,B05, PRDE,actvstrat=,0.408398, actvprof=,0.736435, id=,B06, PRDE,actvstrat=,-0.801077, actvprof=,0.547256, id=,B09, PRDE,actvstrat=,-0.531083, actvprof=,5.317277, id=,S00, PRDE,actvstrat=,-0.320246, actvprof=,2.080686, id=,S02, PRDE,actvstrat=,-0.085864, actvprof=,0.678931, id=,S05, PRDE,actvstrat=,-0.071026, actvprof=,0.003472, id=,S06, PRDE,actvstrat=,0.990939, actvprof=,0.004584, id=,S07, PRDE,actvstrat=,0.770924, actvprof=,0.000000, best_B_id=,B09, best_B_prof=,5.317277, best_B_strat=,-0.531083, best_S_id=,S00, best_S_prof=,2.080686, best_S_strat=,-0.320246, 
t=,169200, id=,B02, PRDE,actvstrat=,-0.222845, actvprof=,0.000000, id=,B03, PRDE,actvstrat=,0.932898, actvprof=,0.003334, id=,B05, PRDE,actvstrat=,-0.138750, actvprof=,0.268104, id=,B06, PRDE,actvstrat=,0.467773, actvprof=,2.231236, id=,B09, PRDE,actvstrat=,-0.247459, actvprof=,5.580730, id=,S00, PRDE,actvstrat=,-0.098431, actvprof=,2.675483, id=,S02, PRDE,actvstrat=,-0.480497, actvprof=,0.393960, id=,S05, PRDE,actvstrat=,0.999692, actvprof=,0.020837, id=,S06, PRDE,actvstrat=,0.926464, actvprof=,0.003334, id=,S07, PRDE,actvstrat=,0.767634, actvprof=,0.000000, best_B_id=,B09, best_B_prof=,5.580730, best_B_strat=,-0.247459, best_S_id=,S00, best_S_prof=,2.675483, best_S_strat=,-0.098431, 
t=,172800, id=,B02, PRDE,actvstrat=,-0.222845, actvprof=,0.000000, id=,B03, PRDE,actvstrat=,0.932898, actvprof=,0.003195, id=,B05, PRDE,actvstrat=,-0.138750, actvprof=,0.254745, id=,B06, PRDE,actvstrat=,0.467773, actvprof=,2.191170, id=,B09, PRDE,actvstrat=,-0.247459, actvprof=,5.536750, id=,S00, PRDE,actvstrat=,-0.098431, actvprof=,2.753026, id=,S02, PRDE,actvstrat=,-0.480497, actvprof=,0.460319, id=,S05, PRDE,actvstrat=,0.999692, actvprof=,0.023058, id=,S06, PRDE,actvstrat=,0.926464, actvprof=,0.003334, id=,S07, PRDE,actvstrat=,0.767634, actvprof=,0.000000, best_B_id=,B09, best_B_prof=,5.536750, best_B_strat=,-0.247459, best_S_id=,S00, best_S_prof=,2.753026, best_S_strat=,-0.098431, 
t=,176400, id=,B02, PRDE,actvstrat=,0.417978, actvprof=,0.001945, id=,B03, PRDE,actvstrat=,-0.154689, actvprof=,0.014447, id=,B05, PRDE,actvstrat=,0.614170, actvprof=,0.670677, id=,B06, PRDE,actvstrat=,-0.005023, actvprof=,1.160487, id=,B09, PRDE,actvstrat=,-0.245192, actvprof=,4.665565, id=,S00, PRDE,actvstrat=,0.776691, actvprof=,6.208899, id=,S02, PRDE,actvstrat=,-0.480497, actvprof=,0.691792, id=,S05, PRDE,actvstrat=,-0.071026, actvprof=,0.023060, id=,S06, PRDE,actvstrat=,0.334290, actvprof=,0.001667, id=,S07, PRDE,actvstrat=,0.066506, actvprof=,0.000000, best_B_id=,B09, best_B_prof=,4.665565, best_B_strat=,-0.245192, best_S_id=,S00, best_S_prof=,6.208899, best_S_strat=,0.776691, 
t=,180000, id=,B02, PRDE,actvstrat=,0.417978, actvprof=,0.001945, id=,B03, PRDE,actvstrat=,-0.154689, actvprof=,0.009584, id=,B05, PRDE,actvstrat=,0.614170, actvprof=,0.646730, id=,B06, PRDE,actvstrat=,-0.005023, actvprof=,1.165530, id=,B09, PRDE,actvstrat=,-0.245192, actvprof=,4.769075, id=,S00, PRDE,actvstrat=,0.776691, actvprof=,6.181018, id=,S02, PRDE,actvstrat=,-0.480497, actvprof=,0.654369, id=,S05, PRDE,actvstrat=,-0.071026, actvprof=,0.019446, id=,S06, PRDE,actvstrat=,0.334290, actvprof=,0.013335, id=,S07, PRDE,actvstrat=,0.066506, actvprof=,0.000556, best_B_id=,B09, best_B_prof=,4.769075, best_B_strat=,-0.245192, best_S_id=,S00, best_S_prof=,6.181018, best_S_strat=,0.776691, 
t=,183600, id=,B02, PRDE,actvstrat=,0.768324, actvprof=,0.000000, id=,B03, PRDE,actvstrat=,0.932898, actvprof=,0.000556, id=,B05, PRDE,actvstrat=,0.408398, actvprof=,0.522331, id=,B06, PRDE,actvstrat=,-0.234798, actvprof=,0.906578, id=,B09, PRDE,actvstrat=,-0.247459, actvprof=,5.388623, id=,S00, PRDE,actvstrat=,-0.438695, actvprof=,2.199625, id=,S02, PRDE,actvstrat=,-0.375858, actvprof=,0.522331, id=,S05, PRDE,actvstrat=,0.922641, actvprof=,0.051400, id=,S06, PRDE,actvstrat=,-0.973159, actvprof=,0.007502, id=,S07, PRDE,actvstrat=,0.767634, actvprof=,0.000000, best_B_id=,B09, best_B_prof=,5.388623, best_B_strat=,-0.247459, best_S_id=,S00, best_S_prof=,2.199625, best_S_strat=,-0.438695, 
t=,187200, id=,B02, PRDE,actvstrat=,0.768324, actvprof=,0.000000, id=,B03, PRDE,actvstrat=,0.932898, actvprof=,0.001389, id=,B05, PRDE,actvstrat=,0.408398, actvprof=,0.557419, id=,B06, PRDE,actvstrat=,-0.234798, actvprof=,0.891204, id=,B09, PRDE,actvstrat=,-0.247459, actvprof=,5.447373, id=,S00, PRDE,actvstrat=,-0.438695, actvprof=,2.178838, id=,S02, PRDE,actvstrat=,-0.375858, actvprof=,0.531166, id=,S05, PRDE,actvstrat=,0.922641, actvprof=,0.042088, id=,S06, PRDE,actvstrat=,-0.973159, actvprof=,0.006945, id=,S07, PRDE,actvstrat=,0.767634, actvprof=,0.000000, best_B_id=,B09, best_B_prof=,5.447373, best_B_strat=,-0.247459, best_S_id=,S00, best_S_prof=,2.178838, best_S_strat=,-0.438695, 
t=,190800, id=,B02, PRDE,actvstrat=,0.768324, actvprof=,0.000000, id=,B03, PRDE,actvstrat=,-0.154689, actvprof=,0.000000, id=,B05, PRDE,actvstrat=,-0.138750, actvprof=,0.343127, id=,B06, PRDE,actvstrat=,-0.801077, actvprof=,0.602070, id=,B09, PRDE,actvstrat=,-0.247459, actvprof=,5.773981, id=,S00, PRDE,actvstrat=,-0.320246, actvprof=,1.859832, id=,S02, PRDE,actvstrat=,-0.480497, actvprof=,0.365076, id=,S05, PRDE,actvstrat=,0.618309, actvprof=,0.007224, id=,S06, PRDE,actvstrat=,-0.973159, actvprof=,0.003612, id=,S07, PRDE,actvstrat=,0.066506, actvprof=,0.000000, best_B_id=,B09, best_B_prof=,5.773981, best_B_strat=,-0.247459, best_S_id=,S00, best_S_prof=,1.859832, best_S_strat=,-0.320246, 
t=,194400, id=,B02, PRDE,actvstrat=,0.768324, actvprof=,0.000000, id=,B03, PRDE,actvstrat=,-0.154689, actvprof=,0.000000, id=,B05, PRDE,actvstrat=,-0.138750, actvprof=,0.336565, id=,B06, PRDE,actvstrat=,-0.801077, actvprof=,0.602289, id=,B09, PRDE,actvstrat=,-0.247459, actvprof=,5.721052, id=,S00, PRDE,actvstrat=,-0.320246, actvprof=,1.898128, id=,S02, PRDE,actvstrat=,-0.480497, actvprof=,0.378098, id=,S05, PRDE,actvstrat=,0.618309, actvprof=,0.007640, id=,S06, PRDE,actvstrat=,-0.973159, actvprof=,0.005695, id=,S07, PRDE,actvstrat=,0.066506, actvprof=,0.000000, best_B_id=,B09, best_B_prof=,5.721052, best_B_strat=,-0.247459, best_S_id=,S00, best_S_prof=,1.898128, best_S_strat=,-0.320246, 
t=,198000, id=,B02, PRDE,actvstrat=,-0.222845, actvprof=,0.000000, id=,B03, PRDE,actvstrat=,-0.732694, actvprof=,0.001667, id=,B05, PRDE,actvstrat=,-0.752543, actvprof=,0.225331, id=,B06, PRDE,actvstrat=,0.467773, actvprof=,2.411958, id=,B09, PRDE,actvstrat=,-0.247459, actvprof=,5.654391, id=,S00, PRDE,actvstrat=,-0.098431, actvprof=,2.676187, id=,S02, PRDE,actvstrat=,0.821159, actvprof=,2.612283, id=,S05, PRDE,actvstrat=,0.618309, actvprof=,0.029451, id=,S06, PRDE,actvstrat=,0.047331, actvprof=,0.006113, id=,S07, PRDE,actvstrat=,-0.311653, actvprof=,0.000000, best_B_id=,B09, best_B_prof=,5.654391, best_B_strat=,-0.247459, best_S_id=,S00, best_S_prof=,2.676187, best_S_strat=,-0.098431, 
t=,201600, id=,B02, PRDE,actvstrat=,-0.222845, actvprof=,0.000000, id=,B03, PRDE,actvstrat=,-0.732694, actvprof=,0.002222, id=,B05, PRDE,actvstrat=,-0.752543, actvprof=,0.258642, id=,B06, PRDE,actvstrat=,0.467773, actvprof=,2.414313, id=,B09, PRDE,actvstrat=,-0.247459, actvprof=,5.709563, id=,S00, PRDE,actvstrat=,-0.098431, actvprof=,2.620032, id=,S02, PRDE,actvstrat=,0.821159, actvprof=,2.543078, id=,S05, PRDE,actvstrat=,0.618309, actvprof=,0.038616, id=,S06, PRDE,actvstrat=,0.047331, actvprof=,0.003056, id=,S07, PRDE,actvstrat=,-0.311653, actvprof=,0.000000, best_B_id=,B09, best_B_prof=,5.709563, best_B_strat=,-0.247459, best_S_id=,S00, best_S_prof=,2.620032, best_S_strat=,-0.098431, 
t=,205200, id=,B02, PRDE,actvstrat=,0.417978, actvprof=,0.000000, id=,B03, PRDE,actvstrat=,-0.050504, actvprof=,0.003334, id=,B05, PRDE,actvstrat=,-0.752543, actvprof=,0.311745, id=,B06, PRDE,actvstrat=,-0.234798, actvprof=,1.709038, id=,B09, PRDE,actvstrat=,-0.247459, actvprof=,6.732794, id=,S00, PRDE,actvstrat=,-0.588740, actvprof=,1.430635, id=,S02, PRDE,actvstrat=,0.821159, actvprof=,2.118585, id=,S05, PRDE,actvstrat=,0.999692, actvprof=,0.006946, id=,S06, PRDE,actvstrat=,0.926464, actvprof=,0.000000, id=,S07, PRDE,actvstrat=,-0.311653, actvprof=,0.000000, best_B_id=,B09, best_B_prof=,6.732794, best_B_strat=,-0.247459, best_S_id=,S02, best_S_prof=,2.118585, best_S_strat=,0.821159, 
t=,208800, id=,B02, PRDE,actvstrat=,0.417978, actvprof=,0.000000, id=,B03, PRDE,actvstrat=,-0.050504, actvprof=,0.002223, id=,B05, PRDE,actvstrat=,-0.752543, actvprof=,0.338098, id=,B06, PRDE,actvstrat=,-0.234798, actvprof=,1.714242, id=,B09, PRDE,actvstrat=,-0.247459, actvprof=,6.609993, id=,S00, PRDE,actvstrat=,-0.588740, actvprof=,1.388507, id=,S02, PRDE,actvstrat=,0.821159, actvprof=,1.950105, id=,S05, PRDE,actvstrat=,0.999692, actvprof=,0.009168, id=,S06, PRDE,actvstrat=,0.926464, actvprof=,0.000695, id=,S07, PRDE,actvstrat=,-0.311653, actvprof=,0.000000, best_B_id=,B09, best_B_prof=,6.609993, best_B_strat=,-0.247459, best_S_id=,S02, best_S_prof=,1.950105, best_S_strat=,0.821159, 
t=,212400, id=,B02, PRDE,actvstrat=,0.500053, actvprof=,0.000000, id=,B03, PRDE,actvstrat=,0.727034, actvprof=,0.001111, id=,B05, PRDE,actvstrat=,0.477121, actvprof=,0.416777, id=,B06, PRDE,actvstrat=,0.467773, actvprof=,1.662105, id=,B09, PRDE,actvstrat=,-0.774437, actvprof=,4.106361, id=,S00, PRDE,actvstrat=,-0.320246, actvprof=,2.408413, id=,S02, PRDE,actvstrat=,-0.385157, actvprof=,0.524861, id=,S05, PRDE,actvstrat=,0.922641, actvprof=,0.049457, id=,S06, PRDE,actvstrat=,-0.973666, actvprof=,0.000000, id=,S07, PRDE,actvstrat=,-0.311653, actvprof=,0.000000, best_B_id=,B09, best_B_prof=,4.106361, best_B_strat=,-0.774437, best_S_id=,S00, best_S_prof=,2.408413, best_S_strat=,-0.320246, 
t=,216000, id=,B02, PRDE,actvstrat=,0.500053, actvprof=,0.000000, id=,B03, PRDE,actvstrat=,0.727034, actvprof=,0.001667, id=,B05, PRDE,actvstrat=,0.477121, actvprof=,0.404081, id=,B06, PRDE,actvstrat=,0.467773, actvprof=,1.615074, id=,B09, PRDE,actvstrat=,-0.774437, actvprof=,3.870789, id=,S00, PRDE,actvstrat=,-0.320246, actvprof=,2.534362, id=,S02, PRDE,actvstrat=,-0.385157, actvprof=,0.611192, id=,S05, PRDE,actvstrat=,0.922641, actvprof=,0.052924, id=,S06, PRDE,actvstrat=,-0.973666, actvprof=,0.003195, id=,S07, PRDE,actvstrat=,-0.311653, actvprof=,0.000000, best_B_id=,B09, best_B_prof=,3.870789, best_B_strat=,-0.774437, best_S_id=,S00, best_S_prof=,2.534362, best_S_strat=,-0.320246, 
t=,219600, id=,B02, PRDE,actvstrat=,-0.830718, actvprof=,0.000000, id=,B03, PRDE,actvstrat=,0.932898, actvprof=,0.005557, id=,B05, PRDE,actvstrat=,0.477121, actvprof=,0.882189, id=,B06, PRDE,actvstrat=,-0.234798, actvprof=,1.139483, id=,B09, PRDE,actvstrat=,0.180747, actvprof=,6.889414, id=,S00, PRDE,actvstrat=,-0.438695, actvprof=,1.805502, id=,S02, PRDE,actvstrat=,0.821159, actvprof=,2.583773, id=,S05, PRDE,actvstrat=,0.922641, actvprof=,0.040567, id=,S06, PRDE,actvstrat=,0.990939, actvprof=,0.005001, id=,S07, PRDE,actvstrat=,0.586739, actvprof=,0.000000, best_B_id=,B09, best_B_prof=,6.889414, best_B_strat=,0.180747, best_S_id=,S02, best_S_prof=,2.583773, best_S_strat=,0.821159, 
t=,223200, id=,B02, PRDE,actvstrat=,-0.830718, actvprof=,0.000000, id=,B03, PRDE,actvstrat=,0.932898, actvprof=,0.009307, id=,B05, PRDE,actvstrat=,0.477121, actvprof=,0.925128, id=,B06, PRDE,actvstrat=,-0.234798, actvprof=,1.158633, id=,B09, PRDE,actvstrat=,0.180747, actvprof=,6.928740, id=,S00, PRDE,actvstrat=,-0.438695, actvprof=,1.861647, id=,S02, PRDE,actvstrat=,0.821159, actvprof=,2.537714, id=,S05, PRDE,actvstrat=,0.922641, actvprof=,0.034866, id=,S06, PRDE,actvstrat=,0.990939, actvprof=,0.006807, id=,S07, PRDE,actvstrat=,0.586739, actvprof=,0.000000, best_B_id=,B09, best_B_prof=,6.928740, best_B_strat=,0.180747, best_S_id=,S02, best_S_prof=,2.537714, best_S_strat=,0.821159, 
t=,226800, id=,B02, PRDE,actvstrat=,0.422284, actvprof=,0.000000, id=,B03, PRDE,actvstrat=,0.728349, actvprof=,0.013059, id=,B05, PRDE,actvstrat=,0.408398, actvprof=,0.494033, id=,B06, PRDE,actvstrat=,0.467773, actvprof=,1.793857, id=,B09, PRDE,actvstrat=,-0.531083, actvprof=,4.734436, id=,S00, PRDE,actvstrat=,0.776691, actvprof=,6.186804, id=,S02, PRDE,actvstrat=,-0.375858, actvprof=,0.534045, id=,S05, PRDE,actvstrat=,0.618309, actvprof=,0.023896, id=,S06, PRDE,actvstrat=,0.990939, actvprof=,0.008614, id=,S07, PRDE,actvstrat=,-0.311653, actvprof=,0.000000, best_B_id=,B09, best_B_prof=,4.734436, best_B_strat=,-0.531083, best_S_id=,S00, best_S_prof=,6.186804, best_S_strat=,0.776691, 
t=,230400, id=,B02, PRDE,actvstrat=,0.422284, actvprof=,0.000556, id=,B03, PRDE,actvstrat=,0.728349, actvprof=,0.013057, id=,B05, PRDE,actvstrat=,0.408398, actvprof=,0.504796, id=,B06, PRDE,actvstrat=,0.467773, actvprof=,1.838601, id=,B09, PRDE,actvstrat=,-0.531083, actvprof=,4.735968, id=,S00, PRDE,actvstrat=,0.776691, actvprof=,6.124921, id=,S02, PRDE,actvstrat=,-0.375858, actvprof=,0.540912, id=,S05, PRDE,actvstrat=,0.618309, actvprof=,0.020281, id=,S06, PRDE,actvstrat=,0.990939, actvprof=,0.007918, id=,S07, PRDE,actvstrat=,-0.311653, actvprof=,0.000000, best_B_id=,B09, best_B_prof=,4.735968, best_B_strat=,-0.531083, best_S_id=,S00, best_S_prof=,6.124921, best_S_strat=,0.776691, 
t=,234000, id=,B02, PRDE,actvstrat=,0.422284, actvprof=,0.000000, id=,B03, PRDE,actvstrat=,0.932898, actvprof=,0.005279, id=,B05, PRDE,actvstrat=,0.477121, actvprof=,0.330096, id=,B06, PRDE,actvstrat=,0.467773, actvprof=,1.383459, id=,B09, PRDE,actvstrat=,-0.247459, actvprof=,4.306534, id=,S00, PRDE,actvstrat=,-0.098431, actvprof=,3.309576, id=,S02, PRDE,actvstrat=,-0.375858, actvprof=,0.772725, id=,S05, PRDE,actvstrat=,0.618309, actvprof=,0.060018, id=,S06, PRDE,actvstrat=,-0.973159, actvprof=,0.037233, id=,S07, PRDE,actvstrat=,0.218870, actvprof=,0.000000, best_B_id=,B09, best_B_prof=,4.306534, best_B_strat=,-0.247459, best_S_id=,S00, best_S_prof=,3.309576, best_S_strat=,-0.098431, 
t=,237600, id=,B02, PRDE,actvstrat=,0.422284, actvprof=,0.000000, id=,B03, PRDE,actvstrat=,0.932898, actvprof=,0.004445, id=,B05, PRDE,actvstrat=,0.477121, actvprof=,0.330745, id=,B06, PRDE,actvstrat=,0.467773, actvprof=,1.389935, id=,B09, PRDE,actvstrat=,-0.247459, actvprof=,4.303157, id=,S00, PRDE,actvstrat=,-0.098431, actvprof=,3.365653, id=,S02, PRDE,actvstrat=,-0.375858, actvprof=,0.787481, id=,S05, PRDE,actvstrat=,0.618309, actvprof=,0.055147, id=,S06, PRDE,actvstrat=,-0.973159, actvprof=,0.025004, id=,S07, PRDE,actvstrat=,0.218870, actvprof=,0.000556, best_B_id=,B09, best_B_prof=,4.303157, best_B_strat=,-0.247459, best_S_id=,S00, best_S_prof=,3.365653, best_S_strat=,-0.098431, 
t=,241200, id=,B02, PRDE,actvstrat=,0.273808, actvprof=,0.000000, id=,B03, PRDE,actvstrat=,0.728349, actvprof=,0.022785, id=,B05, PRDE,actvstrat=,0.408398, actvprof=,0.861108, id=,B06, PRDE,actvstrat=,-0.234798, actvprof=,1.193159, id=,B09, PRDE,actvstrat=,-0.247459, actvprof=,5.745446, id=,S00, PRDE,actvstrat=,-0.590028, actvprof=,1.672479, id=,S02, PRDE,actvstrat=,0.821159, actvprof=,2.552204, id=,S05, PRDE,actvstrat=,0.922641, actvprof=,0.049738, id=,S06, PRDE,actvstrat=,0.185188, actvprof=,0.003612, id=,S07, PRDE,actvstrat=,-0.663662, actvprof=,0.000834, best_B_id=,B09, best_B_prof=,5.745446, best_B_strat=,-0.247459, best_S_id=,S02, best_S_prof=,2.552204, best_S_strat=,0.821159, 
t=,244800, id=,B02, PRDE,actvstrat=,0.273808, actvprof=,0.000000, id=,B03, PRDE,actvstrat=,0.728349, actvprof=,0.015558, id=,B05, PRDE,actvstrat=,0.408398, actvprof=,0.871945, id=,B06, PRDE,actvstrat=,-0.234798, actvprof=,1.199636, id=,B09, PRDE,actvstrat=,-0.247459, actvprof=,5.695215, id=,S00, PRDE,actvstrat=,-0.590028, actvprof=,1.771950, id=,S02, PRDE,actvstrat=,0.821159, actvprof=,2.558464, id=,S05, PRDE,actvstrat=,0.922641, actvprof=,0.056259, id=,S06, PRDE,actvstrat=,0.185188, actvprof=,0.005140, id=,S07, PRDE,actvstrat=,-0.663662, actvprof=,0.000417, best_B_id=,B09, best_B_prof=,5.695215, best_B_strat=,-0.247459, best_S_id=,S02, best_S_prof=,2.558464, best_S_strat=,0.821159, 
t=,248400, id=,B02, PRDE,actvstrat=,0.273808, actvprof=,0.001389, id=,B03, PRDE,actvstrat=,-0.732694, actvprof=,0.005557, id=,B05, PRDE,actvstrat=,0.477121, actvprof=,0.674123, id=,B06, PRDE,actvstrat=,0.467773, actvprof=,1.903994, id=,B09, PRDE,actvstrat=,-0.531083, actvprof=,4.701910, id=,S00, PRDE,actvstrat=,-0.590028, actvprof=,1.997916, id=,S02, PRDE,actvstrat=,0.821159, actvprof=,3.015769, id=,S05, PRDE,actvstrat=,0.618309, actvprof=,0.037513, id=,S06, PRDE,actvstrat=,-0.973159, actvprof=,0.012782, id=,S07, PRDE,actvstrat=,0.767634, actvprof=,0.000000, best_B_id=,B09, best_B_prof=,4.701910, best_B_strat=,-0.531083, best_S_id=,S02, best_S_prof=,3.015769, best_S_strat=,0.821159, 
t=,252000, id=,B02, PRDE,actvstrat=,0.273808, actvprof=,0.000695, id=,B03, PRDE,actvstrat=,-0.732694, actvprof=,0.005001, id=,B05, PRDE,actvstrat=,0.477121, actvprof=,0.654558, id=,B06, PRDE,actvstrat=,0.467773, actvprof=,1.938948, id=,B09, PRDE,actvstrat=,-0.531083, actvprof=,4.696927, id=,S00, PRDE,actvstrat=,-0.590028, actvprof=,1.918250, id=,S02, PRDE,actvstrat=,0.821159, actvprof=,2.981351, id=,S05, PRDE,actvstrat=,0.618309, actvprof=,0.039312, id=,S06, PRDE,actvstrat=,-0.973159, actvprof=,0.014308, id=,S07, PRDE,actvstrat=,0.767634, actvprof=,0.001111, best_B_id=,B09, best_B_prof=,4.696927, best_B_strat=,-0.531083, best_S_id=,S02, best_S_prof=,2.981351, best_S_strat=,0.821159, 
t=,255600, id=,B02, PRDE,actvstrat=,-0.222845, actvprof=,0.003057, id=,B03, PRDE,actvstrat=,0.727034, actvprof=,0.035290, id=,B05, PRDE,actvstrat=,0.408398, actvprof=,0.943648, id=,B06, PRDE,actvstrat=,0.467773, actvprof=,2.493887, id=,B09, PRDE,actvstrat=,-0.247459, actvprof=,5.755530, id=,S00, PRDE,actvstrat=,0.776691, actvprof=,5.350950, id=,S02, PRDE,actvstrat=,0.821159, actvprof=,2.376070, id=,S05, PRDE,actvstrat=,0.922641, actvprof=,0.063077, id=,S06, PRDE,actvstrat=,0.926464, actvprof=,0.009725, id=,S07, PRDE,actvstrat=,0.767634, actvprof=,0.000000, best_B_id=,B09, best_B_prof=,5.755530, best_B_strat=,-0.247459, best_S_id=,S00, best_S_prof=,5.350950, best_S_strat=,0.776691, 
t=,259200, id=,B02, PRDE,actvstrat=,-0.222845, actvprof=,0.002500, id=,B03, PRDE,actvstrat=,0.727034, actvprof=,0.036395, id=,B05, PRDE,actvstrat=,0.408398, actvprof=,0.958506, id=,B06, PRDE,actvstrat=,0.467773, actvprof=,2.435301, id=,B09, PRDE,actvstrat=,-0.247459, actvprof=,5.774376, id=,S00, PRDE,actvstrat=,0.776691, actvprof=,5.437648, id=,S02, PRDE,actvstrat=,0.821159, actvprof=,2.385570, id=,S05, PRDE,actvstrat=,0.922641, actvprof=,0.059455, id=,S06, PRDE,actvstrat=,0.926464, actvprof=,0.016531, id=,S07, PRDE,actvstrat=,0.767634, actvprof=,0.000417, best_B_id=,B09, best_B_prof=,5.774376, best_B_strat=,-0.247459, best_S_id=,S00, best_S_prof=,5.437648, best_S_strat=,0.776691, 
t=,262800, id=,B02, PRDE,actvstrat=,-0.222845, actvprof=,0.000000, id=,B03, PRDE,actvstrat=,0.727034, actvprof=,0.000000, id=,B05, PRDE,actvstrat=,0.477121, actvprof=,0.563560, id=,B06, PRDE,actvstrat=,-0.234798, actvprof=,0.769754, id=,B09, PRDE,actvstrat=,-0.774437, actvprof=,4.041906, id=,S00, PRDE,actvstrat=,-0.590028, actvprof=,2.096122, id=,S02, PRDE,actvstrat=,-0.480497, actvprof=,0.549944, id=,S05, PRDE,actvstrat=,-0.650799, actvprof=,0.000000, id=,S06, PRDE,actvstrat=,-0.973666, actvprof=,0.005836, id=,S07, PRDE,actvstrat=,0.767634, actvprof=,0.000000, best_B_id=,B09, best_B_prof=,4.041906, best_B_strat=,-0.774437, best_S_id=,S00, best_S_prof=,2.096122, best_S_strat=,-0.590028, 
t=,266400, id=,B02, PRDE,actvstrat=,-0.222845, actvprof=,0.000000, id=,B03, PRDE,actvstrat=,0.727034, actvprof=,0.000000, id=,B05, PRDE,actvstrat=,0.477121, actvprof=,0.564836, id=,B06, PRDE,actvstrat=,-0.234798, actvprof=,0.782519, id=,B09, PRDE,actvstrat=,-0.774437, actvprof=,3.936070, id=,S00, PRDE,actvstrat=,-0.590028, actvprof=,2.138208, id=,S02, PRDE,actvstrat=,-0.480497, actvprof=,0.585396, id=,S05, PRDE,actvstrat=,-0.650799, actvprof=,0.005140, id=,S06, PRDE,actvstrat=,-0.973666, actvprof=,0.005001, id=,S07, PRDE,actvstrat=,0.767634, actvprof=,0.001111, best_B_id=,B09, best_B_prof=,3.936070, best_B_strat=,-0.774437, best_S_id=,S00, best_S_prof=,2.138208, best_S_strat=,-0.590028, 
t=,270000, id=,B02, PRDE,actvstrat=,0.500053, actvprof=,0.000000, id=,B03, PRDE,actvstrat=,0.728349, actvprof=,0.002779, id=,B05, PRDE,actvstrat=,0.408398, actvprof=,0.412672, id=,B06, PRDE,actvstrat=,0.467773, actvprof=,1.628734, id=,B09, PRDE,actvstrat=,-0.774437, actvprof=,4.075587, id=,S00, PRDE,actvstrat=,-0.320246, actvprof=,2.304571, id=,S02, PRDE,actvstrat=,-0.480497, actvprof=,0.615812, id=,S05, PRDE,actvstrat=,0.922641, actvprof=,0.037794, id=,S06, PRDE,actvstrat=,0.926464, actvprof=,0.005280, id=,S07, PRDE,actvstrat=,-0.311653, actvprof=,0.000000, best_B_id=,B09, best_B_prof=,4.075587, best_B_strat=,-0.774437, best_S_id=,S00, best_S_prof=,2.304571, best_S_strat=,-0.320246, 
t=,273600, id=,B02, PRDE,actvstrat=,0.500053, actvprof=,0.000000, id=,B03, PRDE,actvstrat=,0.728349, actvprof=,0.001945, id=,B05, PRDE,actvstrat=,0.408398, actvprof=,0.363826, id=,B06, PRDE,actvstrat=,0.467773, actvprof=,1.587414, id=,B09, PRDE,actvstrat=,-0.774437, actvprof=,3.958464, id=,S00, PRDE,actvstrat=,-0.320246, actvprof=,2.400083, id=,S02, PRDE,actvstrat=,-0.480497, actvprof=,0.592207, id=,S05, PRDE,actvstrat=,0.922641, actvprof=,0.041953, id=,S06, PRDE,actvstrat=,0.926464, actvprof=,0.004029, id=,S07, PRDE,actvstrat=,-0.311653, actvprof=,0.000000, best_B_id=,B09, best_B_prof=,3.958464, best_B_strat=,-0.774437, best_S_id=,S00, best_S_prof=,2.400083, best_S_strat=,-0.320246, 
t=,277200, id=,B02, PRDE,actvstrat=,0.417978, actvprof=,0.000000, id=,B03, PRDE,actvstrat=,0.728349, actvprof=,0.000000, id=,B05, PRDE,actvstrat=,0.477121, actvprof=,0.395726, id=,B06, PRDE,actvstrat=,0.467773, actvprof=,1.673498, id=,B09, PRDE,actvstrat=,-0.774437, actvprof=,4.011171, id=,S00, PRDE,actvstrat=,-0.252351, actvprof=,2.807042, id=,S02, PRDE,actvstrat=,-0.385157, actvprof=,0.652503, id=,S05, PRDE,actvstrat=,0.922641, actvprof=,0.033348, id=,S06, PRDE,actvstrat=,0.990939, actvprof=,0.003613, id=,S07, PRDE,actvstrat=,-0.663662, actvprof=,0.000000, best_B_id=,B09, best_B_prof=,4.011171, best_B_strat=,-0.774437, best_S_id=,S00, best_S_prof=,2.807042, best_S_strat=,-0.252351, 
t=,280800, id=,B02, PRDE,actvstrat=,0.417978, actvprof=,0.000000, id=,B03, PRDE,actvstrat=,0.728349, actvprof=,0.000000, id=,B05, PRDE,actvstrat=,0.477121, actvprof=,0.426064, id=,B06, PRDE,actvstrat=,0.467773, actvprof=,1.672721, id=,B09, PRDE,actvstrat=,-0.774437, actvprof=,3.888337, id=,S00, PRDE,actvstrat=,-0.252351, actvprof=,2.688634, id=,S02, PRDE,actvstrat=,-0.385157, actvprof=,0.668894, id=,S05, PRDE,actvstrat=,0.922641, actvprof=,0.036119, id=,S06, PRDE,actvstrat=,0.990939, actvprof=,0.001806, id=,S07, PRDE,actvstrat=,-0.663662, actvprof=,0.000000, best_B_id=,B09, best_B_prof=,3.888337, best_B_strat=,-0.774437, best_S_id=,S00, best_S_prof=,2.688634, best_S_strat=,-0.252351, 
t=,284400, id=,B02, PRDE,actvstrat=,-0.222845, actvprof=,0.000000, id=,B03, PRDE,actvstrat=,0.728349, actvprof=,0.000000, id=,B05, PRDE,actvstrat=,0.408398, actvprof=,0.705591, id=,B06, PRDE,actvstrat=,-0.234798, actvprof=,0.936249, id=,B09, PRDE,actvstrat=,-0.247459, actvprof=,5.650289, id=,S00, PRDE,actvstrat=,-0.320246, actvprof=,2.159571, id=,S02, PRDE,actvstrat=,-0.480497, actvprof=,0.416574, id=,S05, PRDE,actvstrat=,0.999692, actvprof=,0.008337, id=,S06, PRDE,actvstrat=,0.990939, actvprof=,0.003057, id=,S07, PRDE,actvstrat=,-0.311653, actvprof=,0.000000, best_B_id=,B09, best_B_prof=,5.650289, best_B_strat=,-0.247459, best_S_id=,S00, best_S_prof=,2.159571, best_S_strat=,-0.320246, 
t=,288000, id=,B02, PRDE,actvstrat=,-0.222845, actvprof=,0.000000, id=,B03, PRDE,actvstrat=,0.728349, actvprof=,0.000139, id=,B05, PRDE,actvstrat=,0.408398, actvprof=,0.744054, id=,B06, PRDE,actvstrat=,-0.234798, actvprof=,0.977856, id=,B09, PRDE,actvstrat=,-0.247459, actvprof=,5.514003, id=,S00, PRDE,actvstrat=,-0.320246, actvprof=,2.065876, id=,S02, PRDE,actvstrat=,-0.480497, actvprof=,0.372166, id=,S05, PRDE,actvstrat=,0.999692, actvprof=,0.010697, id=,S06, PRDE,actvstrat=,0.990939, actvprof=,0.001528, id=,S07, PRDE,actvstrat=,-0.311653, actvprof=,0.000000, best_B_id=,B09, best_B_prof=,5.514003, best_B_strat=,-0.247459, best_S_id=,S00, best_S_prof=,2.065876, best_S_strat=,-0.320246, 
t=,291600, id=,B02, PRDE,actvstrat=,0.500053, actvprof=,0.000000, id=,B03, PRDE,actvstrat=,0.932898, actvprof=,0.020287, id=,B05, PRDE,actvstrat=,0.408398, actvprof=,0.709492, id=,B06, PRDE,actvstrat=,0.467773, actvprof=,2.146817, id=,B09, PRDE,actvstrat=,-0.774437, actvprof=,4.411188, id=,S00, PRDE,actvstrat=,-0.320246, actvprof=,2.036489, id=,S02, PRDE,actvstrat=,0.821159, actvprof=,2.782942, id=,S05, PRDE,actvstrat=,0.922641, actvprof=,0.030014, id=,S06, PRDE,actvstrat=,-0.973666, actvprof=,0.003335, id=,S07, PRDE,actvstrat=,-0.350697, actvprof=,0.000000, best_B_id=,B09, best_B_prof=,4.411188, best_B_strat=,-0.774437, best_S_id=,S02, best_S_prof=,2.782942, best_S_strat=,0.821159, 
t=,295200, id=,B02, PRDE,actvstrat=,0.500053, actvprof=,0.000278, id=,B03, PRDE,actvstrat=,0.932898, actvprof=,0.017226, id=,B05, PRDE,actvstrat=,0.408398, actvprof=,0.689602, id=,B06, PRDE,actvstrat=,0.467773, actvprof=,2.139518, id=,B09, PRDE,actvstrat=,-0.774437, actvprof=,4.412539, id=,S00, PRDE,actvstrat=,-0.320246, actvprof=,2.098814, id=,S02, PRDE,actvstrat=,0.821159, actvprof=,2.803420, id=,S05, PRDE,actvstrat=,0.922641, actvprof=,0.042788, id=,S06, PRDE,actvstrat=,-0.973666, actvprof=,0.004862, id=,S07, PRDE,actvstrat=,-0.350697, actvprof=,0.000000, best_B_id=,B09, best_B_prof=,4.412539, best_B_strat=,-0.774437, best_S_id=,S02, best_S_prof=,2.803420, best_S_strat=,0.821159, 
t=,298800, id=,B02, PRDE,actvstrat=,0.500053, actvprof=,0.000000, id=,B03, PRDE,actvstrat=,-0.050504, actvprof=,0.009171, id=,B05, PRDE,actvstrat=,0.408398, actvprof=,0.979629, id=,B06, PRDE,actvstrat=,-0.801077, actvprof=,0.817052, id=,B09, PRDE,actvstrat=,0.594541, actvprof=,7.751160, id=,S00, PRDE,actvstrat=,-0.098431, actvprof=,2.464219, id=,S02, PRDE,actvstrat=,0.821159, actvprof=,2.333880, id=,S05, PRDE,actvstrat=,0.922641, actvprof=,0.072812, id=,S06, PRDE,actvstrat=,0.185188, actvprof=,0.001112, id=,S07, PRDE,actvstrat=,0.767634, actvprof=,0.005558, best_B_id=,B09, best_B_prof=,7.751160, best_B_strat=,0.594541, best_S_id=,S00, best_S_prof=,2.464219, best_S_strat=,-0.098431, 
t=,302400, id=,B02, PRDE,actvstrat=,0.500053, actvprof=,0.000556, id=,B03, PRDE,actvstrat=,-0.050504, actvprof=,0.007502, id=,B05, PRDE,actvstrat=,0.408398, actvprof=,0.997458, id=,B06, PRDE,actvstrat=,-0.801077, actvprof=,0.725171, id=,B09, PRDE,actvstrat=,0.594541, actvprof=,7.705708, id=,S00, PRDE,actvstrat=,-0.098431, actvprof=,2.463220, id=,S02, PRDE,actvstrat=,0.821159, actvprof=,2.380979, id=,S05, PRDE,actvstrat=,0.922641, actvprof=,0.061820, id=,S06, PRDE,actvstrat=,0.185188, actvprof=,0.002640, id=,S07, PRDE,actvstrat=,0.767634, actvprof=,0.003890, best_B_id=,B09, best_B_prof=,7.705708, best_B_strat=,0.594541, best_S_id=,S00, best_S_prof=,2.463220, best_S_strat=,-0.098431, 
t=,306000, id=,B02, PRDE,actvstrat=,-0.222845, actvprof=,0.005558, id=,B03, PRDE,actvstrat=,0.728349, actvprof=,0.035573, id=,B05, PRDE,actvstrat=,0.477121, actvprof=,0.992705, id=,B06, PRDE,actvstrat=,0.467773, actvprof=,2.324463, id=,B09, PRDE,actvstrat=,-0.247459, actvprof=,5.786424, id=,S00, PRDE,actvstrat=,0.776691, actvprof=,5.437921, id=,S02, PRDE,actvstrat=,0.821159, actvprof=,2.575141, id=,S05, PRDE,actvstrat=,0.922641, actvprof=,0.077816, id=,S06, PRDE,actvstrat=,0.926464, actvprof=,0.012784, id=,S07, PRDE,actvstrat=,-0.311653, actvprof=,0.000000, best_B_id=,B09, best_B_prof=,5.786424, best_B_strat=,-0.247459, best_S_id=,S00, best_S_prof=,5.437921, best_S_strat=,0.776691, 
t=,309600, id=,B02, PRDE,actvstrat=,-0.222845, actvprof=,0.002778, id=,B03, PRDE,actvstrat=,0.728349, actvprof=,0.037370, id=,B05, PRDE,actvstrat=,0.477121, actvprof=,1.004133, id=,B06, PRDE,actvstrat=,0.467773, actvprof=,2.357379, id=,B09, PRDE,actvstrat=,-0.247459, actvprof=,5.782794, id=,S00, PRDE,actvstrat=,0.776691, actvprof=,5.475775, id=,S02, PRDE,actvstrat=,0.821159, actvprof=,2.518807, id=,S05, PRDE,actvstrat=,0.922641, actvprof=,0.071128, id=,S06, PRDE,actvstrat=,0.926464, actvprof=,0.012920, id=,S07, PRDE,actvstrat=,-0.311653, actvprof=,0.000000, best_B_id=,B09, best_B_prof=,5.782794, best_B_strat=,-0.247459, best_S_id=,S00, best_S_prof=,5.475775, best_S_strat=,0.776691, 
t=,313200, id=,B02, PRDE,actvstrat=,0.500053, actvprof=,0.000000, id=,B03, PRDE,actvstrat=,-0.050504, actvprof=,0.000000, id=,B05, PRDE,actvstrat=,-0.138750, actvprof=,0.167862, id=,B06, PRDE,actvstrat=,0.467773, actvprof=,2.024901, id=,B09, PRDE,actvstrat=,-0.247459, actvprof=,5.342116, id=,S00, PRDE,actvstrat=,-0.320246, actvprof=,2.332555, id=,S02, PRDE,actvstrat=,-0.375858, actvprof=,0.530821, id=,S05, PRDE,actvstrat=,0.922641, actvprof=,0.068090, id=,S06, PRDE,actvstrat=,0.926464, actvprof=,0.008893, id=,S07, PRDE,actvstrat=,0.767634, actvprof=,0.000000, best_B_id=,B09, best_B_prof=,5.342116, best_B_strat=,-0.247459, best_S_id=,S00, best_S_prof=,2.332555, best_S_strat=,-0.320246, 
t=,316800, id=,B02, PRDE,actvstrat=,0.500053, actvprof=,0.000000, id=,B03, PRDE,actvstrat=,-0.050504, actvprof=,0.001806, id=,B05, PRDE,actvstrat=,-0.138750, actvprof=,0.161846, id=,B06, PRDE,actvstrat=,0.467773, actvprof=,2.030924, id=,B09, PRDE,actvstrat=,-0.247459, actvprof=,5.179350, id=,S00, PRDE,actvstrat=,-0.320246, actvprof=,2.356561, id=,S02, PRDE,actvstrat=,-0.375858, actvprof=,0.544858, id=,S05, PRDE,actvstrat=,0.922641, actvprof=,0.058070, id=,S06, PRDE,actvstrat=,0.926464, actvprof=,0.008335, id=,S07, PRDE,actvstrat=,0.767634, actvprof=,0.000000, best_B_id=,B09, best_B_prof=,5.179350, best_B_strat=,-0.247459, best_S_id=,S00, best_S_prof=,2.356561, best_S_strat=,-0.320246, 
t=,320400, id=,B02, PRDE,actvstrat=,-0.222845, actvprof=,0.000000, id=,B03, PRDE,actvstrat=,0.727034, actvprof=,0.005280, id=,B05, PRDE,actvstrat=,0.408398, actvprof=,0.870713, id=,B06, PRDE,actvstrat=,-0.234798, actvprof=,1.132789, id=,B09, PRDE,actvstrat=,-0.531083, actvprof=,5.747874, id=,S00, PRDE,actvstrat=,0.776691, actvprof=,5.435496, id=,S02, PRDE,actvstrat=,-0.480497, actvprof=,0.389361, id=,S05, PRDE,actvstrat=,0.922641, actvprof=,0.012228, id=,S06, PRDE,actvstrat=,0.990939, actvprof=,0.001668, id=,S07, PRDE,actvstrat=,-0.311653, actvprof=,0.000000, best_B_id=,B09, best_B_prof=,5.747874, best_B_strat=,-0.531083, best_S_id=,S00, best_S_prof=,5.435496, best_S_strat=,0.776691, 
t=,324000, id=,B02, PRDE,actvstrat=,-0.222845, actvprof=,0.000000, id=,B03, PRDE,actvstrat=,0.727034, actvprof=,0.007641, id=,B05, PRDE,actvstrat=,0.408398, actvprof=,0.855631, id=,B06, PRDE,actvstrat=,-0.234798, actvprof=,1.127087, id=,B09, PRDE,actvstrat=,-0.531083, actvprof=,5.730877, id=,S00, PRDE,actvstrat=,0.776691, actvprof=,5.570143, id=,S02, PRDE,actvstrat=,-0.480497, actvprof=,0.353283, id=,S05, PRDE,actvstrat=,0.922641, actvprof=,0.014726, id=,S06, PRDE,actvstrat=,0.990939, actvprof=,0.003751, id=,S07, PRDE,actvstrat=,-0.311653, actvprof=,0.000000, best_B_id=,B09, best_B_prof=,5.730877, best_B_strat=,-0.531083, best_S_id=,S00, best_S_prof=,5.570143, best_S_strat=,0.776691, 
t=,327600, id=,B02, PRDE,actvstrat=,-0.222845, actvprof=,0.000000, id=,B03, PRDE,actvstrat=,0.932898, actvprof=,0.005003, id=,B05, PRDE,actvstrat=,0.408398, actvprof=,0.471360, id=,B06, PRDE,actvstrat=,0.467773, actvprof=,1.549151, id=,B09, PRDE,actvstrat=,-0.247459, actvprof=,4.737222, id=,S00, PRDE,actvstrat=,0.776691, actvprof=,6.381701, id=,S02, PRDE,actvstrat=,-0.480497, actvprof=,0.721770, id=,S05, PRDE,actvstrat=,0.618309, actvprof=,0.086157, id=,S06, PRDE,actvstrat=,0.047331, actvprof=,0.003335, id=,S07, PRDE,actvstrat=,0.767634, actvprof=,0.000834, best_B_id=,B09, best_B_prof=,4.737222, best_B_strat=,-0.247459, best_S_id=,S00, best_S_prof=,6.381701, best_S_strat=,0.776691, 
t=,331200, id=,B02, PRDE,actvstrat=,-0.222845, actvprof=,0.000000, id=,B03, PRDE,actvstrat=,0.932898, actvprof=,0.009586, id=,B05, PRDE,actvstrat=,0.408398, actvprof=,0.446090, id=,B06, PRDE,actvstrat=,0.467773, actvprof=,1.569025, id=,B09, PRDE,actvstrat=,-0.247459, actvprof=,4.516747, id=,S00, PRDE,actvstrat=,0.776691, actvprof=,6.337089, id=,S02, PRDE,actvstrat=,-0.480497, actvprof=,0.684069, id=,S05, PRDE,actvstrat=,0.618309, actvprof=,0.070018, id=,S06, PRDE,actvstrat=,0.047331, actvprof=,0.005696, id=,S07, PRDE,actvstrat=,0.767634, actvprof=,0.002084, best_B_id=,B09, best_B_prof=,4.516747, best_B_strat=,-0.247459, best_S_id=,S00, best_S_prof=,6.337089, best_S_strat=,0.776691, 
t=,334800, id=,B02, PRDE,actvstrat=,-0.222845, actvprof=,0.000000, id=,B03, PRDE,actvstrat=,0.728349, actvprof=,0.006948, id=,B05, PRDE,actvstrat=,0.408398, actvprof=,0.437181, id=,B06, PRDE,actvstrat=,0.467773, actvprof=,1.758730, id=,B09, PRDE,actvstrat=,-0.774437, actvprof=,3.981879, id=,S00, PRDE,actvstrat=,-0.098431, actvprof=,3.199233, id=,S02, PRDE,actvstrat=,-0.375858, actvprof=,0.566418, id=,S05, PRDE,actvstrat=,0.922641, actvprof=,0.047526, id=,S06, PRDE,actvstrat=,-0.973159, actvprof=,0.000000, id=,S07, PRDE,actvstrat=,-0.311653, actvprof=,0.000000, best_B_id=,B09, best_B_prof=,3.981879, best_B_strat=,-0.774437, best_S_id=,S00, best_S_prof=,3.199233, best_S_strat=,-0.098431, 
t=,338400, id=,B02, PRDE,actvstrat=,-0.222845, actvprof=,0.000000, id=,B03, PRDE,actvstrat=,0.728349, actvprof=,0.004446, id=,B05, PRDE,actvstrat=,0.408398, actvprof=,0.442064, id=,B06, PRDE,actvstrat=,0.467773, actvprof=,1.736720, id=,B09, PRDE,actvstrat=,-0.774437, actvprof=,4.030675, id=,S00, PRDE,actvstrat=,-0.098431, actvprof=,3.271025, id=,S02, PRDE,actvstrat=,-0.375858, actvprof=,0.627531, id=,S05, PRDE,actvstrat=,0.922641, actvprof=,0.045012, id=,S06, PRDE,actvstrat=,-0.973159, actvprof=,0.000695, id=,S07, PRDE,actvstrat=,-0.311653, actvprof=,0.000000, best_B_id=,B09, best_B_prof=,4.030675, best_B_strat=,-0.774437, best_S_id=,S00, best_S_prof=,3.271025, best_S_strat=,-0.098431, 
t=,342000, id=,B02, PRDE,actvstrat=,0.500053, actvprof=,0.000000, id=,B03, PRDE,actvstrat=,-0.732694, actvprof=,0.000000, id=,B05, PRDE,actvstrat=,0.408398, actvprof=,0.588669, id=,B06, PRDE,actvstrat=,-0.234798, actvprof=,0.827416, id=,B09, PRDE,actvstrat=,-0.247459, actvprof=,5.364722, id=,S00, PRDE,actvstrat=,-0.098431, actvprof=,2.816882, id=,S02, PRDE,actvstrat=,-0.538797, actvprof=,0.429967, id=,S05, PRDE,actvstrat=,0.922641, actvprof=,0.056143, id=,S06, PRDE,actvstrat=,0.047331, actvprof=,0.000000, id=,S07, PRDE,actvstrat=,0.767634, actvprof=,0.000000, best_B_id=,B09, best_B_prof=,5.364722, best_B_strat=,-0.247459, best_S_id=,S00, best_S_prof=,2.816882, best_S_strat=,-0.098431, 
t=,345600, id=,B02, PRDE,actvstrat=,0.500053, actvprof=,0.000000, id=,B03, PRDE,actvstrat=,-0.732694, actvprof=,0.000000, id=,B05, PRDE,actvstrat=,0.408398, actvprof=,0.629068, id=,B06, PRDE,actvstrat=,-0.234798, actvprof=,0.933599, id=,B09, PRDE,actvstrat=,-0.247459, actvprof=,5.420571, id=,S00, PRDE,actvstrat=,-0.098431, actvprof=,2.872068, id=,S02, PRDE,actvstrat=,-0.538797, actvprof=,0.388305, id=,S05, PRDE,actvstrat=,0.922641, actvprof=,0.050987, id=,S06, PRDE,actvstrat=,0.047331, actvprof=,0.000000, id=,S07, PRDE,actvstrat=,0.767634, actvprof=,0.000000, best_B_id=,B09, best_B_prof=,5.420571, best_B_strat=,-0.247459, best_S_id=,S00, best_S_prof=,2.872068, best_S_strat=,-0.098431, 
t=,349200, id=,B02, PRDE,actvstrat=,0.500053, actvprof=,0.000000, id=,B03, PRDE,actvstrat=,0.727034, actvprof=,0.000000, id=,B05, PRDE,actvstrat=,0.408398, actvprof=,0.639540, id=,B06, PRDE,actvstrat=,-0.234798, actvprof=,1.011145, id=,B09, PRDE,actvstrat=,-0.247459, actvprof=,5.461797, id=,S00, PRDE,actvstrat=,-0.320246, actvprof=,2.084271, id=,S02, PRDE,actvstrat=,-0.538797, actvprof=,0.441924, id=,S05, PRDE,actvstrat=,0.922641, actvprof=,0.025015, id=,S06, PRDE,actvstrat=,0.926464, actvprof=,0.002224, id=,S07, PRDE,actvstrat=,0.767634, actvprof=,0.000000, best_B_id=,B09, best_B_prof=,5.461797, best_B_strat=,-0.247459, best_S_id=,S00, best_S_prof=,2.084271, best_S_strat=,-0.320246, 
t=,352800, id=,B02, PRDE,actvstrat=,0.500053, actvprof=,0.000000, id=,B03, PRDE,actvstrat=,0.727034, actvprof=,0.000278, id=,B05, PRDE,actvstrat=,0.408398, actvprof=,0.603231, id=,B06, PRDE,actvstrat=,-0.234798, actvprof=,0.949583, id=,B09, PRDE,actvstrat=,-0.247459, actvprof=,5.372122, id=,S00, PRDE,actvstrat=,-0.320246, actvprof=,2.140902, id=,S02, PRDE,actvstrat=,-0.538797, actvprof=,0.449715, id=,S05, PRDE,actvstrat=,0.922641, actvprof=,0.031120, id=,S06, PRDE,actvstrat=,0.926464, actvprof=,0.008614, id=,S07, PRDE,actvstrat=,0.767634, actvprof=,0.000000, best_B_id=,B09, best_B_prof=,5.372122, best_B_strat=,-0.247459, best_S_id=,S00, best_S_prof=,2.140902, best_S_strat=,-0.320246, 
t=,356400, id=,B02, PRDE,actvstrat=,-0.222845, actvprof=,0.000000, id=,B03, PRDE,actvstrat=,0.728349, actvprof=,0.000000, id=,B05, PRDE,actvstrat=,0.408398, actvprof=,0.303510, id=,B06, PRDE,actvstrat=,0.467773, actvprof=,1.515884, id=,B09, PRDE,actvstrat=,-0.247459, actvprof=,4.759721, id=,S00, PRDE,actvstrat=,-0.320246, actvprof=,2.712694, id=,S02, PRDE,actvstrat=,-0.480497, actvprof=,0.724867, id=,S05, PRDE,actvstrat=,0.922641, actvprof=,0.109230, id=,S06, PRDE,actvstrat=,0.047331, actvprof=,0.000000, id=,S07, PRDE,actvstrat=,-0.311653, actvprof=,0.000000, best_B_id=,B09, best_B_prof=,4.759721, best_B_strat=,-0.247459, best_S_id=,S00, best_S_prof=,2.712694, best_S_strat=,-0.320246, 
t=,360000, id=,B02, PRDE,actvstrat=,-0.222845, actvprof=,0.000000, id=,B03, PRDE,actvstrat=,0.728349, actvprof=,0.000000, id=,B05, PRDE,actvstrat=,0.408398, actvprof=,0.302312, id=,B06, PRDE,actvstrat=,0.467773, actvprof=,1.500309, id=,B09, PRDE,actvstrat=,-0.247459, actvprof=,4.679592, id=,S00, PRDE,actvstrat=,-0.320246, actvprof=,2.637454, id=,S02, PRDE,actvstrat=,-0.480497, actvprof=,0.674507, id=,S05, PRDE,actvstrat=,0.922641, actvprof=,0.110866, id=,S06, PRDE,actvstrat=,0.047331, actvprof=,0.000139, id=,S07, PRDE,actvstrat=,-0.311653, actvprof=,0.000000, best_B_id=,B09, best_B_prof=,4.679592, best_B_strat=,-0.247459, best_S_id=,S00, best_S_prof=,2.637454, best_S_strat=,-0.320246, 
t=,363600, id=,B02, PRDE,actvstrat=,-0.222845, actvprof=,0.000556, id=,B03, PRDE,actvstrat=,0.932898, actvprof=,0.044194, id=,B05, PRDE,actvstrat=,-0.752543, actvprof=,0.392745, id=,B06, PRDE,actvstrat=,0.467773, actvprof=,2.846223, id=,B09, PRDE,actvstrat=,-0.247459, actvprof=,6.273643, id=,S00, PRDE,actvstrat=,0.776691, actvprof=,5.137378, id=,S02, PRDE,actvstrat=,0.821159, actvprof=,2.108540, id=,S05, PRDE,actvstrat=,0.922641, actvprof=,0.038913, id=,S06, PRDE,actvstrat=,0.185188, actvprof=,0.000834, id=,S07, PRDE,actvstrat=,-0.663662, actvprof=,0.000000, best_B_id=,B09, best_B_prof=,6.273643, best_B_strat=,-0.247459, best_S_id=,S00, best_S_prof=,5.137378, best_S_strat=,0.776691, 
t=,367200, id=,B02, PRDE,actvstrat=,-0.222845, actvprof=,0.000278, id=,B03, PRDE,actvstrat=,0.932898, actvprof=,0.043625, id=,B05, PRDE,actvstrat=,-0.752543, actvprof=,0.371644, id=,B06, PRDE,actvstrat=,0.467773, actvprof=,2.883123, id=,B09, PRDE,actvstrat=,-0.247459, actvprof=,6.294467, id=,S00, PRDE,actvstrat=,0.776691, actvprof=,4.993922, id=,S02, PRDE,actvstrat=,0.821159, actvprof=,2.033969, id=,S05, PRDE,actvstrat=,0.922641, actvprof=,0.034177, id=,S06, PRDE,actvstrat=,0.185188, actvprof=,0.000556, id=,S07, PRDE,actvstrat=,-0.663662, actvprof=,0.000000, best_B_id=,B09, best_B_prof=,6.294467, best_B_strat=,-0.247459, best_S_id=,S00, best_S_prof=,4.993922, best_S_strat=,0.776691, 
t=,370800, id=,B02, PRDE,actvstrat=,-0.222845, actvprof=,0.004725, id=,B03, PRDE,actvstrat=,-0.050504, actvprof=,0.000556, id=,B05, PRDE,actvstrat=,0.408398, actvprof=,0.265729, id=,B06, PRDE,actvstrat=,0.467773, actvprof=,1.232193, id=,B09, PRDE,actvstrat=,0.594541, actvprof=,6.134560, id=,S00, PRDE,actvstrat=,0.776691, actvprof=,6.485901, id=,S02, PRDE,actvstrat=,-0.538797, actvprof=,0.652370, id=,S05, PRDE,actvstrat=,0.618309, actvprof=,0.105347, id=,S06, PRDE,actvstrat=,-0.973159, actvprof=,0.051978, id=,S07, PRDE,actvstrat=,0.767634, actvprof=,0.000278, best_B_id=,B09, best_B_prof=,6.134560, best_B_strat=,0.594541, best_S_id=,S00, best_S_prof=,6.485901, best_S_strat=,0.776691, 
t=,374400, id=,B02, PRDE,actvstrat=,-0.222845, actvprof=,0.003195, id=,B03, PRDE,actvstrat=,-0.050504, actvprof=,0.004724, id=,B05, PRDE,actvstrat=,0.408398, actvprof=,0.272589, id=,B06, PRDE,actvstrat=,0.467773, actvprof=,1.304731, id=,B09, PRDE,actvstrat=,0.594541, actvprof=,6.099491, id=,S00, PRDE,actvstrat=,0.776691, actvprof=,6.530604, id=,S02, PRDE,actvstrat=,-0.538797, actvprof=,0.595472, id=,S05, PRDE,actvstrat=,0.618309, actvprof=,0.092391, id=,S06, PRDE,actvstrat=,-0.973159, actvprof=,0.069467, id=,S07, PRDE,actvstrat=,0.767634, actvprof=,0.001667, best_B_id=,B09, best_B_prof=,6.099491, best_B_strat=,0.594541, best_S_id=,S00, best_S_prof=,6.530604, best_S_strat=,0.776691, 
t=,378000, id=,B02, PRDE,actvstrat=,0.422284, actvprof=,0.000000, id=,B03, PRDE,actvstrat=,0.932898, actvprof=,0.014176, id=,B05, PRDE,actvstrat=,0.408398, actvprof=,0.530346, id=,B06, PRDE,actvstrat=,0.467773, actvprof=,1.779217, id=,B09, PRDE,actvstrat=,0.594541, actvprof=,6.726613, id=,S00, PRDE,actvstrat=,-0.098431, actvprof=,2.607813, id=,S02, PRDE,actvstrat=,0.821159, actvprof=,3.106750, id=,S05, PRDE,actvstrat=,0.922641, actvprof=,0.179284, id=,S06, PRDE,actvstrat=,0.047331, actvprof=,0.005837, id=,S07, PRDE,actvstrat=,0.767634, actvprof=,0.006393, best_B_id=,B09, best_B_prof=,6.726613, best_B_strat=,0.594541, best_S_id=,S02, best_S_prof=,3.106750, best_S_strat=,0.821159, 
t=,381600, id=,B02, PRDE,actvstrat=,0.422284, actvprof=,0.000556, id=,B03, PRDE,actvstrat=,0.932898, actvprof=,0.015700, id=,B05, PRDE,actvstrat=,0.408398, actvprof=,0.555328, id=,B06, PRDE,actvstrat=,0.467773, actvprof=,1.808254, id=,B09, PRDE,actvstrat=,0.594541, actvprof=,6.768136, id=,S00, PRDE,actvstrat=,-0.098431, actvprof=,2.557676, id=,S02, PRDE,actvstrat=,0.821159, actvprof=,2.986989, id=,S05, PRDE,actvstrat=,0.922641, actvprof=,0.187703, id=,S06, PRDE,actvstrat=,0.047331, actvprof=,0.006252, id=,S07, PRDE,actvstrat=,0.767634, actvprof=,0.005002, best_B_id=,B09, best_B_prof=,6.768136, best_B_strat=,0.594541, best_S_id=,S02, best_S_prof=,2.986989, best_S_strat=,0.821159, 
t=,385200, id=,B02, PRDE,actvstrat=,-0.222845, actvprof=,0.000000, id=,B03, PRDE,actvstrat=,0.728349, actvprof=,0.000000, id=,B05, PRDE,actvstrat=,0.408398, actvprof=,0.471716, id=,B06, PRDE,actvstrat=,-0.234798, actvprof=,0.801112, id=,B09, PRDE,actvstrat=,-0.247459, actvprof=,4.994024, id=,S00, PRDE,actvstrat=,-0.320246, actvprof=,1.858235, id=,S02, PRDE,actvstrat=,-0.480497, actvprof=,0.486449, id=,S05, PRDE,actvstrat=,0.922641, actvprof=,0.035580, id=,S06, PRDE,actvstrat=,0.926464, actvprof=,0.010563, id=,S07, PRDE,actvstrat=,0.767634, actvprof=,0.001668, best_B_id=,B09, best_B_prof=,4.994024, best_B_strat=,-0.247459, best_S_id=,S00, best_S_prof=,1.858235, best_S_strat=,-0.320246, 
t=,388800, id=,B02, PRDE,actvstrat=,-0.222845, actvprof=,0.000000, id=,B03, PRDE,actvstrat=,0.728349, actvprof=,0.000000, id=,B05, PRDE,actvstrat=,0.408398, actvprof=,0.460854, id=,B06, PRDE,actvstrat=,-0.234798, actvprof=,0.761375, id=,B09, PRDE,actvstrat=,-0.247459, actvprof=,4.936436, id=,S00, PRDE,actvstrat=,-0.320246, actvprof=,1.825912, id=,S02, PRDE,actvstrat=,-0.480497, actvprof=,0.462244, id=,S05, PRDE,actvstrat=,0.922641, actvprof=,0.043071, id=,S06, PRDE,actvstrat=,0.926464, actvprof=,0.011532, id=,S07, PRDE,actvstrat=,0.767634, actvprof=,0.000834, best_B_id=,B09, best_B_prof=,4.936436, best_B_strat=,-0.247459, best_S_id=,S00, best_S_prof=,1.825912, best_S_strat=,-0.320246, 
t=,392400, id=,B02, PRDE,actvstrat=,0.422284, actvprof=,0.000000, id=,B03, PRDE,actvstrat=,0.932898, actvprof=,0.004170, id=,B05, PRDE,actvstrat=,0.408398, actvprof=,0.257405, id=,B06, PRDE,actvstrat=,0.467773, actvprof=,1.295918, id=,B09, PRDE,actvstrat=,-0.247459, actvprof=,4.453988, id=,S00, PRDE,actvstrat=,-0.098431, actvprof=,3.018249, id=,S02, PRDE,actvstrat=,-0.480497, actvprof=,0.553170, id=,S05, PRDE,actvstrat=,0.618309, actvprof=,0.020570, id=,S06, PRDE,actvstrat=,0.926464, actvprof=,0.026964, id=,S07, PRDE,actvstrat=,-0.311653, actvprof=,0.000000, best_B_id=,B09, best_B_prof=,4.453988, best_B_strat=,-0.247459, best_S_id=,S00, best_S_prof=,3.018249, best_S_strat=,-0.098431, 
t=,396000, id=,B02, PRDE,actvstrat=,0.422284, actvprof=,0.000000, id=,B03, PRDE,actvstrat=,0.932898, actvprof=,0.004029, id=,B05, PRDE,actvstrat=,0.408398, actvprof=,0.277182, id=,B06, PRDE,actvstrat=,0.467773, actvprof=,1.362566, id=,B09, PRDE,actvstrat=,-0.247459, actvprof=,4.488812, id=,S00, PRDE,actvstrat=,-0.098431, actvprof=,3.105961, id=,S02, PRDE,actvstrat=,-0.480497, actvprof=,0.543943, id=,S05, PRDE,actvstrat=,0.618309, actvprof=,0.026954, id=,S06, PRDE,actvstrat=,0.926464, actvprof=,0.035429, id=,S07, PRDE,actvstrat=,-0.311653, actvprof=,0.000000, best_B_id=,B09, best_B_prof=,4.488812, best_B_strat=,-0.247459, best_S_id=,S00, best_S_prof=,3.105961, best_S_strat=,-0.098431, 
t=,399600, id=,B02, PRDE,actvstrat=,0.273808, actvprof=,0.000834, id=,B03, PRDE,actvstrat=,0.932898, actvprof=,0.049480, id=,B05, PRDE,actvstrat=,0.408398, actvprof=,0.922333, id=,B06, PRDE,actvstrat=,0.467773, actvprof=,2.465670, id=,B09, PRDE,actvstrat=,-0.247459, actvprof=,5.640463, id=,S00, PRDE,actvstrat=,0.776691, actvprof=,5.397509, id=,S02, PRDE,actvstrat=,0.821159, actvprof=,2.344749, id=,S05, PRDE,actvstrat=,0.922641, actvprof=,0.046144, id=,S06, PRDE,actvstrat=,0.990939, actvprof=,0.002224, id=,S07, PRDE,actvstrat=,0.767634, actvprof=,0.000000, best_B_id=,B09, best_B_prof=,5.640463, best_B_strat=,-0.247459, best_S_id=,S00, best_S_prof=,5.397509, best_S_strat=,0.776691, 
t=,403200, id=,B02, PRDE,actvstrat=,0.273808, actvprof=,0.001112, id=,B03, PRDE,actvstrat=,0.932898, actvprof=,0.039736, id=,B05, PRDE,actvstrat=,0.408398, actvprof=,0.904626, id=,B06, PRDE,actvstrat=,0.467773, actvprof=,2.437252, id=,B09, PRDE,actvstrat=,-0.247459, actvprof=,5.744951, id=,S00, PRDE,actvstrat=,0.776691, actvprof=,5.386769, id=,S02, PRDE,actvstrat=,0.821159, actvprof=,2.412521, id=,S05, PRDE,actvstrat=,0.922641, actvprof=,0.042932, id=,S06, PRDE,actvstrat=,0.990939, actvprof=,0.004168, id=,S07, PRDE,actvstrat=,0.767634, actvprof=,0.000000, best_B_id=,B09, best_B_prof=,5.744951, best_B_strat=,-0.247459, best_S_id=,S00, best_S_prof=,5.386769, best_S_strat=,0.776691, 
t=,406800, id=,B02, PRDE,actvstrat=,0.500053, actvprof=,0.001668, id=,B03, PRDE,actvstrat=,0.727034, actvprof=,0.019459, id=,B05, PRDE,actvstrat=,0.408398, actvprof=,0.283264, id=,B06, PRDE,actvstrat=,0.467773, actvprof=,1.289560, id=,B09, PRDE,actvstrat=,0.594541, actvprof=,6.045283, id=,S00, PRDE,actvstrat=,0.776691, actvprof=,6.527583, id=,S02, PRDE,actvstrat=,-0.375858, actvprof=,0.638248, id=,S05, PRDE,actvstrat=,0.618309, actvprof=,0.171237, id=,S06, PRDE,actvstrat=,0.047331, actvprof=,0.006950, id=,S07, PRDE,actvstrat=,-0.311653, actvprof=,0.001390, best_B_id=,B09, best_B_prof=,6.045283, best_B_strat=,0.594541, best_S_id=,S00, best_S_prof=,6.527583, best_S_strat=,0.776691, 
t=,410400, id=,B02, PRDE,actvstrat=,0.500053, actvprof=,0.000834, id=,B03, PRDE,actvstrat=,0.727034, actvprof=,0.019729, id=,B05, PRDE,actvstrat=,0.408398, actvprof=,0.303445, id=,B06, PRDE,actvstrat=,0.467773, actvprof=,1.338409, id=,B09, PRDE,actvstrat=,0.594541, actvprof=,6.072791, id=,S00, PRDE,actvstrat=,0.776691, actvprof=,6.531571, id=,S02, PRDE,actvstrat=,-0.375858, actvprof=,0.643014, id=,S05, PRDE,actvstrat=,0.618309, actvprof=,0.125880, id=,S06, PRDE,actvstrat=,0.047331, actvprof=,0.010837, id=,S07, PRDE,actvstrat=,-0.311653, actvprof=,0.000973, best_B_id=,B09, best_B_prof=,6.072791, best_B_strat=,0.594541, best_S_id=,S00, best_S_prof=,6.531571, best_S_strat=,0.776691, 
t=,414000, id=,B02, PRDE,actvstrat=,-0.222845, actvprof=,0.000000, id=,B03, PRDE,actvstrat=,0.728349, actvprof=,0.025019, id=,B05, PRDE,actvstrat=,0.408398, actvprof=,1.406074, id=,B06, PRDE,actvstrat=,-0.801077, actvprof=,1.037459, id=,B09, PRDE,actvstrat=,-0.247459, actvprof=,6.460491, id=,S00, PRDE,actvstrat=,0.776691, actvprof=,4.805615, id=,S02, PRDE,actvstrat=,0.821159, actvprof=,1.802488, id=,S05, PRDE,actvstrat=,0.922641, actvprof=,0.030023, id=,S06, PRDE,actvstrat=,-0.973159, actvprof=,0.010286, id=,S07, PRDE,actvstrat=,0.767634, actvprof=,0.000000, best_B_id=,B09, best_B_prof=,6.460491, best_B_strat=,-0.247459, best_S_id=,S00, best_S_prof=,4.805615, best_S_strat=,0.776691, 
t=,417600, id=,B02, PRDE,actvstrat=,-0.222845, actvprof=,0.000000, id=,B03, PRDE,actvstrat=,0.728349, actvprof=,0.036264, id=,B05, PRDE,actvstrat=,0.408398, actvprof=,1.339400, id=,B06, PRDE,actvstrat=,-0.801077, actvprof=,1.058599, id=,B09, PRDE,actvstrat=,-0.247459, actvprof=,6.413700, id=,S00, PRDE,actvstrat=,0.776691, actvprof=,4.867276, id=,S02, PRDE,actvstrat=,0.821159, actvprof=,1.891278, id=,S05, PRDE,actvstrat=,0.922641, actvprof=,0.039182, id=,S06, PRDE,actvstrat=,-0.973159, actvprof=,0.006808, id=,S07, PRDE,actvstrat=,0.767634, actvprof=,0.000000, best_B_id=,B09, best_B_prof=,6.413700, best_B_strat=,-0.247459, best_S_id=,S00, best_S_prof=,4.867276, best_S_strat=,0.776691, 
t=,421200, id=,B02, PRDE,actvstrat=,-0.222845, actvprof=,0.001946, id=,B03, PRDE,actvstrat=,0.932898, actvprof=,0.043088, id=,B05, PRDE,actvstrat=,0.408398, actvprof=,0.863159, id=,B06, PRDE,actvstrat=,0.467773, actvprof=,2.258114, id=,B09, PRDE,actvstrat=,-0.247459, actvprof=,5.634582, id=,S00, PRDE,actvstrat=,0.776691, actvprof=,5.481131, id=,S02, PRDE,actvstrat=,0.821159, actvprof=,2.412398, id=,S05, PRDE,actvstrat=,0.922641, actvprof=,0.054486, id=,S06, PRDE,actvstrat=,0.926464, actvprof=,0.003614, id=,S07, PRDE,actvstrat=,0.767634, actvprof=,0.000556, best_B_id=,B09, best_B_prof=,5.634582, best_B_strat=,-0.247459, best_S_id=,S00, best_S_prof=,5.481131, best_S_strat=,0.776691, 
t=,424800, id=,B02, PRDE,actvstrat=,-0.222845, actvprof=,0.000973, id=,B03, PRDE,actvstrat=,0.932898, actvprof=,0.048352, id=,B05, PRDE,actvstrat=,0.408398, actvprof=,0.894098, id=,B06, PRDE,actvstrat=,0.467773, actvprof=,2.308815, id=,B09, PRDE,actvstrat=,-0.247459, actvprof=,5.663036, id=,S00, PRDE,actvstrat=,0.776691, actvprof=,5.476574, id=,S02, PRDE,actvstrat=,0.821159, actvprof=,2.383705, id=,S05, PRDE,actvstrat=,0.922641, actvprof=,0.053215, id=,S06, PRDE,actvstrat=,0.926464, actvprof=,0.007086, id=,S07, PRDE,actvstrat=,0.767634, actvprof=,0.000278, best_B_id=,B09, best_B_prof=,5.663036, best_B_strat=,-0.247459, best_S_id=,S00, best_S_prof=,5.476574, best_S_strat=,0.776691, 
t=,428400, id=,B02, PRDE,actvstrat=,-0.222845, actvprof=,0.000000, id=,B03, PRDE,actvstrat=,0.728349, actvprof=,0.001946, id=,B05, PRDE,actvstrat=,0.408398, actvprof=,0.306640, id=,B06, PRDE,actvstrat=,0.467773, actvprof=,1.436177, id=,B09, PRDE,actvstrat=,-0.247459, actvprof=,4.527877, id=,S00, PRDE,actvstrat=,-0.320246, actvprof=,2.159825, id=,S02, PRDE,actvstrat=,-0.480497, actvprof=,0.563517, id=,S05, PRDE,actvstrat=,0.922641, actvprof=,0.100916, id=,S06, PRDE,actvstrat=,-0.973159, actvprof=,0.004170, id=,S07, PRDE,actvstrat=,0.767634, actvprof=,0.000000, best_B_id=,B09, best_B_prof=,4.527877, best_B_strat=,-0.247459, best_S_id=,S00, best_S_prof=,2.159825, best_S_strat=,-0.320246, 
t=,432000, id=,B02, PRDE,actvstrat=,-0.222845, actvprof=,0.000000, id=,B03, PRDE,actvstrat=,0.728349, actvprof=,0.001667, id=,B05, PRDE,actvstrat=,0.408398, actvprof=,0.289841, id=,B06, PRDE,actvstrat=,0.467773, actvprof=,1.393349, id=,B09, PRDE,actvstrat=,-0.247459, actvprof=,4.452797, id=,S00, PRDE,actvstrat=,-0.320246, actvprof=,2.234666, id=,S02, PRDE,actvstrat=,-0.480497, actvprof=,0.619837, id=,S05, PRDE,actvstrat=,0.922641, actvprof=,0.094483, id=,S06, PRDE,actvstrat=,-0.973159, actvprof=,0.010004, id=,S07, PRDE,actvstrat=,0.767634, actvprof=,0.000139, best_B_id=,B09, best_B_prof=,4.452797, best_B_strat=,-0.247459, best_S_id=,S00, best_S_prof=,2.234666, best_S_strat=,-0.320246, 
t=,435600, id=,B02, PRDE,actvstrat=,0.500053, actvprof=,0.000000, id=,B03, PRDE,actvstrat=,-0.732694, actvprof=,0.003892, id=,B05, PRDE,actvstrat=,0.408398, actvprof=,0.929929, id=,B06, PRDE,actvstrat=,-0.801077, actvprof=,0.687230, id=,B09, PRDE,actvstrat=,-0.247459, actvprof=,5.905395, id=,S00, PRDE,actvstrat=,0.776691, actvprof=,5.183136, id=,S02, PRDE,actvstrat=,-0.480497, actvprof=,0.255209, id=,S05, PRDE,actvstrat=,0.999692, actvprof=,0.017792, id=,S06, PRDE,actvstrat=,0.047331, actvprof=,0.000000, id=,S07, PRDE,actvstrat=,0.767634, actvprof=,0.000000, best_B_id=,B09, best_B_prof=,5.905395, best_B_strat=,-0.247459, best_S_id=,S00, best_S_prof=,5.183136, best_S_strat=,0.776691, 
t=,439200, id=,B02, PRDE,actvstrat=,0.500053, actvprof=,0.000695, id=,B03, PRDE,actvstrat=,-0.732694, actvprof=,0.005141, id=,B05, PRDE,actvstrat=,0.408398, actvprof=,0.959150, id=,B06, PRDE,actvstrat=,-0.801077, actvprof=,0.699736, id=,B09, PRDE,actvstrat=,-0.247459, actvprof=,6.025427, id=,S00, PRDE,actvstrat=,0.776691, actvprof=,5.194109, id=,S02, PRDE,actvstrat=,-0.480497, actvprof=,0.209254, id=,S05, PRDE,actvstrat=,0.999692, actvprof=,0.019175, id=,S06, PRDE,actvstrat=,0.047331, actvprof=,0.000000, id=,S07, PRDE,actvstrat=,0.767634, actvprof=,0.000000, best_B_id=,B09, best_B_prof=,6.025427, best_B_strat=,-0.247459, best_S_id=,S00, best_S_prof=,5.194109, best_S_strat=,0.776691, 
t=,442800, id=,B02, PRDE,actvstrat=,0.273808, actvprof=,0.000000, id=,B03, PRDE,actvstrat=,0.932898, actvprof=,0.013067, id=,B05, PRDE,actvstrat=,0.408398, actvprof=,0.463726, id=,B06, PRDE,actvstrat=,0.467773, actvprof=,1.858241, id=,B09, PRDE,actvstrat=,-0.247459, actvprof=,4.931122, id=,S00, PRDE,actvstrat=,-0.320246, actvprof=,1.833498, id=,S02, PRDE,actvstrat=,0.821159, actvprof=,3.070657, id=,S05, PRDE,actvstrat=,0.618309, actvprof=,0.036698, id=,S06, PRDE,actvstrat=,0.926464, actvprof=,0.029747, id=,S07, PRDE,actvstrat=,-0.311653, actvprof=,0.000000, best_B_id=,B09, best_B_prof=,4.931122, best_B_strat=,-0.247459, best_S_id=,S02, best_S_prof=,3.070657, best_S_strat=,0.821159, 
t=,446400, id=,B02, PRDE,actvstrat=,0.273808, actvprof=,0.000000, id=,B03, PRDE,actvstrat=,0.932898, actvprof=,0.013895, id=,B05, PRDE,actvstrat=,0.408398, actvprof=,0.504102, id=,B06, PRDE,actvstrat=,0.467773, actvprof=,1.862595, id=,B09, PRDE,actvstrat=,-0.247459, actvprof=,5.003369, id=,S00, PRDE,actvstrat=,-0.320246, actvprof=,1.850784, id=,S02, PRDE,actvstrat=,0.821159, actvprof=,2.996547, id=,S05, PRDE,actvstrat=,0.618309, actvprof=,0.024177, id=,S06, PRDE,actvstrat=,0.926464, actvprof=,0.028067, id=,S07, PRDE,actvstrat=,-0.311653, actvprof=,0.000000, best_B_id=,B09, best_B_prof=,5.003369, best_B_strat=,-0.247459, best_S_id=,S02, best_S_prof=,2.996547, best_S_strat=,0.821159, 
t=,450000, id=,B02, PRDE,actvstrat=,-0.222845, actvprof=,0.000000, id=,B03, PRDE,actvstrat=,0.728349, actvprof=,0.008341, id=,B05, PRDE,actvstrat=,0.408398, actvprof=,0.611646, id=,B06, PRDE,actvstrat=,0.467773, actvprof=,1.922238, id=,B09, PRDE,actvstrat=,-0.247459, actvprof=,5.128376, id=,S00, PRDE,actvstrat=,-0.098431, actvprof=,2.321754, id=,S02, PRDE,actvstrat=,0.821159, actvprof=,2.768534, id=,S05, PRDE,actvstrat=,0.922641, actvprof=,0.130948, id=,S06, PRDE,actvstrat=,0.185188, actvprof=,0.000834, id=,S07, PRDE,actvstrat=,0.767634, actvprof=,0.001112, best_B_id=,B09, best_B_prof=,5.128376, best_B_strat=,-0.247459, best_S_id=,S02, best_S_prof=,2.768534, best_S_strat=,0.821159, 
t=,453600, id=,B02, PRDE,actvstrat=,-0.222845, actvprof=,0.000000, id=,B03, PRDE,actvstrat=,0.728349, actvprof=,0.010699, id=,B05, PRDE,actvstrat=,0.408398, actvprof=,0.601791, id=,B06, PRDE,actvstrat=,0.467773, actvprof=,1.944462, id=,B09, PRDE,actvstrat=,-0.247459, actvprof=,5.190048, id=,S00, PRDE,actvstrat=,-0.098431, actvprof=,2.388545, id=,S02, PRDE,actvstrat=,0.821159, actvprof=,2.798863, id=,S05, PRDE,actvstrat=,0.922641, actvprof=,0.115328, id=,S06, PRDE,actvstrat=,0.185188, actvprof=,0.000695, id=,S07, PRDE,actvstrat=,0.767634, actvprof=,0.001389, best_B_id=,B09, best_B_prof=,5.190048, best_B_strat=,-0.247459, best_S_id=,S02, best_S_prof=,2.798863, best_S_strat=,0.821159, 
t=,457200, id=,B02, PRDE,actvstrat=,0.273808, actvprof=,0.003336, id=,B03, PRDE,actvstrat=,-0.050504, actvprof=,0.006951, id=,B05, PRDE,actvstrat=,0.408398, actvprof=,0.538534, id=,B06, PRDE,actvstrat=,0.467773, actvprof=,1.926157, id=,B09, PRDE,actvstrat=,-0.247459, actvprof=,4.933274, id=,S00, PRDE,actvstrat=,0.776691, actvprof=,5.810443, id=,S02, PRDE,actvstrat=,-0.480497, actvprof=,0.361988, id=,S05, PRDE,actvstrat=,0.922641, actvprof=,0.105927, id=,S06, PRDE,actvstrat=,-0.973159, actvprof=,0.015569, id=,S07, PRDE,actvstrat=,0.767634, actvprof=,0.000000, best_B_id=,B09, best_B_prof=,4.933274, best_B_strat=,-0.247459, best_S_id=,S00, best_S_prof=,5.810443, best_S_strat=,0.776691, 
t=,460800, id=,B02, PRDE,actvstrat=,0.273808, actvprof=,0.003057, id=,B03, PRDE,actvstrat=,-0.050504, actvprof=,0.011255, id=,B05, PRDE,actvstrat=,0.408398, actvprof=,0.512589, id=,B06, PRDE,actvstrat=,0.467773, actvprof=,1.947532, id=,B09, PRDE,actvstrat=,-0.247459, actvprof=,5.036822, id=,S00, PRDE,actvstrat=,0.776691, actvprof=,5.881920, id=,S02, PRDE,actvstrat=,-0.480497, actvprof=,0.395176, id=,S05, PRDE,actvstrat=,0.922641, actvprof=,0.096710, id=,S06, PRDE,actvstrat=,-0.973159, actvprof=,0.019314, id=,S07, PRDE,actvstrat=,0.767634, actvprof=,0.000000, best_B_id=,B09, best_B_prof=,5.036822, best_B_strat=,-0.247459, best_S_id=,S00, best_S_prof=,5.881920, best_S_strat=,0.776691, 
t=,464400, id=,B02, PRDE,actvstrat=,0.273808, actvprof=,0.000000, id=,B03, PRDE,actvstrat=,0.728349, actvprof=,0.012789, id=,B05, PRDE,actvstrat=,0.408398, actvprof=,0.412033, id=,B06, PRDE,actvstrat=,0.467773, actvprof=,1.566948, id=,B09, PRDE,actvstrat=,-0.247459, actvprof=,4.754504, id=,S00, PRDE,actvstrat=,0.776691, actvprof=,6.172709, id=,S02, PRDE,actvstrat=,-0.480497, actvprof=,0.464024, id=,S05, PRDE,actvstrat=,0.618309, actvprof=,0.068116, id=,S06, PRDE,actvstrat=,-0.973159, actvprof=,0.023910, id=,S07, PRDE,actvstrat=,0.767634, actvprof=,0.000278, best_B_id=,B09, best_B_prof=,4.754504, best_B_strat=,-0.247459, best_S_id=,S00, best_S_prof=,6.172709, best_S_strat=,0.776691, 
t=,468000, id=,B02, PRDE,actvstrat=,0.273808, actvprof=,0.000417, id=,B03, PRDE,actvstrat=,0.728349, actvprof=,0.015285, id=,B05, PRDE,actvstrat=,0.408398, actvprof=,0.416435, id=,B06, PRDE,actvstrat=,0.467773, actvprof=,1.608215, id=,B09, PRDE,actvstrat=,-0.247459, actvprof=,4.692641, id=,S00, PRDE,actvstrat=,0.776691, actvprof=,6.201089, id=,S02, PRDE,actvstrat=,-0.480497, actvprof=,0.524261, id=,S05, PRDE,actvstrat=,0.618309, actvprof=,0.061138, id=,S06, PRDE,actvstrat=,-0.973159, actvprof=,0.020843, id=,S07, PRDE,actvstrat=,0.767634, actvprof=,0.001390, best_B_id=,B09, best_B_prof=,4.692641, best_B_strat=,-0.247459, best_S_id=,S00, best_S_prof=,6.201089, best_S_strat=,0.776691, 
t=,471600, id=,B02, PRDE,actvstrat=,-0.222845, actvprof=,0.000000, id=,B03, PRDE,actvstrat=,0.932898, actvprof=,0.007785, id=,B05, PRDE,actvstrat=,0.477121, actvprof=,0.635861, id=,B06, PRDE,actvstrat=,0.467773, actvprof=,2.091083, id=,B09, PRDE,actvstrat=,-0.247459, actvprof=,5.343509, id=,S00, PRDE,actvstrat=,0.776691, actvprof=,5.872883, id=,S02, PRDE,actvstrat=,-0.480497, actvprof=,0.384797, id=,S05, PRDE,actvstrat=,0.999692, actvprof=,0.031696, id=,S06, PRDE,actvstrat=,-0.973159, actvprof=,0.001668, id=,S07, PRDE,actvstrat=,-0.311653, actvprof=,0.000000, best_B_id=,B09, best_B_prof=,5.343509, best_B_strat=,-0.247459, best_S_id=,S00, best_S_prof=,5.872883, best_S_strat=,0.776691, 
t=,475200, id=,B02, PRDE,actvstrat=,-0.222845, actvprof=,0.000000, id=,B03, PRDE,actvstrat=,0.932898, actvprof=,0.009588, id=,B05, PRDE,actvstrat=,0.477121, actvprof=,0.662104, id=,B06, PRDE,actvstrat=,0.467773, actvprof=,2.098447, id=,B09, PRDE,actvstrat=,-0.247459, actvprof=,5.338938, id=,S00, PRDE,actvstrat=,0.776691, actvprof=,5.839580, id=,S02, PRDE,actvstrat=,-0.480497, actvprof=,0.352381, id=,S05, PRDE,actvstrat=,0.999692, actvprof=,0.034738, id=,S06, PRDE,actvstrat=,-0.973159, actvprof=,0.005558, id=,S07, PRDE,actvstrat=,-0.311653, actvprof=,0.000000, best_B_id=,B09, best_B_prof=,5.338938, best_B_strat=,-0.247459, best_S_id=,S00, best_S_prof=,5.839580, best_S_strat=,0.776691, 
t=,478800, id=,B02, PRDE,actvstrat=,-0.222845, actvprof=,0.000000, id=,B03, PRDE,actvstrat=,0.932898, actvprof=,0.007785, id=,B05, PRDE,actvstrat=,0.408398, actvprof=,0.717334, id=,B06, PRDE,actvstrat=,0.467773, actvprof=,2.187313, id=,B09, PRDE,actvstrat=,-0.247459, actvprof=,5.586866, id=,S00, PRDE,actvstrat=,-0.320246, actvprof=,1.699915, id=,S02, PRDE,actvstrat=,0.821159, actvprof=,2.675823, id=,S05, PRDE,actvstrat=,0.999692, actvprof=,0.036979, id=,S06, PRDE,actvstrat=,-0.973159, actvprof=,0.003336, id=,S07, PRDE,actvstrat=,-0.311653, actvprof=,0.000000, best_B_id=,B09, best_B_prof=,5.586866, best_B_strat=,-0.247459, best_S_id=,S02, best_S_prof=,2.675823, best_S_strat=,0.821159, 
t=,482400, id=,B02, PRDE,actvstrat=,-0.222845, actvprof=,0.000000, id=,B03, PRDE,actvstrat=,0.932898, actvprof=,0.005975, id=,B05, PRDE,actvstrat=,0.408398, actvprof=,0.703800, id=,B06, PRDE,actvstrat=,0.467773, actvprof=,2.147388, id=,B09, PRDE,actvstrat=,-0.247459, actvprof=,5.523264, id=,S00, PRDE,actvstrat=,-0.320246, actvprof=,1.710240, id=,S02, PRDE,actvstrat=,0.821159, actvprof=,2.699173, id=,S05, PRDE,actvstrat=,0.999692, actvprof=,0.039602, id=,S06, PRDE,actvstrat=,-0.973159, actvprof=,0.004169, id=,S07, PRDE,actvstrat=,-0.311653, actvprof=,0.000000, best_B_id=,B09, best_B_prof=,5.523264, best_B_strat=,-0.247459, best_S_id=,S02, best_S_prof=,2.699173, best_S_strat=,0.821159, 
t=,486000, id=,B02, PRDE,actvstrat=,-0.222845, actvprof=,0.000000, id=,B03, PRDE,actvstrat=,0.932898, actvprof=,0.016404, id=,B05, PRDE,actvstrat=,0.408398, actvprof=,0.681199, id=,B06, PRDE,actvstrat=,0.467773, actvprof=,2.076405, id=,B09, PRDE,actvstrat=,-0.247459, actvprof=,5.599455, id=,S00, PRDE,actvstrat=,-0.098431, actvprof=,2.266863, id=,S02, PRDE,actvstrat=,0.821159, actvprof=,2.813769, id=,S05, PRDE,actvstrat=,0.922641, actvprof=,0.069788, id=,S06, PRDE,actvstrat=,0.926464, actvprof=,0.006117, id=,S07, PRDE,actvstrat=,0.767634, actvprof=,0.001112, best_B_id=,B09, best_B_prof=,5.599455, best_B_strat=,-0.247459, best_S_id=,S02, best_S_prof=,2.813769, best_S_strat=,0.821159, 
t=,489600, id=,B02, PRDE,actvstrat=,-0.222845, actvprof=,0.000000, id=,B03, PRDE,actvstrat=,0.932898, actvprof=,0.013340, id=,B05, PRDE,actvstrat=,0.408398, actvprof=,0.676847, id=,B06, PRDE,actvstrat=,0.467773, actvprof=,2.123920, id=,B09, PRDE,actvstrat=,-0.247459, actvprof=,5.367952, id=,S00, PRDE,actvstrat=,-0.098431, actvprof=,2.273435, id=,S02, PRDE,actvstrat=,0.821159, actvprof=,2.746575, id=,S05, PRDE,actvstrat=,0.922641, actvprof=,0.063224, id=,S06, PRDE,actvstrat=,0.926464, actvprof=,0.006670, id=,S07, PRDE,actvstrat=,0.767634, actvprof=,0.000556, best_B_id=,B09, best_B_prof=,5.367952, best_B_strat=,-0.247459, best_S_id=,S02, best_S_prof=,2.746575, best_S_strat=,0.821159, 
t=,493200, id=,B02, PRDE,actvstrat=,0.500053, actvprof=,0.002780, id=,B03, PRDE,actvstrat=,-0.050504, actvprof=,0.006395, id=,B05, PRDE,actvstrat=,0.408398, actvprof=,0.823567, id=,B06, PRDE,actvstrat=,-0.234798, actvprof=,1.140259, id=,B09, PRDE,actvstrat=,-0.247459, actvprof=,5.886475, id=,S00, PRDE,actvstrat=,0.776691, actvprof=,5.451335, id=,S02, PRDE,actvstrat=,-0.480497, actvprof=,0.217709, id=,S05, PRDE,actvstrat=,0.922641, actvprof=,0.025580, id=,S06, PRDE,actvstrat=,0.926464, actvprof=,0.001946, id=,S07, PRDE,actvstrat=,0.767634, actvprof=,0.000278, best_B_id=,B09, best_B_prof=,5.886475, best_B_strat=,-0.247459, best_S_id=,S00, best_S_prof=,5.451335, best_S_strat=,0.776691, 
t=,496800, id=,B02, PRDE,actvstrat=,0.500053, actvprof=,0.001529, id=,B03, PRDE,actvstrat=,-0.050504, actvprof=,0.007365, id=,B05, PRDE,actvstrat=,0.408398, actvprof=,0.784265, id=,B06, PRDE,actvstrat=,-0.234798, actvprof=,1.134016, id=,B09, PRDE,actvstrat=,-0.247459, actvprof=,5.641592, id=,S00, PRDE,actvstrat=,0.776691, actvprof=,5.607826, id=,S02, PRDE,actvstrat=,-0.480497, actvprof=,0.248036, id=,S05, PRDE,actvstrat=,0.922641, actvprof=,0.044466, id=,S06, PRDE,actvstrat=,0.926464, actvprof=,0.007504, id=,S07, PRDE,actvstrat=,0.767634, actvprof=,0.000139, best_B_id=,B09, best_B_prof=,5.641592, best_B_strat=,-0.247459, best_S_id=,S00, best_S_prof=,5.607826, best_S_strat=,0.776691, 
t=,500400, id=,B02, PRDE,actvstrat=,0.273808, actvprof=,0.000000, id=,B03, PRDE,actvstrat=,0.932898, actvprof=,0.013902, id=,B05, PRDE,actvstrat=,0.408398, actvprof=,0.653969, id=,B06, PRDE,actvstrat=,0.467773, actvprof=,2.015015, id=,B09, PRDE,actvstrat=,-0.247459, actvprof=,5.647991, id=,S00, PRDE,actvstrat=,0.776691, actvprof=,5.628528, id=,S02, PRDE,actvstrat=,-0.480497, actvprof=,0.344502, id=,S05, PRDE,actvstrat=,0.999692, actvprof=,0.036146, id=,S06, PRDE,actvstrat=,-0.973159, actvprof=,0.007785, id=,S07, PRDE,actvstrat=,0.767634, actvprof=,0.000000, best_B_id=,B09, best_B_prof=,5.647991, best_B_strat=,-0.247459, best_S_id=,S00, best_S_prof=,5.628528, best_S_strat=,0.776691, 
t=,504000, id=,B02, PRDE,actvstrat=,0.273808, actvprof=,0.000000, id=,B03, PRDE,actvstrat=,0.932898, actvprof=,0.012506, id=,B05, PRDE,actvstrat=,0.408398, actvprof=,0.593483, id=,B06, PRDE,actvstrat=,0.467773, actvprof=,1.998194, id=,B09, PRDE,actvstrat=,-0.247459, actvprof=,5.494060, id=,S00, PRDE,actvstrat=,0.776691, actvprof=,5.775585, id=,S02, PRDE,actvstrat=,-0.480497, actvprof=,0.378656, id=,S05, PRDE,actvstrat=,0.999692, actvprof=,0.038769, id=,S06, PRDE,actvstrat=,-0.973159, actvprof=,0.007782, id=,S07, PRDE,actvstrat=,0.767634, actvprof=,0.000000, best_B_id=,B09, best_B_prof=,5.494060, best_B_strat=,-0.247459, best_S_id=,S00, best_S_prof=,5.775585, best_S_strat=,0.776691, 
t=,507600, id=,B02, PRDE,actvstrat=,-0.222845, actvprof=,0.000000, id=,B03, PRDE,actvstrat=,0.728349, actvprof=,0.016405, id=,B05, PRDE,actvstrat=,0.408398, actvprof=,0.894771, id=,B06, PRDE,actvstrat=,-0.234798, actvprof=,1.267639, id=,B09, PRDE,actvstrat=,-0.247459, actvprof=,6.073211, id=,S00, PRDE,actvstrat=,0.776691, actvprof=,5.507097, id=,S02, PRDE,actvstrat=,-0.538797, actvprof=,0.212988, id=,S05, PRDE,actvstrat=,0.999692, actvprof=,0.023078, id=,S06, PRDE,actvstrat=,-0.973159, actvprof=,0.000000, id=,S07, PRDE,actvstrat=,0.767634, actvprof=,0.000000, best_B_id=,B09, best_B_prof=,6.073211, best_B_strat=,-0.247459, best_S_id=,S00, best_S_prof=,5.507097, best_S_strat=,0.776691, 
t=,511200, id=,B02, PRDE,actvstrat=,-0.222845, actvprof=,0.000834, id=,B03, PRDE,actvstrat=,0.728349, actvprof=,0.016258, id=,B05, PRDE,actvstrat=,0.408398, actvprof=,0.916563, id=,B06, PRDE,actvstrat=,-0.234798, actvprof=,1.239917, id=,B09, PRDE,actvstrat=,-0.247459, actvprof=,5.869283, id=,S00, PRDE,actvstrat=,0.776691, actvprof=,5.408222, id=,S02, PRDE,actvstrat=,-0.538797, actvprof=,0.209965, id=,S05, PRDE,actvstrat=,0.999692, actvprof=,0.019037, id=,S06, PRDE,actvstrat=,-0.973159, actvprof=,0.000000, id=,S07, PRDE,actvstrat=,0.767634, actvprof=,0.000000, best_B_id=,B09, best_B_prof=,5.869283, best_B_strat=,-0.247459, best_S_id=,S00, best_S_prof=,5.408222, best_S_strat=,0.776691, 
t=,514800, id=,B02, PRDE,actvstrat=,-0.222845, actvprof=,0.000000, id=,B03, PRDE,actvstrat=,-0.050504, actvprof=,0.000000, id=,B05, PRDE,actvstrat=,0.408398, actvprof=,0.327828, id=,B06, PRDE,actvstrat=,0.467773, actvprof=,1.572962, id=,B09, PRDE,actvstrat=,-0.247459, actvprof=,4.647147, id=,S00, PRDE,actvstrat=,-0.320246, actvprof=,2.235847, id=,S02, PRDE,actvstrat=,-0.480497, actvprof=,0.454065, id=,S05, PRDE,actvstrat=,0.922641, actvprof=,0.086197, id=,S06, PRDE,actvstrat=,0.926464, actvprof=,0.020298, id=,S07, PRDE,actvstrat=,-0.311653, actvprof=,0.000000, best_B_id=,B09, best_B_prof=,4.647147, best_B_strat=,-0.247459, best_S_id=,S00, best_S_prof=,2.235847, best_S_strat=,-0.320246, 
t=,518400, id=,B02, PRDE,actvstrat=,-0.222845, actvprof=,0.000000, id=,B03, PRDE,actvstrat=,-0.050504, actvprof=,0.000000, id=,B05, PRDE,actvstrat=,0.408398, actvprof=,0.316408, id=,B06, PRDE,actvstrat=,0.467773, actvprof=,1.560780, id=,B09, PRDE,actvstrat=,-0.247459, actvprof=,4.613835, id=,S00, PRDE,actvstrat=,-0.320246, actvprof=,2.239731, id=,S02, PRDE,actvstrat=,-0.480497, actvprof=,0.462314, id=,S05, PRDE,actvstrat=,0.922641, actvprof=,0.070174, id=,S06, PRDE,actvstrat=,0.926464, actvprof=,0.016536, id=,S07, PRDE,actvstrat=,-0.311653, actvprof=,0.000000, best_B_id=,B09, best_B_prof=,4.613835, best_B_strat=,-0.247459, best_S_id=,S00, best_S_prof=,2.239731, best_S_strat=,-0.320246, 
t=,522000, id=,B02, PRDE,actvstrat=,0.500053, actvprof=,0.001668, id=,B03, PRDE,actvstrat=,0.728349, actvprof=,0.023635, id=,B05, PRDE,actvstrat=,0.477121, actvprof=,0.515237, id=,B06, PRDE,actvstrat=,0.467773, actvprof=,1.890780, id=,B09, PRDE,actvstrat=,-0.247459, actvprof=,5.044489, id=,S00, PRDE,actvstrat=,0.776691, actvprof=,5.864476, id=,S02, PRDE,actvstrat=,-0.480497, actvprof=,0.394283, id=,S05, PRDE,actvstrat=,0.922641, actvprof=,0.074519, id=,S06, PRDE,actvstrat=,0.926464, actvprof=,0.005839, id=,S07, PRDE,actvstrat=,-0.311653, actvprof=,0.000000, best_B_id=,B09, best_B_prof=,5.044489, best_B_strat=,-0.247459, best_S_id=,S00, best_S_prof=,5.864476, best_S_strat=,0.776691, 
t=,525600, id=,B02, PRDE,actvstrat=,0.500053, actvprof=,0.003613, id=,B03, PRDE,actvstrat=,0.728349, actvprof=,0.018343, id=,B05, PRDE,actvstrat=,0.477121, actvprof=,0.564592, id=,B06, PRDE,actvstrat=,0.467773, actvprof=,1.923058, id=,B09, PRDE,actvstrat=,-0.247459, actvprof=,5.127321, id=,S00, PRDE,actvstrat=,0.776691, actvprof=,5.869364, id=,S02, PRDE,actvstrat=,-0.480497, actvprof=,0.394783, id=,S05, PRDE,actvstrat=,0.922641, actvprof=,0.069202, id=,S06, PRDE,actvstrat=,0.926464, actvprof=,0.007365, id=,S07, PRDE,actvstrat=,-0.311653, actvprof=,0.000000, best_B_id=,B09, best_B_prof=,5.127321, best_B_strat=,-0.247459, best_S_id=,S00, best_S_prof=,5.869364, best_S_strat=,0.776691, 
t=,529200, id=,B02, PRDE,actvstrat=,0.500053, actvprof=,0.002781, id=,B03, PRDE,actvstrat=,0.728349, actvprof=,0.007786, id=,B05, PRDE,actvstrat=,0.408398, actvprof=,0.510810, id=,B06, PRDE,actvstrat=,0.467773, actvprof=,1.853597, id=,B09, PRDE,actvstrat=,-0.247459, actvprof=,5.162878, id=,S00, PRDE,actvstrat=,0.776691, actvprof=,6.133055, id=,S02, PRDE,actvstrat=,-0.480497, actvprof=,0.460480, id=,S05, PRDE,actvstrat=,0.922641, actvprof=,0.090094, id=,S06, PRDE,actvstrat=,-0.973159, actvprof=,0.005005, id=,S07, PRDE,actvstrat=,0.767634, actvprof=,0.000834, best_B_id=,B09, best_B_prof=,5.162878, best_B_strat=,-0.247459, best_S_id=,S00, best_S_prof=,6.133055, best_S_strat=,0.776691, 
t=,532800, id=,B02, PRDE,actvstrat=,0.500053, actvprof=,0.003474, id=,B03, PRDE,actvstrat=,0.728349, actvprof=,0.022928, id=,B05, PRDE,actvstrat=,0.408398, actvprof=,0.509977, id=,B06, PRDE,actvstrat=,0.467773, actvprof=,1.837724, id=,B09, PRDE,actvstrat=,-0.247459, actvprof=,5.074621, id=,S00, PRDE,actvstrat=,0.776691, actvprof=,6.007587, id=,S02, PRDE,actvstrat=,-0.480497, actvprof=,0.436607, id=,S05, PRDE,actvstrat=,0.922641, actvprof=,0.091018, id=,S06, PRDE,actvstrat=,-0.973159, actvprof=,0.005697, id=,S07, PRDE,actvstrat=,0.767634, actvprof=,0.000417, best_B_id=,B09, best_B_prof=,5.074621, best_B_strat=,-0.247459, best_S_id=,S00, best_S_prof=,6.007587, best_S_strat=,0.776691, 
t=,536400, id=,B02, PRDE,actvstrat=,0.500053, actvprof=,0.002503, id=,B03, PRDE,actvstrat=,0.932898, actvprof=,0.000556, id=,B05, PRDE,actvstrat=,0.408398, actvprof=,0.437128, id=,B06, PRDE,actvstrat=,0.467773, actvprof=,1.782437, id=,B09, PRDE,actvstrat=,0.594541, actvprof=,7.058562, id=,S00, PRDE,actvstrat=,0.776691, actvprof=,6.086425, id=,S02, PRDE,actvstrat=,-0.480497, actvprof=,0.343418, id=,S05, PRDE,actvstrat=,0.999692, actvprof=,0.077860, id=,S06, PRDE,actvstrat=,0.926464, actvprof=,0.014738, id=,S07, PRDE,actvstrat=,0.767634, actvprof=,0.002781, best_B_id=,B09, best_B_prof=,7.058562, best_B_strat=,0.594541, best_S_id=,S00, best_S_prof=,6.086425, best_S_strat=,0.776691, 
t=,540000, id=,B02, PRDE,actvstrat=,0.500053, actvprof=,0.001251, id=,B03, PRDE,actvstrat=,0.932898, actvprof=,0.003613, id=,B05, PRDE,actvstrat=,0.408398, actvprof=,0.462466, id=,B06, PRDE,actvstrat=,0.467773, actvprof=,1.795809, id=,B09, PRDE,actvstrat=,0.594541, actvprof=,7.071788, id=,S00, PRDE,actvstrat=,0.776691, actvprof=,5.993858, id=,S02, PRDE,actvstrat=,-0.480497, actvprof=,0.374225, id=,S05, PRDE,actvstrat=,0.999692, actvprof=,0.062672, id=,S06, PRDE,actvstrat=,0.926464, actvprof=,0.014174, id=,S07, PRDE,actvstrat=,0.767634, actvprof=,0.005003, best_B_id=,B09, best_B_prof=,7.071788, best_B_strat=,0.594541, best_S_id=,S00, best_S_prof=,5.993858, best_S_strat=,0.776691, 
t=,543600, id=,B02, PRDE,actvstrat=,-0.222845, actvprof=,0.004727, id=,B03, PRDE,actvstrat=,0.728349, actvprof=,0.070074, id=,B05, PRDE,actvstrat=,0.408398, actvprof=,0.924587, id=,B06, PRDE,actvstrat=,0.467773, actvprof=,2.361660, id=,B09, PRDE,actvstrat=,-0.247459, actvprof=,5.746343, id=,S00, PRDE,actvstrat=,0.776691, actvprof=,5.457149, id=,S02, PRDE,actvstrat=,0.821159, actvprof=,2.499583, id=,S05, PRDE,actvstrat=,0.618309, actvprof=,0.032812, id=,S06, PRDE,actvstrat=,-0.973159, actvprof=,0.040042, id=,S07, PRDE,actvstrat=,0.767634, actvprof=,0.001390, best_B_id=,B09, best_B_prof=,5.746343, best_B_strat=,-0.247459, best_S_id=,S00, best_S_prof=,5.457149, best_S_strat=,0.776691, 
t=,547200, id=,B02, PRDE,actvstrat=,-0.222845, actvprof=,0.005420, id=,B03, PRDE,actvstrat=,0.728349, actvprof=,0.063367, id=,B05, PRDE,actvstrat=,0.408398, actvprof=,0.892693, id=,B06, PRDE,actvstrat=,0.467773, actvprof=,2.300520, id=,B09, PRDE,actvstrat=,-0.247459, actvprof=,5.584475, id=,S00, PRDE,actvstrat=,0.776691, actvprof=,5.438704, id=,S02, PRDE,actvstrat=,0.821159, actvprof=,2.553153, id=,S05, PRDE,actvstrat=,0.618309, actvprof=,0.031683, id=,S06, PRDE,actvstrat=,-0.973159, actvprof=,0.031961, id=,S07, PRDE,actvstrat=,0.767634, actvprof=,0.001112, best_B_id=,B09, best_B_prof=,5.584475, best_B_strat=,-0.247459, best_S_id=,S00, best_S_prof=,5.438704, best_S_strat=,0.776691, 
t=,550800, id=,B02, PRDE,actvstrat=,-0.222845, actvprof=,0.000000, id=,B03, PRDE,actvstrat=,0.932898, actvprof=,0.065347, id=,B05, PRDE,actvstrat=,0.408398, actvprof=,0.914298, id=,B06, PRDE,actvstrat=,0.467773, actvprof=,2.393082, id=,B09, PRDE,actvstrat=,-0.612355, actvprof=,5.607308, id=,S00, PRDE,actvstrat=,0.776691, actvprof=,5.433791, id=,S02, PRDE,actvstrat=,0.821159, actvprof=,2.469829, id=,S05, PRDE,actvstrat=,0.922641, actvprof=,0.054502, id=,S06, PRDE,actvstrat=,-0.973159, actvprof=,0.007786, id=,S07, PRDE,actvstrat=,0.767634, actvprof=,0.000834, best_B_id=,B09, best_B_prof=,5.607308, best_B_strat=,-0.612355, best_S_id=,S00, best_S_prof=,5.433791, best_S_strat=,0.776691, 
t=,554400, id=,B02, PRDE,actvstrat=,-0.222845, actvprof=,0.000000, id=,B03, PRDE,actvstrat=,0.932898, actvprof=,0.054056, id=,B05, PRDE,actvstrat=,0.408398, actvprof=,0.895327, id=,B06, PRDE,actvstrat=,0.467773, actvprof=,2.436269, id=,B09, PRDE,actvstrat=,-0.612355, actvprof=,5.519680, id=,S00, PRDE,actvstrat=,0.776691, actvprof=,5.507591, id=,S02, PRDE,actvstrat=,0.821159, actvprof=,2.454473, id=,S05, PRDE,actvstrat=,0.922641, actvprof=,0.051277, id=,S06, PRDE,actvstrat=,-0.973159, actvprof=,0.005836, id=,S07, PRDE,actvstrat=,0.767634, actvprof=,0.000417, best_B_id=,B09, best_B_prof=,5.519680, best_B_strat=,-0.612355, best_S_id=,S00, best_S_prof=,5.507591, best_S_strat=,0.776691, 
t=,558000, id=,B02, PRDE,actvstrat=,0.273808, actvprof=,0.000000, id=,B03, PRDE,actvstrat=,0.728349, actvprof=,0.027251, id=,B05, PRDE,actvstrat=,0.408398, actvprof=,0.563094, id=,B06, PRDE,actvstrat=,0.467773, actvprof=,1.812469, id=,B09, PRDE,actvstrat=,-0.247459, actvprof=,5.179912, id=,S00, PRDE,actvstrat=,0.776691, actvprof=,6.157333, id=,S02, PRDE,actvstrat=,-0.480497, actvprof=,0.464935, id=,S05, PRDE,actvstrat=,0.922641, actvprof=,0.077304, id=,S06, PRDE,actvstrat=,-0.973159, actvprof=,0.010011, id=,S07, PRDE,actvstrat=,0.767634, actvprof=,0.000278, best_B_id=,B09, best_B_prof=,5.179912, best_B_strat=,-0.247459, best_S_id=,S00, best_S_prof=,6.157333, best_S_strat=,0.776691, 
t=,561600, id=,B02, PRDE,actvstrat=,0.273808, actvprof=,0.001112, id=,B03, PRDE,actvstrat=,0.728349, actvprof=,0.022651, id=,B05, PRDE,actvstrat=,0.408398, actvprof=,0.543620, id=,B06, PRDE,actvstrat=,0.467773, actvprof=,1.839443, id=,B09, PRDE,actvstrat=,-0.247459, actvprof=,5.187043, id=,S00, PRDE,actvstrat=,0.776691, actvprof=,6.148245, id=,S02, PRDE,actvstrat=,-0.480497, actvprof=,0.431339, id=,S05, PRDE,actvstrat=,0.922641, actvprof=,0.086851, id=,S06, PRDE,actvstrat=,-0.973159, actvprof=,0.014035, id=,S07, PRDE,actvstrat=,0.767634, actvprof=,0.000278, best_B_id=,B09, best_B_prof=,5.187043, best_B_strat=,-0.247459, best_S_id=,S00, best_S_prof=,6.148245, best_S_strat=,0.776691, 
t=,565200, id=,B02, PRDE,actvstrat=,0.273808, actvprof=,0.000000, id=,B03, PRDE,actvstrat=,0.728349, actvprof=,0.005005, id=,B05, PRDE,actvstrat=,0.408398, actvprof=,0.623992, id=,B06, PRDE,actvstrat=,0.467773, actvprof=,2.035204, id=,B09, PRDE,actvstrat=,-0.247459, actvprof=,5.001390, id=,S00, PRDE,actvstrat=,-0.098431, actvprof=,2.457594, id=,S02, PRDE,actvstrat=,0.821159, actvprof=,2.867193, id=,S05, PRDE,actvstrat=,0.922641, actvprof=,0.087871, id=,S06, PRDE,actvstrat=,-0.973159, actvprof=,0.023914, id=,S07, PRDE,actvstrat=,0.767634, actvprof=,0.000000, best_B_id=,B09, best_B_prof=,5.001390, best_B_strat=,-0.247459, best_S_id=,S02, best_S_prof=,2.867193, best_S_strat=,0.821159, 
t=,568800, id=,B02, PRDE,actvstrat=,0.273808, actvprof=,0.000000, id=,B03, PRDE,actvstrat=,0.728349, actvprof=,0.010700, id=,B05, PRDE,actvstrat=,0.408398, actvprof=,0.676607, id=,B06, PRDE,actvstrat=,0.467773, actvprof=,2.063589, id=,B09, PRDE,actvstrat=,-0.247459, actvprof=,5.188294, id=,S00, PRDE,actvstrat=,-0.098431, actvprof=,2.405575, id=,S02, PRDE,actvstrat=,0.821159, actvprof=,2.835246, id=,S05, PRDE,actvstrat=,0.922641, actvprof=,0.074901, id=,S06, PRDE,actvstrat=,-0.973159, actvprof=,0.014452, id=,S07, PRDE,actvstrat=,0.767634, actvprof=,0.000000, best_B_id=,B09, best_B_prof=,5.188294, best_B_strat=,-0.247459, best_S_id=,S02, best_S_prof=,2.835246, best_S_strat=,0.821159, 
t=,572400, id=,B02, PRDE,actvstrat=,0.500053, actvprof=,0.000000, id=,B03, PRDE,actvstrat=,0.932898, actvprof=,0.000278, id=,B05, PRDE,actvstrat=,0.408398, actvprof=,0.248596, id=,B06, PRDE,actvstrat=,0.467773, actvprof=,1.460152, id=,B09, PRDE,actvstrat=,-0.247459, actvprof=,4.800067, id=,S00, PRDE,actvstrat=,-0.320246, actvprof=,2.366387, id=,S02, PRDE,actvstrat=,-0.480497, actvprof=,0.553640, id=,S05, PRDE,actvstrat=,0.922641, actvprof=,0.085646, id=,S06, PRDE,actvstrat=,-0.973159, actvprof=,0.016406, id=,S07, PRDE,actvstrat=,0.767634, actvprof=,0.000834, best_B_id=,B09, best_B_prof=,4.800067, best_B_strat=,-0.247459, best_S_id=,S00, best_S_prof=,2.366387, best_S_strat=,-0.320246, 
t=,576000, id=,B02, PRDE,actvstrat=,0.500053, actvprof=,0.000000, id=,B03, PRDE,actvstrat=,0.932898, actvprof=,0.000417, id=,B05, PRDE,actvstrat=,0.408398, actvprof=,0.250269, id=,B06, PRDE,actvstrat=,0.467773, actvprof=,1.501615, id=,B09, PRDE,actvstrat=,-0.247459, actvprof=,4.704950, id=,S00, PRDE,actvstrat=,-0.320246, actvprof=,2.294528, id=,S02, PRDE,actvstrat=,-0.480497, actvprof=,0.502484, id=,S05, PRDE,actvstrat=,0.922641, actvprof=,0.080875, id=,S06, PRDE,actvstrat=,-0.973159, actvprof=,0.015842, id=,S07, PRDE,actvstrat=,0.767634, actvprof=,0.000417, best_B_id=,B09, best_B_prof=,4.704950, best_B_strat=,-0.247459, best_S_id=,S00, best_S_prof=,2.294528, best_S_strat=,-0.320246, 
t=,579600, id=,B02, PRDE,actvstrat=,0.273808, actvprof=,0.001112, id=,B03, PRDE,actvstrat=,-0.050504, actvprof=,0.006952, id=,B05, PRDE,actvstrat=,0.408398, actvprof=,0.738835, id=,B06, PRDE,actvstrat=,-0.801077, actvprof=,0.551137, id=,B09, PRDE,actvstrat=,0.905459, actvprof=,7.637228, id=,S00, PRDE,actvstrat=,0.776691, actvprof=,5.638730, id=,S02, PRDE,actvstrat=,-0.480497, actvprof=,0.310606, id=,S05, PRDE,actvstrat=,0.618309, actvprof=,0.024192, id=,S06, PRDE,actvstrat=,0.926464, actvprof=,0.056170, id=,S07, PRDE,actvstrat=,0.767634, actvprof=,0.002781, best_B_id=,B09, best_B_prof=,7.637228, best_B_strat=,0.905459, best_S_id=,S00, best_S_prof=,5.638730, best_S_strat=,0.776691, 
t=,583200, id=,B02, PRDE,actvstrat=,0.273808, actvprof=,0.000556, id=,B03, PRDE,actvstrat=,-0.050504, actvprof=,0.005142, id=,B05, PRDE,actvstrat=,0.408398, actvprof=,0.732053, id=,B06, PRDE,actvstrat=,-0.801077, actvprof=,0.580723, id=,B09, PRDE,actvstrat=,0.905459, actvprof=,7.770212, id=,S00, PRDE,actvstrat=,0.776691, actvprof=,5.591006, id=,S02, PRDE,actvstrat=,-0.480497, actvprof=,0.321975, id=,S05, PRDE,actvstrat=,0.618309, actvprof=,0.022651, id=,S06, PRDE,actvstrat=,0.926464, actvprof=,0.055168, id=,S07, PRDE,actvstrat=,0.767634, actvprof=,0.001668, best_B_id=,B09, best_B_prof=,7.770212, best_B_strat=,0.905459, best_S_id=,S00, best_S_prof=,5.591006, best_S_strat=,0.776691, 
t=,586800, id=,B02, PRDE,actvstrat=,0.500053, actvprof=,0.001112, id=,B03, PRDE,actvstrat=,0.932898, actvprof=,0.025582, id=,B05, PRDE,actvstrat=,0.477121, actvprof=,0.825026, id=,B06, PRDE,actvstrat=,0.467773, actvprof=,2.219534, id=,B09, PRDE,actvstrat=,-0.247459, actvprof=,5.523531, id=,S00, PRDE,actvstrat=,0.776691, actvprof=,5.177616, id=,S02, PRDE,actvstrat=,0.821159, actvprof=,2.381648, id=,S05, PRDE,actvstrat=,0.922641, actvprof=,0.075634, id=,S06, PRDE,actvstrat=,-0.973159, actvprof=,0.003337, id=,S07, PRDE,actvstrat=,0.767634, actvprof=,0.000000, best_B_id=,B09, best_B_prof=,5.523531, best_B_strat=,-0.247459, best_S_id=,S00, best_S_prof=,5.177616, best_S_strat=,0.776691, 
t=,590400, id=,B02, PRDE,actvstrat=,0.500053, actvprof=,0.001945, id=,B03, PRDE,actvstrat=,0.932898, actvprof=,0.025569, id=,B05, PRDE,actvstrat=,0.477121, actvprof=,0.802079, id=,B06, PRDE,actvstrat=,0.467773, actvprof=,2.041049, id=,B09, PRDE,actvstrat=,-0.247459, actvprof=,5.352334, id=,S00, PRDE,actvstrat=,0.776691, actvprof=,5.260342, id=,S02, PRDE,actvstrat=,0.821159, actvprof=,2.434862, id=,S05, PRDE,actvstrat=,0.922641, actvprof=,0.075316, id=,S06, PRDE,actvstrat=,-0.973159, actvprof=,0.013201, id=,S07, PRDE,actvstrat=,0.767634, actvprof=,0.000139, best_B_id=,B09, best_B_prof=,5.352334, best_B_strat=,-0.247459, best_S_id=,S00, best_S_prof=,5.260342, best_S_strat=,0.776691, 
t=,594000, id=,B02, PRDE,actvstrat=,0.500053, actvprof=,0.000000, id=,B03, PRDE,actvstrat=,0.932898, actvprof=,0.005283, id=,B05, PRDE,actvstrat=,0.477121, actvprof=,0.453541, id=,B06, PRDE,actvstrat=,0.467773, actvprof=,1.481584, id=,B09, PRDE,actvstrat=,-0.247459, actvprof=,4.803192, id=,S00, PRDE,actvstrat=,-0.320246, actvprof=,0.957413, id=,S02, PRDE,actvstrat=,0.821159, actvprof=,2.820238, id=,S05, PRDE,actvstrat=,0.618309, actvprof=,0.028364, id=,S06, PRDE,actvstrat=,0.926464, actvprof=,0.038652, id=,S07, PRDE,actvstrat=,0.767634, actvprof=,0.000000, best_B_id=,B09, best_B_prof=,4.803192, best_B_strat=,-0.247459, best_S_id=,S02, best_S_prof=,2.820238, best_S_strat=,0.821159, 
t=,597600, id=,B02, PRDE,actvstrat=,0.500053, actvprof=,0.000000, id=,B03, PRDE,actvstrat=,0.932898, actvprof=,0.005281, id=,B05, PRDE,actvstrat=,0.477121, actvprof=,0.411192, id=,B06, PRDE,actvstrat=,0.467773, actvprof=,1.511364, id=,B09, PRDE,actvstrat=,-0.247459, actvprof=,4.632894, id=,S00, PRDE,actvstrat=,-0.320246, actvprof=,0.968851, id=,S02, PRDE,actvstrat=,0.821159, actvprof=,2.937265, id=,S05, PRDE,actvstrat=,0.618309, actvprof=,0.027793, id=,S06, PRDE,actvstrat=,0.926464, actvprof=,0.030016, id=,S07, PRDE,actvstrat=,0.767634, actvprof=,0.000973, best_B_id=,B09, best_B_prof=,4.632894, best_B_strat=,-0.247459, best_S_id=,S02, best_S_prof=,2.937265, best_S_strat=,0.821159, 
t=,601200, id=,B02, PRDE,actvstrat=,0.273808, actvprof=,0.000556, id=,B03, PRDE,actvstrat=,0.932898, actvprof=,0.035594, id=,B05, PRDE,actvstrat=,0.477121, actvprof=,0.681284, id=,B06, PRDE,actvstrat=,0.467773, actvprof=,1.931788, id=,B09, PRDE,actvstrat=,-0.247459, actvprof=,4.987556, id=,S00, PRDE,actvstrat=,0.776691, actvprof=,5.453888, id=,S02, PRDE,actvstrat=,0.821159, actvprof=,2.457628, id=,S05, PRDE,actvstrat=,0.618309, actvprof=,0.009733, id=,S06, PRDE,actvstrat=,-0.973159, actvprof=,0.042546, id=,S07, PRDE,actvstrat=,0.767634, actvprof=,0.000556, best_B_id=,B09, best_B_prof=,4.987556, best_B_strat=,-0.247459, best_S_id=,S00, best_S_prof=,5.453888, best_S_strat=,0.776691, 
t=,604800, id=,B02, PRDE,actvstrat=,0.273808, actvprof=,0.000278, id=,B03, PRDE,actvstrat=,0.932898, actvprof=,0.034046, id=,B05, PRDE,actvstrat=,0.477121, actvprof=,0.729279, id=,B06, PRDE,actvstrat=,0.467773, actvprof=,2.031503, id=,B09, PRDE,actvstrat=,-0.247459, actvprof=,5.048255, id=,S00, PRDE,actvstrat=,0.776691, actvprof=,5.276710, id=,S02, PRDE,actvstrat=,0.821159, actvprof=,2.461455, id=,S05, PRDE,actvstrat=,0.618309, actvprof=,0.025708, id=,S06, PRDE,actvstrat=,-0.973159, actvprof=,0.025430, id=,S07, PRDE,actvstrat=,0.767634, actvprof=,0.001112, best_B_id=,B09, best_B_prof=,5.048255, best_B_strat=,-0.247459, best_S_id=,S00, best_S_prof=,5.276710, best_S_strat=,0.776691, 
t=,608400, id=,B02, PRDE,actvstrat=,-0.222845, actvprof=,0.000000, id=,B03, PRDE,actvstrat=,0.932898, actvprof=,0.005283, id=,B05, PRDE,actvstrat=,0.408398, actvprof=,0.373728, id=,B06, PRDE,actvstrat=,0.467773, actvprof=,1.552472, id=,B09, PRDE,actvstrat=,-0.247459, actvprof=,4.402147, id=,S00, PRDE,actvstrat=,-0.098431, actvprof=,1.548857, id=,S02, PRDE,actvstrat=,0.821159, actvprof=,2.930037, id=,S05, PRDE,actvstrat=,0.618309, actvprof=,0.035593, id=,S06, PRDE,actvstrat=,-0.973159, actvprof=,0.019465, id=,S07, PRDE,actvstrat=,0.767634, actvprof=,0.002503, best_B_id=,B09, best_B_prof=,4.402147, best_B_strat=,-0.247459, best_S_id=,S02, best_S_prof=,2.930037, best_S_strat=,0.821159, 
t=,612000, id=,B02, PRDE,actvstrat=,-0.222845, actvprof=,0.000000, id=,B03, PRDE,actvstrat=,0.932898, actvprof=,0.006392, id=,B05, PRDE,actvstrat=,0.408398, actvprof=,0.389514, id=,B06, PRDE,actvstrat=,0.467773, actvprof=,1.620728, id=,B09, PRDE,actvstrat=,-0.247459, actvprof=,4.563690, id=,S00, PRDE,actvstrat=,-0.098431, actvprof=,1.554581, id=,S02, PRDE,actvstrat=,0.821159, actvprof=,2.907805, id=,S05, PRDE,actvstrat=,0.618309, actvprof=,0.041828, id=,S06, PRDE,actvstrat=,-0.973159, actvprof=,0.017231, id=,S07, PRDE,actvstrat=,0.767634, actvprof=,0.002362, best_B_id=,B09, best_B_prof=,4.563690, best_B_strat=,-0.247459, best_S_id=,S02, best_S_prof=,2.907805, best_S_strat=,0.821159, 
t=,615600, id=,B02, PRDE,actvstrat=,0.500053, actvprof=,0.008064, id=,B03, PRDE,actvstrat=,0.932898, actvprof=,0.034481, id=,B05, PRDE,actvstrat=,0.477121, actvprof=,0.644300, id=,B06, PRDE,actvstrat=,0.467773, actvprof=,1.897863, id=,B09, PRDE,actvstrat=,0.586705, actvprof=,6.754446, id=,S00, PRDE,actvstrat=,0.776691, actvprof=,5.318466, id=,S02, PRDE,actvstrat=,0.821159, actvprof=,2.561906, id=,S05, PRDE,actvstrat=,0.922641, actvprof=,0.229690, id=,S06, PRDE,actvstrat=,-0.973159, actvprof=,0.047551, id=,S07, PRDE,actvstrat=,0.767634, actvprof=,0.002225, best_B_id=,B09, best_B_prof=,6.754446, best_B_strat=,0.586705, best_S_id=,S00, best_S_prof=,5.318466, best_S_strat=,0.776691, 
t=,619200, id=,B02, PRDE,actvstrat=,0.500053, actvprof=,0.004030, id=,B03, PRDE,actvstrat=,0.932898, actvprof=,0.031545, id=,B05, PRDE,actvstrat=,0.477121, actvprof=,0.632704, id=,B06, PRDE,actvstrat=,0.467773, actvprof=,1.872542, id=,B09, PRDE,actvstrat=,0.586705, actvprof=,6.737677, id=,S00, PRDE,actvstrat=,0.776691, actvprof=,5.283139, id=,S02, PRDE,actvstrat=,0.821159, actvprof=,2.583761, id=,S05, PRDE,actvstrat=,0.922641, actvprof=,0.195662, id=,S06, PRDE,actvstrat=,-0.973159, actvprof=,0.038215, id=,S07, PRDE,actvstrat=,0.767634, actvprof=,0.002084, best_B_id=,B09, best_B_prof=,6.737677, best_B_strat=,0.586705, best_S_id=,S00, best_S_prof=,5.283139, best_S_strat=,0.776691, 
t=,622800, id=,B02, PRDE,actvstrat=,0.273808, actvprof=,0.000000, id=,B03, PRDE,actvstrat=,0.728349, actvprof=,0.002225, id=,B05, PRDE,actvstrat=,0.477121, actvprof=,0.422408, id=,B06, PRDE,actvstrat=,0.467773, actvprof=,1.731622, id=,B09, PRDE,actvstrat=,-0.247459, actvprof=,4.882579, id=,S00, PRDE,actvstrat=,-0.320246, actvprof=,0.929353, id=,S02, PRDE,actvstrat=,0.821159, actvprof=,2.704078, id=,S05, PRDE,actvstrat=,0.922641, actvprof=,0.068965, id=,S06, PRDE,actvstrat=,-0.973159, actvprof=,0.011123, id=,S07, PRDE,actvstrat=,0.767634, actvprof=,0.000556, best_B_id=,B09, best_B_prof=,4.882579, best_B_strat=,-0.247459, best_S_id=,S02, best_S_prof=,2.704078, best_S_strat=,0.821159, 
t=,626400, id=,B02, PRDE,actvstrat=,0.273808, actvprof=,0.000000, id=,B03, PRDE,actvstrat=,0.728349, actvprof=,0.004725, id=,B05, PRDE,actvstrat=,0.477121, actvprof=,0.433290, id=,B06, PRDE,actvstrat=,0.467773, actvprof=,1.702589, id=,B09, PRDE,actvstrat=,-0.247459, actvprof=,4.669613, id=,S00, PRDE,actvstrat=,-0.320246, actvprof=,0.878115, id=,S02, PRDE,actvstrat=,0.821159, actvprof=,2.763441, id=,S05, PRDE,actvstrat=,0.922641, actvprof=,0.069204, id=,S06, PRDE,actvstrat=,-0.973159, actvprof=,0.009727, id=,S07, PRDE,actvstrat=,0.767634, actvprof=,0.000834, best_B_id=,B09, best_B_prof=,4.669613, best_B_strat=,-0.247459, best_S_id=,S02, best_S_prof=,2.763441, best_S_strat=,0.821159, 
t=,630000, id=,B02, PRDE,actvstrat=,-0.222845, actvprof=,0.000000, id=,B03, PRDE,actvstrat=,0.728349, actvprof=,0.005005, id=,B05, PRDE,actvstrat=,0.408398, actvprof=,0.419071, id=,B06, PRDE,actvstrat=,0.467773, actvprof=,1.759709, id=,B09, PRDE,actvstrat=,-0.247459, actvprof=,4.732415, id=,S00, PRDE,actvstrat=,-0.320246, actvprof=,0.817842, id=,S02, PRDE,actvstrat=,0.821159, actvprof=,2.657916, id=,S05, PRDE,actvstrat=,0.922641, actvprof=,0.093714, id=,S06, PRDE,actvstrat=,0.926464, actvprof=,0.008621, id=,S07, PRDE,actvstrat=,0.767634, actvprof=,0.000000, best_B_id=,B09, best_B_prof=,4.732415, best_B_strat=,-0.247459, best_S_id=,S02, best_S_prof=,2.657916, best_S_strat=,0.821159, 
t=,633600, id=,B02, PRDE,actvstrat=,-0.222845, actvprof=,0.000000, id=,B03, PRDE,actvstrat=,0.728349, actvprof=,0.003335, id=,B05, PRDE,actvstrat=,0.408398, actvprof=,0.422034, id=,B06, PRDE,actvstrat=,0.467773, actvprof=,1.751782, id=,B09, PRDE,actvstrat=,-0.247459, actvprof=,4.956852, id=,S00, PRDE,actvstrat=,-0.320246, actvprof=,0.847820, id=,S02, PRDE,actvstrat=,0.821159, actvprof=,2.730368, id=,S05, PRDE,actvstrat=,0.922641, actvprof=,0.086714, id=,S06, PRDE,actvstrat=,0.926464, actvprof=,0.011395, id=,S07, PRDE,actvstrat=,0.767634, actvprof=,0.000000, best_B_id=,B09, best_B_prof=,4.956852, best_B_strat=,-0.247459, best_S_id=,S02, best_S_prof=,2.730368, best_S_strat=,0.821159, 
t=,637200, id=,B02, PRDE,actvstrat=,0.500053, actvprof=,0.000000, id=,B03, PRDE,actvstrat=,0.728349, actvprof=,0.027808, id=,B05, PRDE,actvstrat=,0.408398, actvprof=,1.173510, id=,B06, PRDE,actvstrat=,-0.802586, actvprof=,0.874849, id=,B09, PRDE,actvstrat=,-0.247459, actvprof=,6.203195, id=,S00, PRDE,actvstrat=,0.776691, actvprof=,4.404277, id=,S02, PRDE,actvstrat=,0.821159, actvprof=,1.634015, id=,S05, PRDE,actvstrat=,0.922641, actvprof=,0.040322, id=,S06, PRDE,actvstrat=,0.926464, actvprof=,0.008342, id=,S07, PRDE,actvstrat=,0.767634, actvprof=,0.000000, best_B_id=,B09, best_B_prof=,6.203195, best_B_strat=,-0.247459, best_S_id=,S00, best_S_prof=,4.404277, best_S_strat=,0.776691, 
t=,640800, id=,B02, PRDE,actvstrat=,0.500053, actvprof=,0.000000, id=,B03, PRDE,actvstrat=,0.728349, actvprof=,0.024875, id=,B05, PRDE,actvstrat=,0.408398, actvprof=,1.199547, id=,B06, PRDE,actvstrat=,-0.802586, actvprof=,0.908554, id=,B09, PRDE,actvstrat=,-0.247459, actvprof=,6.345565, id=,S00, PRDE,actvstrat=,0.776691, actvprof=,4.303333, id=,S02, PRDE,actvstrat=,0.821159, actvprof=,1.659244, id=,S05, PRDE,actvstrat=,0.922641, actvprof=,0.026542, id=,S06, PRDE,actvstrat=,0.926464, actvprof=,0.008338, id=,S07, PRDE,actvstrat=,0.767634, actvprof=,0.000000, best_B_id=,B09, best_B_prof=,6.345565, best_B_strat=,-0.247459, best_S_id=,S00, best_S_prof=,4.303333, best_S_strat=,0.776691, 
t=,644400, id=,B02, PRDE,actvstrat=,-0.222845, actvprof=,0.000000, id=,B03, PRDE,actvstrat=,0.932898, actvprof=,0.032814, id=,B05, PRDE,actvstrat=,0.408398, actvprof=,0.622906, id=,B06, PRDE,actvstrat=,0.467773, actvprof=,1.988015, id=,B09, PRDE,actvstrat=,-0.247459, actvprof=,5.457099, id=,S00, PRDE,actvstrat=,0.776691, actvprof=,5.343085, id=,S02, PRDE,actvstrat=,0.821159, actvprof=,2.528886, id=,S05, PRDE,actvstrat=,0.618309, actvprof=,0.026696, id=,S06, PRDE,actvstrat=,-0.973159, actvprof=,0.008342, id=,S07, PRDE,actvstrat=,0.767634, actvprof=,0.000278, best_B_id=,B09, best_B_prof=,5.457099, best_B_strat=,-0.247459, best_S_id=,S00, best_S_prof=,5.343085, best_S_strat=,0.776691, 
t=,648000, id=,B02, PRDE,actvstrat=,-0.222845, actvprof=,0.000834, id=,B03, PRDE,actvstrat=,0.932898, actvprof=,0.032935, id=,B05, PRDE,actvstrat=,0.408398, actvprof=,0.627844, id=,B06, PRDE,actvstrat=,0.467773, actvprof=,2.003460, id=,B09, PRDE,actvstrat=,-0.247459, actvprof=,5.143377, id=,S00, PRDE,actvstrat=,0.776691, actvprof=,5.206328, id=,S02, PRDE,actvstrat=,0.821159, actvprof=,2.569743, id=,S05, PRDE,actvstrat=,0.618309, actvprof=,0.027654, id=,S06, PRDE,actvstrat=,-0.973159, actvprof=,0.008338, id=,S07, PRDE,actvstrat=,0.767634, actvprof=,0.000139, best_B_id=,B09, best_B_prof=,5.143377, best_B_strat=,-0.247459, best_S_id=,S00, best_S_prof=,5.206328, best_S_strat=,0.776691, 
t=,651600, id=,B02, PRDE,actvstrat=,0.500053, actvprof=,0.000000, id=,B03, PRDE,actvstrat=,0.932898, actvprof=,0.004449, id=,B05, PRDE,actvstrat=,-0.138750, actvprof=,0.182976, id=,B06, PRDE,actvstrat=,0.467773, actvprof=,1.923751, id=,B09, PRDE,actvstrat=,-0.247459, actvprof=,5.011262, id=,S00, PRDE,actvstrat=,-0.320246, actvprof=,0.917383, id=,S02, PRDE,actvstrat=,0.821159, actvprof=,2.648981, id=,S05, PRDE,actvstrat=,0.618309, actvprof=,0.022524, id=,S06, PRDE,actvstrat=,-0.973159, actvprof=,0.016685, id=,S07, PRDE,actvstrat=,0.767634, actvprof=,0.001112, best_B_id=,B09, best_B_prof=,5.011262, best_B_strat=,-0.247459, best_S_id=,S02, best_S_prof=,2.648981, best_S_strat=,0.821159, 
t=,655200, id=,B02, PRDE,actvstrat=,0.500053, actvprof=,0.000000, id=,B03, PRDE,actvstrat=,0.932898, actvprof=,0.006253, id=,B05, PRDE,actvstrat=,-0.138750, actvprof=,0.173290, id=,B06, PRDE,actvstrat=,0.467773, actvprof=,1.812244, id=,B09, PRDE,actvstrat=,-0.247459, actvprof=,4.992322, id=,S00, PRDE,actvstrat=,-0.320246, actvprof=,0.884235, id=,S02, PRDE,actvstrat=,0.821159, actvprof=,2.662016, id=,S05, PRDE,actvstrat=,0.618309, actvprof=,0.022512, id=,S06, PRDE,actvstrat=,-0.973159, actvprof=,0.009728, id=,S07, PRDE,actvstrat=,0.767634, actvprof=,0.000556, best_B_id=,B09, best_B_prof=,4.992322, best_B_strat=,-0.247459, best_S_id=,S02, best_S_prof=,2.662016, best_S_strat=,0.821159, 
t=,658800, id=,B02, PRDE,actvstrat=,-0.222845, actvprof=,0.000000, id=,B03, PRDE,actvstrat=,0.932898, actvprof=,0.007230, id=,B05, PRDE,actvstrat=,0.408398, actvprof=,0.412681, id=,B06, PRDE,actvstrat=,0.467773, actvprof=,1.736930, id=,B09, PRDE,actvstrat=,-0.247459, actvprof=,4.872080, id=,S00, PRDE,actvstrat=,-0.320246, actvprof=,0.964961, id=,S02, PRDE,actvstrat=,0.821159, actvprof=,2.838154, id=,S05, PRDE,actvstrat=,0.922641, actvprof=,0.098443, id=,S06, PRDE,actvstrat=,-0.973159, actvprof=,0.008343, id=,S07, PRDE,actvstrat=,0.767634, actvprof=,0.000556, best_B_id=,B09, best_B_prof=,4.872080, best_B_strat=,-0.247459, best_S_id=,S02, best_S_prof=,2.838154, best_S_strat=,0.821159, 
t=,662400, id=,B02, PRDE,actvstrat=,-0.222845, actvprof=,0.000000, id=,B03, PRDE,actvstrat=,0.932898, actvprof=,0.006531, id=,B05, PRDE,actvstrat=,0.408398, actvprof=,0.430934, id=,B06, PRDE,actvstrat=,0.467773, actvprof=,1.717899, id=,B09, PRDE,actvstrat=,-0.247459, actvprof=,4.755837, id=,S00, PRDE,actvstrat=,-0.320246, actvprof=,0.931490, id=,S02, PRDE,actvstrat=,0.821159, actvprof=,2.860617, id=,S05, PRDE,actvstrat=,0.922641, actvprof=,0.090884, id=,S06, PRDE,actvstrat=,-0.973159, actvprof=,0.012368, id=,S07, PRDE,actvstrat=,0.767634, actvprof=,0.001668, best_B_id=,B09, best_B_prof=,4.755837, best_B_strat=,-0.247459, best_S_id=,S02, best_S_prof=,2.860617, best_S_strat=,0.821159, 
t=,666000, id=,B02, PRDE,actvstrat=,0.273808, actvprof=,0.002225, id=,B03, PRDE,actvstrat=,0.728349, actvprof=,0.005006, id=,B05, PRDE,actvstrat=,0.477121, actvprof=,0.281146, id=,B06, PRDE,actvstrat=,0.971561, actvprof=,1.663237, id=,B09, PRDE,actvstrat=,-0.247459, actvprof=,4.368465, id=,S00, PRDE,actvstrat=,0.776691, actvprof=,6.109288, id=,S02, PRDE,actvstrat=,-0.480497, actvprof=,0.316741, id=,S05, PRDE,actvstrat=,0.922641, actvprof=,0.253615, id=,S06, PRDE,actvstrat=,-0.973159, actvprof=,0.015017, id=,S07, PRDE,actvstrat=,0.767634, actvprof=,0.000278, best_B_id=,B09, best_B_prof=,4.368465, best_B_strat=,-0.247459, best_S_id=,S00, best_S_prof=,6.109288, best_S_strat=,0.776691, 
t=,669600, id=,B02, PRDE,actvstrat=,0.273808, actvprof=,0.002501, id=,B03, PRDE,actvstrat=,0.728349, actvprof=,0.009589, id=,B05, PRDE,actvstrat=,0.477121, actvprof=,0.283491, id=,B06, PRDE,actvstrat=,0.971561, actvprof=,1.740967, id=,B09, PRDE,actvstrat=,-0.247459, actvprof=,4.324903, id=,S00, PRDE,actvstrat=,0.776691, actvprof=,6.138132, id=,S02, PRDE,actvstrat=,-0.480497, actvprof=,0.285297, id=,S05, PRDE,actvstrat=,0.922641, actvprof=,0.233880, id=,S06, PRDE,actvstrat=,-0.973159, actvprof=,0.021540, id=,S07, PRDE,actvstrat=,0.767634, actvprof=,0.000139, best_B_id=,B09, best_B_prof=,4.324903, best_B_strat=,-0.247459, best_S_id=,S00, best_S_prof=,6.138132, best_S_strat=,0.776691, 
t=,673200, id=,B02, PRDE,actvstrat=,-0.222845, actvprof=,0.000000, id=,B03, PRDE,actvstrat=,0.728349, actvprof=,0.037820, id=,B05, PRDE,actvstrat=,0.408398, actvprof=,0.762514, id=,B06, PRDE,actvstrat=,0.467773, actvprof=,2.231646, id=,B09, PRDE,actvstrat=,-0.247459, actvprof=,5.352614, id=,S00, PRDE,actvstrat=,0.776691, actvprof=,4.827030, id=,S02, PRDE,actvstrat=,0.821159, actvprof=,2.154338, id=,S05, PRDE,actvstrat=,0.922641, actvprof=,0.085373, id=,S06, PRDE,actvstrat=,-0.973159, actvprof=,0.015017, id=,S07, PRDE,actvstrat=,0.767634, actvprof=,0.000000, best_B_id=,B09, best_B_prof=,5.352614, best_B_strat=,-0.247459, best_S_id=,S00, best_S_prof=,4.827030, best_S_strat=,0.776691, 
t=,676800, id=,B02, PRDE,actvstrat=,-0.222845, actvprof=,0.001112, id=,B03, PRDE,actvstrat=,0.728349, actvprof=,0.046831, id=,B05, PRDE,actvstrat=,0.408398, actvprof=,0.752218, id=,B06, PRDE,actvstrat=,0.467773, actvprof=,2.181475, id=,B09, PRDE,actvstrat=,-0.247459, actvprof=,5.476616, id=,S00, PRDE,actvstrat=,0.776691, actvprof=,4.903940, id=,S02, PRDE,actvstrat=,0.821159, actvprof=,2.259712, id=,S05, PRDE,actvstrat=,0.922641, actvprof=,0.079627, id=,S06, PRDE,actvstrat=,-0.973159, actvprof=,0.010283, id=,S07, PRDE,actvstrat=,0.767634, actvprof=,0.000000, best_B_id=,B09, best_B_prof=,5.476616, best_B_strat=,-0.247459, best_S_id=,S00, best_S_prof=,4.903940, best_S_strat=,0.776691, 
t=,680400, id=,B02, PRDE,actvstrat=,-0.222845, actvprof=,0.000000, id=,B03, PRDE,actvstrat=,0.728349, actvprof=,0.030867, id=,B05, PRDE,actvstrat=,0.408398, actvprof=,0.798932, id=,B06, PRDE,actvstrat=,0.467773, actvprof=,2.118436, id=,B09, PRDE,actvstrat=,-0.247459, actvprof=,5.474340, id=,S00, PRDE,actvstrat=,0.776691, actvprof=,5.063333, id=,S02, PRDE,actvstrat=,0.821159, actvprof=,2.019994, id=,S05, PRDE,actvstrat=,0.922641, actvprof=,0.100944, id=,S06, PRDE,actvstrat=,-0.973159, actvprof=,0.011123, id=,S07, PRDE,actvstrat=,0.767634, actvprof=,0.000000, best_B_id=,B09, best_B_prof=,5.474340, best_B_strat=,-0.247459, best_S_id=,S00, best_S_prof=,5.063333, best_S_strat=,0.776691, 
t=,684000, id=,B02, PRDE,actvstrat=,-0.222845, actvprof=,0.000000, id=,B03, PRDE,actvstrat=,0.728349, actvprof=,0.029738, id=,B05, PRDE,actvstrat=,0.408398, actvprof=,0.771518, id=,B06, PRDE,actvstrat=,0.467773, actvprof=,2.174342, id=,B09, PRDE,actvstrat=,-0.247459, actvprof=,5.517773, id=,S00, PRDE,actvstrat=,0.776691, actvprof=,5.058503, id=,S02, PRDE,actvstrat=,0.821159, actvprof=,2.125705, id=,S05, PRDE,actvstrat=,0.922641, actvprof=,0.088658, id=,S06, PRDE,actvstrat=,-0.973159, actvprof=,0.013618, id=,S07, PRDE,actvstrat=,0.767634, actvprof=,0.000973, best_B_id=,B09, best_B_prof=,5.517773, best_B_strat=,-0.247459, best_S_id=,S00, best_S_prof=,5.058503, best_S_strat=,0.776691, 
t=,687600, id=,B02, PRDE,actvstrat=,0.500053, actvprof=,0.007230, id=,B03, PRDE,actvstrat=,0.728349, actvprof=,0.044771, id=,B05, PRDE,actvstrat=,0.408398, actvprof=,0.770279, id=,B06, PRDE,actvstrat=,0.467773, actvprof=,2.260783, id=,B09, PRDE,actvstrat=,-0.247459, actvprof=,5.417814, id=,S00, PRDE,actvstrat=,0.776691, actvprof=,4.939240, id=,S02, PRDE,actvstrat=,0.821159, actvprof=,2.285810, id=,S05, PRDE,actvstrat=,0.922641, actvprof=,0.072857, id=,S06, PRDE,actvstrat=,-0.973159, actvprof=,0.011957, id=,S07, PRDE,actvstrat=,0.767634, actvprof=,0.001112, best_B_id=,B09, best_B_prof=,5.417814, best_B_strat=,-0.247459, best_S_id=,S00, best_S_prof=,4.939240, best_S_strat=,0.776691, 
t=,691200, id=,B02, PRDE,actvstrat=,0.500053, actvprof=,0.004864, id=,B03, PRDE,actvstrat=,0.728349, actvprof=,0.037799, id=,B05, PRDE,actvstrat=,0.408398, actvprof=,0.817260, id=,B06, PRDE,actvstrat=,0.467773, actvprof=,2.196359, id=,B09, PRDE,actvstrat=,-0.247459, actvprof=,5.413841, id=,S00, PRDE,actvstrat=,0.776691, actvprof=,5.020845, id=,S02, PRDE,actvstrat=,0.821159, actvprof=,2.210812, id=,S05, PRDE,actvstrat=,0.922641, actvprof=,0.070595, id=,S06, PRDE,actvstrat=,-0.973159, actvprof=,0.005976, id=,S07, PRDE,actvstrat=,0.767634, actvprof=,0.000556, best_B_id=,B09, best_B_prof=,5.413841, best_B_strat=,-0.247459, best_S_id=,S00, best_S_prof=,5.020845, best_S_strat=,0.776691, 
t=,694800, id=,B02, PRDE,actvstrat=,-0.222845, actvprof=,0.000000, id=,B03, PRDE,actvstrat=,0.932898, actvprof=,0.006952, id=,B05, PRDE,actvstrat=,0.408398, actvprof=,0.301168, id=,B06, PRDE,actvstrat=,0.842176, actvprof=,2.005840, id=,B09, PRDE,actvstrat=,-0.247459, actvprof=,4.640434, id=,S00, PRDE,actvstrat=,-0.320246, actvprof=,1.049499, id=,S02, PRDE,actvstrat=,0.821159, actvprof=,3.063404, id=,S05, PRDE,actvstrat=,0.922641, actvprof=,0.124305, id=,S06, PRDE,actvstrat=,0.926464, actvprof=,0.024472, id=,S07, PRDE,actvstrat=,0.767634, actvprof=,0.000000, best_B_id=,B09, best_B_prof=,4.640434, best_B_strat=,-0.247459, best_S_id=,S02, best_S_prof=,3.063404, best_S_strat=,0.821159, 
t=,698400, id=,B02, PRDE,actvstrat=,-0.222845, actvprof=,0.000000, id=,B03, PRDE,actvstrat=,0.932898, actvprof=,0.005281, id=,B05, PRDE,actvstrat=,0.408398, actvprof=,0.332956, id=,B06, PRDE,actvstrat=,0.842176, actvprof=,2.067216, id=,B09, PRDE,actvstrat=,-0.247459, actvprof=,4.616774, id=,S00, PRDE,actvstrat=,-0.320246, actvprof=,1.114207, id=,S02, PRDE,actvstrat=,0.821159, actvprof=,3.044962, id=,S05, PRDE,actvstrat=,0.922641, actvprof=,0.122010, id=,S06, PRDE,actvstrat=,0.926464, actvprof=,0.018343, id=,S07, PRDE,actvstrat=,0.767634, actvprof=,0.000000, best_B_id=,B09, best_B_prof=,4.616774, best_B_strat=,-0.247459, best_S_id=,S02, best_S_prof=,3.044962, best_S_strat=,0.821159, 
t=,702000, id=,B02, PRDE,actvstrat=,-0.222845, actvprof=,0.001947, id=,B03, PRDE,actvstrat=,0.932898, actvprof=,0.035039, id=,B05, PRDE,actvstrat=,0.408398, actvprof=,0.751390, id=,B06, PRDE,actvstrat=,0.467773, actvprof=,2.152113, id=,B09, PRDE,actvstrat=,-0.247459, actvprof=,5.239711, id=,S00, PRDE,actvstrat=,0.776691, actvprof=,4.979978, id=,S02, PRDE,actvstrat=,0.821159, actvprof=,2.295328, id=,S05, PRDE,actvstrat=,0.922641, actvprof=,0.053671, id=,S06, PRDE,actvstrat=,-0.973159, actvprof=,0.005840, id=,S07, PRDE,actvstrat=,0.767634, actvprof=,0.000000, best_B_id=,B09, best_B_prof=,5.239711, best_B_strat=,-0.247459, best_S_id=,S00, best_S_prof=,4.979978, best_S_strat=,0.776691, 
t=,705600, id=,B02, PRDE,actvstrat=,-0.222845, actvprof=,0.000973, id=,B03, PRDE,actvstrat=,0.932898, actvprof=,0.031268, id=,B05, PRDE,actvstrat=,0.408398, actvprof=,0.708037, id=,B06, PRDE,actvstrat=,0.467773, actvprof=,2.134812, id=,B09, PRDE,actvstrat=,-0.247459, actvprof=,5.287974, id=,S00, PRDE,actvstrat=,0.776691, actvprof=,5.052147, id=,S02, PRDE,actvstrat=,0.821159, actvprof=,2.311995, id=,S05, PRDE,actvstrat=,0.922641, actvprof=,0.065037, id=,S06, PRDE,actvstrat=,-0.973159, actvprof=,0.008894, id=,S07, PRDE,actvstrat=,0.767634, actvprof=,0.001112, best_B_id=,B09, best_B_prof=,5.287974, best_B_strat=,-0.247459, best_S_id=,S00, best_S_prof=,5.052147, best_S_strat=,0.776691, 
t=,709200, id=,B02, PRDE,actvstrat=,-0.222845, actvprof=,0.000000, id=,B03, PRDE,actvstrat=,0.932898, actvprof=,0.000000, id=,B05, PRDE,actvstrat=,0.408398, actvprof=,0.134596, id=,B06, PRDE,actvstrat=,0.467773, actvprof=,1.108191, id=,B09, PRDE,actvstrat=,-0.247459, actvprof=,4.042047, id=,S00, PRDE,actvstrat=,-0.320246, actvprof=,1.117090, id=,S02, PRDE,actvstrat=,-0.480497, actvprof=,0.297557, id=,S05, PRDE,actvstrat=,0.922641, actvprof=,0.112349, id=,S06, PRDE,actvstrat=,0.926464, actvprof=,0.019188, id=,S07, PRDE,actvstrat=,0.767634, actvprof=,0.000000, best_B_id=,B09, best_B_prof=,4.042047, best_B_strat=,-0.247459, best_S_id=,S00, best_S_prof=,1.117090, best_S_strat=,-0.320246, 
t=,712800, id=,B02, PRDE,actvstrat=,-0.222845, actvprof=,0.000000, id=,B03, PRDE,actvstrat=,0.932898, actvprof=,0.001112, id=,B05, PRDE,actvstrat=,0.408398, actvprof=,0.122847, id=,B06, PRDE,actvstrat=,0.467773, actvprof=,1.084499, id=,B09, PRDE,actvstrat=,-0.247459, actvprof=,4.157338, id=,S00, PRDE,actvstrat=,-0.320246, actvprof=,1.161904, id=,S02, PRDE,actvstrat=,-0.480497, actvprof=,0.278907, id=,S05, PRDE,actvstrat=,0.922641, actvprof=,0.093108, id=,S06, PRDE,actvstrat=,0.926464, actvprof=,0.011812, id=,S07, PRDE,actvstrat=,0.767634, actvprof=,0.000000, best_B_id=,B09, best_B_prof=,4.157338, best_B_strat=,-0.247459, best_S_id=,S00, best_S_prof=,1.161904, best_S_strat=,-0.320246, 
t=,716400, id=,B02, PRDE,actvstrat=,0.500053, actvprof=,0.002781, id=,B03, PRDE,actvstrat=,0.728349, actvprof=,0.037264, id=,B05, PRDE,actvstrat=,0.408398, actvprof=,0.788387, id=,B06, PRDE,actvstrat=,0.467773, actvprof=,2.124056, id=,B09, PRDE,actvstrat=,0.586705, actvprof=,6.989808, id=,S00, PRDE,actvstrat=,0.776691, actvprof=,5.199460, id=,S02, PRDE,actvstrat=,0.821159, actvprof=,2.353481, id=,S05, PRDE,actvstrat=,0.922641, actvprof=,0.151837, id=,S06, PRDE,actvstrat=,-0.973159, actvprof=,0.009733, id=,S07, PRDE,actvstrat=,0.767634, actvprof=,0.000000, best_B_id=,B09, best_B_prof=,6.989808, best_B_strat=,0.586705, best_S_id=,S00, best_S_prof=,5.199460, best_S_strat=,0.776691, 
t=,720000, id=,B02, PRDE,actvstrat=,0.500053, actvprof=,0.002779, id=,B03, PRDE,actvstrat=,0.728349, actvprof=,0.043358, id=,B05, PRDE,actvstrat=,0.408398, actvprof=,0.721378, id=,B06, PRDE,actvstrat=,0.467773, actvprof=,2.064078, id=,B09, PRDE,actvstrat=,0.586705, actvprof=,7.018809, id=,S00, PRDE,actvstrat=,0.776691, actvprof=,5.180831, id=,S02, PRDE,actvstrat=,0.821159, actvprof=,2.417749, id=,S05, PRDE,actvstrat=,0.922641, actvprof=,0.140218, id=,S06, PRDE,actvstrat=,-0.973159, actvprof=,0.022791, id=,S07, PRDE,actvstrat=,0.767634, actvprof=,0.002640, best_B_id=,B09, best_B_prof=,7.018809, best_B_strat=,0.586705, best_S_id=,S00, best_S_prof=,5.180831, best_S_strat=,0.776691, 
t=,723600, id=,B02, PRDE,actvstrat=,0.500053, actvprof=,0.005006, id=,B03, PRDE,actvstrat=,0.728349, actvprof=,0.040045, id=,B05, PRDE,actvstrat=,0.408398, actvprof=,0.821480, id=,B06, PRDE,actvstrat=,0.467773, actvprof=,2.247528, id=,B09, PRDE,actvstrat=,-0.247459, actvprof=,5.359085, id=,S00, PRDE,actvstrat=,0.776691, actvprof=,4.891892, id=,S02, PRDE,actvstrat=,0.821159, actvprof=,2.192188, id=,S05, PRDE,actvstrat=,0.922641, actvprof=,0.100669, id=,S06, PRDE,actvstrat=,-0.973159, actvprof=,0.022247, id=,S07, PRDE,actvstrat=,0.767634, actvprof=,0.000000, best_B_id=,B09, best_B_prof=,5.359085, best_B_strat=,-0.247459, best_S_id=,S00, best_S_prof=,4.891892, best_S_strat=,0.776691, 
t=,727200, id=,B02, PRDE,actvstrat=,0.500053, actvprof=,0.005698, id=,B03, PRDE,actvstrat=,0.728349, actvprof=,0.040161, id=,B05, PRDE,actvstrat=,0.408398, actvprof=,0.801412, id=,B06, PRDE,actvstrat=,0.467773, actvprof=,2.254292, id=,B09, PRDE,actvstrat=,-0.247459, actvprof=,5.477727, id=,S00, PRDE,actvstrat=,0.776691, actvprof=,4.907553, id=,S02, PRDE,actvstrat=,0.821159, actvprof=,2.162714, id=,S05, PRDE,actvstrat=,0.922641, actvprof=,0.082545, id=,S06, PRDE,actvstrat=,-0.973159, actvprof=,0.012924, id=,S07, PRDE,actvstrat=,0.767634, actvprof=,0.000000, best_B_id=,B09, best_B_prof=,5.477727, best_B_strat=,-0.247459, best_S_id=,S00, best_S_prof=,4.907553, best_S_strat=,0.776691, 
t=,730800, id=,B02, PRDE,actvstrat=,-0.222845, actvprof=,0.001112, id=,B03, PRDE,actvstrat=,0.728349, actvprof=,0.052281, id=,B05, PRDE,actvstrat=,0.408398, actvprof=,0.765027, id=,B06, PRDE,actvstrat=,0.467773, actvprof=,2.025612, id=,B09, PRDE,actvstrat=,-0.247459, actvprof=,5.195289, id=,S00, PRDE,actvstrat=,0.776691, actvprof=,5.101851, id=,S02, PRDE,actvstrat=,0.821159, actvprof=,2.513105, id=,S05, PRDE,actvstrat=,0.618309, actvprof=,0.030590, id=,S06, PRDE,actvstrat=,0.926464, actvprof=,0.021413, id=,S07, PRDE,actvstrat=,0.767634, actvprof=,0.000834, best_B_id=,B09, best_B_prof=,5.195289, best_B_strat=,-0.247459, best_S_id=,S00, best_S_prof=,5.101851, best_S_strat=,0.776691, 
t=,734400, id=,B02, PRDE,actvstrat=,-0.222845, actvprof=,0.000556, id=,B03, PRDE,actvstrat=,0.728349, actvprof=,0.051974, id=,B05, PRDE,actvstrat=,0.408398, actvprof=,0.770155, id=,B06, PRDE,actvstrat=,0.467773, actvprof=,2.027112, id=,B09, PRDE,actvstrat=,-0.247459, actvprof=,5.204455, id=,S00, PRDE,actvstrat=,0.776691, actvprof=,5.144422, id=,S02, PRDE,actvstrat=,0.821159, actvprof=,2.418305, id=,S05, PRDE,actvstrat=,0.618309, actvprof=,0.032657, id=,S06, PRDE,actvstrat=,0.926464, actvprof=,0.022374, id=,S07, PRDE,actvstrat=,0.767634, actvprof=,0.000417, best_B_id=,B09, best_B_prof=,5.204455, best_B_strat=,-0.247459, best_S_id=,S00, best_S_prof=,5.144422, best_S_strat=,0.776691, 
t=,738000, id=,B02, PRDE,actvstrat=,-0.222845, actvprof=,0.000000, id=,B03, PRDE,actvstrat=,0.932898, actvprof=,0.033372, id=,B05, PRDE,actvstrat=,0.477121, actvprof=,0.810935, id=,B06, PRDE,actvstrat=,0.344596, actvprof=,1.905530, id=,B09, PRDE,actvstrat=,-0.247459, actvprof=,5.475757, id=,S00, PRDE,actvstrat=,0.776691, actvprof=,5.006883, id=,S02, PRDE,actvstrat=,0.821159, actvprof=,2.317672, id=,S05, PRDE,actvstrat=,0.922641, actvprof=,0.097056, id=,S06, PRDE,actvstrat=,-0.973159, actvprof=,0.011124, id=,S07, PRDE,actvstrat=,0.767634, actvprof=,0.001112, best_B_id=,B09, best_B_prof=,5.475757, best_B_strat=,-0.247459, best_S_id=,S00, best_S_prof=,5.006883, best_S_strat=,0.776691, 
t=,741600, id=,B02, PRDE,actvstrat=,-0.222845, actvprof=,0.000000, id=,B03, PRDE,actvstrat=,0.932898, actvprof=,0.029322, id=,B05, PRDE,actvstrat=,0.477121, actvprof=,0.774752, id=,B06, PRDE,actvstrat=,0.344596, actvprof=,1.850372, id=,B09, PRDE,actvstrat=,-0.247459, actvprof=,5.372819, id=,S00, PRDE,actvstrat=,0.776691, actvprof=,5.104748, id=,S02, PRDE,actvstrat=,0.821159, actvprof=,2.388738, id=,S05, PRDE,actvstrat=,0.922641, actvprof=,0.088801, id=,S06, PRDE,actvstrat=,-0.973159, actvprof=,0.013897, id=,S07, PRDE,actvstrat=,0.767634, actvprof=,0.000556, best_B_id=,B09, best_B_prof=,5.372819, best_B_strat=,-0.247459, best_S_id=,S00, best_S_prof=,5.104748, best_S_strat=,0.776691, 
t=,745200, id=,B02, PRDE,actvstrat=,0.500053, actvprof=,0.000278, id=,B03, PRDE,actvstrat=,0.932898, actvprof=,0.030869, id=,B05, PRDE,actvstrat=,0.408398, actvprof=,0.548410, id=,B06, PRDE,actvstrat=,0.467773, actvprof=,1.853247, id=,B09, PRDE,actvstrat=,-0.247459, actvprof=,4.931240, id=,S00, PRDE,actvstrat=,0.776691, actvprof=,5.239929, id=,S02, PRDE,actvstrat=,0.505789, actvprof=,1.478093, id=,S05, PRDE,actvstrat=,0.922641, actvprof=,0.107346, id=,S06, PRDE,actvstrat=,-0.973159, actvprof=,0.008899, id=,S07, PRDE,actvstrat=,0.767634, actvprof=,0.000000, best_B_id=,B09, best_B_prof=,4.931240, best_B_strat=,-0.247459, best_S_id=,S00, best_S_prof=,5.239929, best_S_strat=,0.776691, 
t=,748800, id=,B02, PRDE,actvstrat=,0.500053, actvprof=,0.000139, id=,B03, PRDE,actvstrat=,0.932898, actvprof=,0.025570, id=,B05, PRDE,actvstrat=,0.408398, actvprof=,0.567549, id=,B06, PRDE,actvstrat=,0.467773, actvprof=,1.891646, id=,B09, PRDE,actvstrat=,-0.247459, actvprof=,5.044018, id=,S00, PRDE,actvstrat=,0.776691, actvprof=,5.299443, id=,S02, PRDE,actvstrat=,0.505789, actvprof=,1.424571, id=,S05, PRDE,actvstrat=,0.922641, actvprof=,0.094916, id=,S06, PRDE,actvstrat=,-0.973159, actvprof=,0.005837, id=,S07, PRDE,actvstrat=,0.767634, actvprof=,0.000000, best_B_id=,B09, best_B_prof=,5.044018, best_B_strat=,-0.247459, best_S_id=,S00, best_S_prof=,5.299443, best_S_strat=,0.776691, 
t=,752400, id=,B02, PRDE,actvstrat=,0.500053, actvprof=,0.000556, id=,B03, PRDE,actvstrat=,0.728349, actvprof=,0.031425, id=,B05, PRDE,actvstrat=,0.408398, actvprof=,0.800089, id=,B06, PRDE,actvstrat=,0.467773, actvprof=,2.216444, id=,B09, PRDE,actvstrat=,-0.247459, actvprof=,5.617865, id=,S00, PRDE,actvstrat=,0.776691, actvprof=,4.938749, id=,S02, PRDE,actvstrat=,0.821159, actvprof=,2.223118, id=,S05, PRDE,actvstrat=,0.922641, actvprof=,0.090104, id=,S06, PRDE,actvstrat=,-0.973159, actvprof=,0.005562, id=,S07, PRDE,actvstrat=,0.767634, actvprof=,0.002225, best_B_id=,B09, best_B_prof=,5.617865, best_B_strat=,-0.247459, best_S_id=,S00, best_S_prof=,4.938749, best_S_strat=,0.776691, 
t=,756000, id=,B02, PRDE,actvstrat=,0.500053, actvprof=,0.002640, id=,B03, PRDE,actvstrat=,0.728349, actvprof=,0.035159, id=,B05, PRDE,actvstrat=,0.408398, actvprof=,0.772251, id=,B06, PRDE,actvstrat=,0.467773, actvprof=,2.222670, id=,B09, PRDE,actvstrat=,-0.247459, actvprof=,5.624353, id=,S00, PRDE,actvstrat=,0.776691, actvprof=,5.044852, id=,S02, PRDE,actvstrat=,0.821159, actvprof=,2.170696, id=,S05, PRDE,actvstrat=,0.922641, actvprof=,0.095750, id=,S06, PRDE,actvstrat=,-0.973159, actvprof=,0.005559, id=,S07, PRDE,actvstrat=,0.767634, actvprof=,0.001112, best_B_id=,B09, best_B_prof=,5.624353, best_B_strat=,-0.247459, best_S_id=,S00, best_S_prof=,5.044852, best_S_strat=,0.776691, 
t=,759600, id=,B02, PRDE,actvstrat=,0.500053, actvprof=,0.000000, id=,B03, PRDE,actvstrat=,0.728349, actvprof=,0.020023, id=,B05, PRDE,actvstrat=,0.408398, actvprof=,0.740576, id=,B06, PRDE,actvstrat=,0.467773, actvprof=,2.078229, id=,B09, PRDE,actvstrat=,-0.247459, actvprof=,5.373695, id=,S00, PRDE,actvstrat=,0.776691, actvprof=,5.108945, id=,S02, PRDE,actvstrat=,0.821159, actvprof=,2.285969, id=,S05, PRDE,actvstrat=,0.922641, actvprof=,0.111796, id=,S06, PRDE,actvstrat=,-0.973159, actvprof=,0.011680, id=,S07, PRDE,actvstrat=,-0.311653, actvprof=,0.000000, best_B_id=,B09, best_B_prof=,5.373695, best_B_strat=,-0.247459, best_S_id=,S00, best_S_prof=,5.108945, best_S_strat=,0.776691, 
t=,763200, id=,B02, PRDE,actvstrat=,0.500053, actvprof=,0.002362, id=,B03, PRDE,actvstrat=,0.728349, actvprof=,0.030573, id=,B05, PRDE,actvstrat=,0.408398, actvprof=,0.755013, id=,B06, PRDE,actvstrat=,0.467773, actvprof=,2.162065, id=,B09, PRDE,actvstrat=,-0.247459, actvprof=,5.521755, id=,S00, PRDE,actvstrat=,0.776691, actvprof=,5.053572, id=,S02, PRDE,actvstrat=,0.821159, actvprof=,2.301171, id=,S05, PRDE,actvstrat=,0.922641, actvprof=,0.096444, id=,S06, PRDE,actvstrat=,-0.973159, actvprof=,0.007226, id=,S07, PRDE,actvstrat=,-0.311653, actvprof=,0.000000, best_B_id=,B09, best_B_prof=,5.521755, best_B_strat=,-0.247459, best_S_id=,S00, best_S_prof=,5.053572, best_S_strat=,0.776691, 
t=,766800, id=,B02, PRDE,actvstrat=,0.500053, actvprof=,0.000000, id=,B03, PRDE,actvstrat=,0.932898, actvprof=,0.006674, id=,B05, PRDE,actvstrat=,0.408398, actvprof=,0.453572, id=,B06, PRDE,actvstrat=,0.467773, actvprof=,1.828471, id=,B09, PRDE,actvstrat=,-0.247459, actvprof=,5.137240, id=,S00, PRDE,actvstrat=,-0.320246, actvprof=,0.949971, id=,S02, PRDE,actvstrat=,0.821159, actvprof=,2.765372, id=,S05, PRDE,actvstrat=,0.922641, actvprof=,0.030034, id=,S06, PRDE,actvstrat=,0.990939, actvprof=,0.008065, id=,S07, PRDE,actvstrat=,0.767634, actvprof=,0.002503, best_B_id=,B09, best_B_prof=,5.137240, best_B_strat=,-0.247459, best_S_id=,S02, best_S_prof=,2.765372, best_S_strat=,0.821159, 
t=,770400, id=,B02, PRDE,actvstrat=,0.500053, actvprof=,0.000000, id=,B03, PRDE,actvstrat=,0.932898, actvprof=,0.006253, id=,B05, PRDE,actvstrat=,0.408398, actvprof=,0.475125, id=,B06, PRDE,actvstrat=,0.467773, actvprof=,1.819622, id=,B09, PRDE,actvstrat=,-0.247459, actvprof=,5.218455, id=,S00, PRDE,actvstrat=,-0.320246, actvprof=,0.881323, id=,S02, PRDE,actvstrat=,0.821159, actvprof=,2.729989, id=,S05, PRDE,actvstrat=,0.922641, actvprof=,0.040995, id=,S06, PRDE,actvstrat=,0.990939, actvprof=,0.010978, id=,S07, PRDE,actvstrat=,0.767634, actvprof=,0.001251, best_B_id=,B09, best_B_prof=,5.218455, best_B_strat=,-0.247459, best_S_id=,S02, best_S_prof=,2.729989, best_S_strat=,0.821159, 
t=,774000, id=,B02, PRDE,actvstrat=,-0.222845, actvprof=,0.002781, id=,B03, PRDE,actvstrat=,0.728349, actvprof=,0.030869, id=,B05, PRDE,actvstrat=,0.408398, actvprof=,0.615440, id=,B06, PRDE,actvstrat=,0.467773, actvprof=,1.874965, id=,B09, PRDE,actvstrat=,0.586705, actvprof=,6.799878, id=,S00, PRDE,actvstrat=,0.776691, actvprof=,5.149897, id=,S02, PRDE,actvstrat=,0.821159, actvprof=,2.485400, id=,S05, PRDE,actvstrat=,0.922641, actvprof=,0.168808, id=,S06, PRDE,actvstrat=,-0.973159, actvprof=,0.035875, id=,S07, PRDE,actvstrat=,-0.311653, actvprof=,0.000000, best_B_id=,B09, best_B_prof=,6.799878, best_B_strat=,0.586705, best_S_id=,S00, best_S_prof=,5.149897, best_S_strat=,0.776691, 
t=,777600, id=,B02, PRDE,actvstrat=,-0.222845, actvprof=,0.001390, id=,B03, PRDE,actvstrat=,0.728349, actvprof=,0.035020, id=,B05, PRDE,actvstrat=,0.408398, actvprof=,0.643709, id=,B06, PRDE,actvstrat=,0.467773, actvprof=,1.940854, id=,B09, PRDE,actvstrat=,0.586705, actvprof=,6.893327, id=,S00, PRDE,actvstrat=,0.776691, actvprof=,5.235693, id=,S02, PRDE,actvstrat=,0.821159, actvprof=,2.445454, id=,S05, PRDE,actvstrat=,0.922641, actvprof=,0.151616, id=,S06, PRDE,actvstrat=,-0.973159, actvprof=,0.029045, id=,S07, PRDE,actvstrat=,-0.311653, actvprof=,0.000000, best_B_id=,B09, best_B_prof=,6.893327, best_B_strat=,0.586705, best_S_id=,S00, best_S_prof=,5.235693, best_S_strat=,0.776691, 
t=,781200, id=,B02, PRDE,actvstrat=,0.273808, actvprof=,0.003337, id=,B03, PRDE,actvstrat=,0.728349, actvprof=,0.026698, id=,B05, PRDE,actvstrat=,0.408398, actvprof=,0.802881, id=,B06, PRDE,actvstrat=,0.467773, actvprof=,2.170866, id=,B09, PRDE,actvstrat=,-0.247459, actvprof=,5.329273, id=,S00, PRDE,actvstrat=,0.776691, actvprof=,5.270872, id=,S02, PRDE,actvstrat=,0.821159, actvprof=,2.182546, id=,S05, PRDE,actvstrat=,0.922641, actvprof=,0.088715, id=,S06, PRDE,actvstrat=,-0.973159, actvprof=,0.013905, id=,S07, PRDE,actvstrat=,0.767634, actvprof=,0.000000, best_B_id=,B09, best_B_prof=,5.329273, best_B_strat=,-0.247459, best_S_id=,S00, best_S_prof=,5.270872, best_S_strat=,0.776691, 
t=,784800, id=,B02, PRDE,actvstrat=,0.273808, actvprof=,0.003891, id=,B03, PRDE,actvstrat=,0.728349, actvprof=,0.028906, id=,B05, PRDE,actvstrat=,0.408398, actvprof=,0.814920, id=,B06, PRDE,actvstrat=,0.467773, actvprof=,2.175853, id=,B09, PRDE,actvstrat=,-0.247459, actvprof=,5.275716, id=,S00, PRDE,actvstrat=,0.776691, actvprof=,5.191918, id=,S02, PRDE,actvstrat=,0.821159, actvprof=,2.211846, id=,S05, PRDE,actvstrat=,0.922641, actvprof=,0.092137, id=,S06, PRDE,actvstrat=,-0.973159, actvprof=,0.011396, id=,S07, PRDE,actvstrat=,0.767634, actvprof=,0.000000, best_B_id=,B09, best_B_prof=,5.275716, best_B_strat=,-0.247459, best_S_id=,S00, best_S_prof=,5.191918, best_S_strat=,0.776691, 
t=,788400, id=,B02, PRDE,actvstrat=,0.500053, actvprof=,0.000278, id=,B03, PRDE,actvstrat=,0.932898, actvprof=,0.031426, id=,B05, PRDE,actvstrat=,0.088840, actvprof=,0.631848, id=,B06, PRDE,actvstrat=,0.323074, actvprof=,2.126926, id=,B09, PRDE,actvstrat=,-0.247459, actvprof=,5.538684, id=,S00, PRDE,actvstrat=,0.776691, actvprof=,4.998609, id=,S02, PRDE,actvstrat=,0.821159, actvprof=,2.294900, id=,S05, PRDE,actvstrat=,0.618309, actvprof=,0.020023, id=,S06, PRDE,actvstrat=,-0.973159, actvprof=,0.016686, id=,S07, PRDE,actvstrat=,0.767634, actvprof=,0.000000, best_B_id=,B09, best_B_prof=,5.538684, best_B_strat=,-0.247459, best_S_id=,S00, best_S_prof=,4.998609, best_S_strat=,0.776691, 
t=,792000, id=,B02, PRDE,actvstrat=,0.500053, actvprof=,0.000834, id=,B03, PRDE,actvstrat=,0.932898, actvprof=,0.030434, id=,B05, PRDE,actvstrat=,0.088840, actvprof=,0.642310, id=,B06, PRDE,actvstrat=,0.323074, actvprof=,2.103559, id=,B09, PRDE,actvstrat=,-0.247459, actvprof=,5.476730, id=,S00, PRDE,actvstrat=,0.776691, actvprof=,4.955878, id=,S02, PRDE,actvstrat=,0.821159, actvprof=,2.237385, id=,S05, PRDE,actvstrat=,0.618309, actvprof=,0.027933, id=,S06, PRDE,actvstrat=,-0.973159, actvprof=,0.015981, id=,S07, PRDE,actvstrat=,0.767634, actvprof=,0.000000, best_B_id=,B09, best_B_prof=,5.476730, best_B_strat=,-0.247459, best_S_id=,S00, best_S_prof=,4.955878, best_S_strat=,0.776691, 
t=,795600, id=,B02, PRDE,actvstrat=,0.500053, actvprof=,0.005562, id=,B03, PRDE,actvstrat=,0.728349, actvprof=,0.026698, id=,B05, PRDE,actvstrat=,0.088840, actvprof=,0.625730, id=,B06, PRDE,actvstrat=,0.467773, actvprof=,2.213694, id=,B09, PRDE,actvstrat=,0.586705, actvprof=,6.988709, id=,S00, PRDE,actvstrat=,0.776691, actvprof=,5.236387, id=,S02, PRDE,actvstrat=,0.821159, actvprof=,2.330497, id=,S05, PRDE,actvstrat=,0.922641, actvprof=,0.128205, id=,S06, PRDE,actvstrat=,-0.973159, actvprof=,0.038100, id=,S07, PRDE,actvstrat=,0.767634, actvprof=,0.002781, best_B_id=,B09, best_B_prof=,6.988709, best_B_strat=,0.586705, best_S_id=,S00, best_S_prof=,5.236387, best_S_strat=,0.776691, 
t=,799200, id=,B02, PRDE,actvstrat=,0.500053, actvprof=,0.003474, id=,B03, PRDE,actvstrat=,0.728349, actvprof=,0.031546, id=,B05, PRDE,actvstrat=,0.088840, actvprof=,0.618833, id=,B06, PRDE,actvstrat=,0.467773, actvprof=,2.246866, id=,B09, PRDE,actvstrat=,0.586705, actvprof=,7.109425, id=,S00, PRDE,actvstrat=,0.776691, actvprof=,5.004586, id=,S02, PRDE,actvstrat=,0.821159, actvprof=,2.282165, id=,S05, PRDE,actvstrat=,0.922641, actvprof=,0.115623, id=,S06, PRDE,actvstrat=,-0.973159, actvprof=,0.044748, id=,S07, PRDE,actvstrat=,0.767634, actvprof=,0.003613, best_B_id=,B09, best_B_prof=,7.109425, best_B_strat=,0.586705, best_S_id=,S00, best_S_prof=,5.004586, best_S_strat=,0.776691, 
t=,802800, id=,B02, PRDE,actvstrat=,-0.222845, actvprof=,0.000000, id=,B03, PRDE,actvstrat=,0.932898, actvprof=,0.022526, id=,B05, PRDE,actvstrat=,0.408398, actvprof=,0.739175, id=,B06, PRDE,actvstrat=,0.467773, actvprof=,2.123251, id=,B09, PRDE,actvstrat=,-0.247459, actvprof=,5.399205, id=,S00, PRDE,actvstrat=,0.776691, actvprof=,5.052421, id=,S02, PRDE,actvstrat=,0.821159, actvprof=,2.309297, id=,S05, PRDE,actvstrat=,0.922641, actvprof=,0.040602, id=,S06, PRDE,actvstrat=,-0.973159, actvprof=,0.024750, id=,S07, PRDE,actvstrat=,0.767634, actvprof=,0.000000, best_B_id=,B09, best_B_prof=,5.399205, best_B_strat=,-0.247459, best_S_id=,S00, best_S_prof=,5.052421, best_S_strat=,0.776691, 
t=,806400, id=,B02, PRDE,actvstrat=,-0.222845, actvprof=,0.000973, id=,B03, PRDE,actvstrat=,0.932898, actvprof=,0.024320, id=,B05, PRDE,actvstrat=,0.408398, actvprof=,0.746686, id=,B06, PRDE,actvstrat=,0.467773, actvprof=,2.147920, id=,B09, PRDE,actvstrat=,-0.247459, actvprof=,5.439840, id=,S00, PRDE,actvstrat=,0.776691, actvprof=,5.036271, id=,S02, PRDE,actvstrat=,0.821159, actvprof=,2.317880, id=,S05, PRDE,actvstrat=,0.922641, actvprof=,0.053920, id=,S06, PRDE,actvstrat=,-0.973159, actvprof=,0.023486, id=,S07, PRDE,actvstrat=,0.767634, actvprof=,0.000000, best_B_id=,B09, best_B_prof=,5.439840, best_B_strat=,-0.247459, best_S_id=,S00, best_S_prof=,5.036271, best_S_strat=,0.776691, 
t=,810000, id=,B02, PRDE,actvstrat=,0.500053, actvprof=,0.008065, id=,B03, PRDE,actvstrat=,0.728349, actvprof=,0.046721, id=,B05, PRDE,actvstrat=,0.408398, actvprof=,0.660493, id=,B06, PRDE,actvstrat=,0.323074, actvprof=,1.736470, id=,B09, PRDE,actvstrat=,0.586705, actvprof=,6.905278, id=,S00, PRDE,actvstrat=,0.776691, actvprof=,5.386840, id=,S02, PRDE,actvstrat=,0.821159, actvprof=,2.563546, id=,S05, PRDE,actvstrat=,0.922641, actvprof=,0.130430, id=,S06, PRDE,actvstrat=,0.926464, actvprof=,0.029479, id=,S07, PRDE,actvstrat=,-0.311653, actvprof=,0.000000, best_B_id=,B09, best_B_prof=,6.905278, best_B_strat=,0.586705, best_S_id=,S00, best_S_prof=,5.386840, best_S_strat=,0.776691, 
t=,813600, id=,B02, PRDE,actvstrat=,0.500053, actvprof=,0.007782, id=,B03, PRDE,actvstrat=,0.728349, actvprof=,0.032241, id=,B05, PRDE,actvstrat=,0.408398, actvprof=,0.685817, id=,B06, PRDE,actvstrat=,0.323074, actvprof=,1.774090, id=,B09, PRDE,actvstrat=,0.586705, actvprof=,6.994914, id=,S00, PRDE,actvstrat=,0.776691, actvprof=,5.389950, id=,S02, PRDE,actvstrat=,0.821159, actvprof=,2.447122, id=,S05, PRDE,actvstrat=,0.922641, actvprof=,0.132160, id=,S06, PRDE,actvstrat=,0.926464, actvprof=,0.033214, id=,S07, PRDE,actvstrat=,-0.311653, actvprof=,0.000000, best_B_id=,B09, best_B_prof=,6.994914, best_B_strat=,0.586705, best_S_id=,S00, best_S_prof=,5.389950, best_S_strat=,0.776691, 
t=,817200, id=,B02, PRDE,actvstrat=,0.500053, actvprof=,0.000000, id=,B03, PRDE,actvstrat=,0.932898, actvprof=,0.036153, id=,B05, PRDE,actvstrat=,0.408398, actvprof=,0.762278, id=,B06, PRDE,actvstrat=,0.467773, actvprof=,2.127760, id=,B09, PRDE,actvstrat=,-0.247459, actvprof=,5.334557, id=,S00, PRDE,actvstrat=,0.776691, actvprof=,5.228044, id=,S02, PRDE,actvstrat=,0.821159, actvprof=,2.331887, id=,S05, PRDE,actvstrat=,0.922641, actvprof=,0.070916, id=,S06, PRDE,actvstrat=,-0.973159, actvprof=,0.008621, id=,S07, PRDE,actvstrat=,0.767634, actvprof=,0.000000, best_B_id=,B09, best_B_prof=,5.334557, best_B_strat=,-0.247459, best_S_id=,S00, best_S_prof=,5.228044, best_S_strat=,0.776691, 
t=,820800, id=,B02, PRDE,actvstrat=,0.500053, actvprof=,0.000000, id=,B03, PRDE,actvstrat=,0.932898, actvprof=,0.030295, id=,B05, PRDE,actvstrat=,0.408398, actvprof=,0.731677, id=,B06, PRDE,actvstrat=,0.467773, actvprof=,2.109703, id=,B09, PRDE,actvstrat=,-0.247459, actvprof=,5.347703, id=,S00, PRDE,actvstrat=,0.776691, actvprof=,5.188443, id=,S02, PRDE,actvstrat=,0.821159, actvprof=,2.248673, id=,S05, PRDE,actvstrat=,0.922641, actvprof=,0.066428, id=,S06, PRDE,actvstrat=,-0.973159, actvprof=,0.011951, id=,S07, PRDE,actvstrat=,0.767634, actvprof=,0.000000, best_B_id=,B09, best_B_prof=,5.347703, best_B_strat=,-0.247459, best_S_id=,S00, best_S_prof=,5.188443, best_S_strat=,0.776691, 
t=,824400, id=,B02, PRDE,actvstrat=,0.500053, actvprof=,0.000000, id=,B03, PRDE,actvstrat=,0.932898, actvprof=,0.015296, id=,B05, PRDE,actvstrat=,0.408398, actvprof=,0.612103, id=,B06, PRDE,actvstrat=,0.467773, actvprof=,1.891095, id=,B09, PRDE,actvstrat=,-0.247459, actvprof=,5.148785, id=,S00, PRDE,actvstrat=,0.776691, actvprof=,5.392402, id=,S02, PRDE,actvstrat=,0.505789, actvprof=,1.398576, id=,S05, PRDE,actvstrat=,0.922641, actvprof=,0.084821, id=,S06, PRDE,actvstrat=,-0.973159, actvprof=,0.011124, id=,S07, PRDE,actvstrat=,-0.064415, actvprof=,0.000000, best_B_id=,B09, best_B_prof=,5.148785, best_B_strat=,-0.247459, best_S_id=,S00, best_S_prof=,5.392402, best_S_strat=,0.776691, 
t=,828000, id=,B02, PRDE,actvstrat=,0.500053, actvprof=,0.000000, id=,B03, PRDE,actvstrat=,0.932898, actvprof=,0.017232, id=,B05, PRDE,actvstrat=,0.408398, actvprof=,0.618555, id=,B06, PRDE,actvstrat=,0.467773, actvprof=,1.939882, id=,B09, PRDE,actvstrat=,-0.247459, actvprof=,5.191084, id=,S00, PRDE,actvstrat=,0.776691, actvprof=,5.265711, id=,S02, PRDE,actvstrat=,0.505789, actvprof=,1.359821, id=,S05, PRDE,actvstrat=,0.922641, actvprof=,0.073932, id=,S06, PRDE,actvstrat=,-0.973159, actvprof=,0.008338, id=,S07, PRDE,actvstrat=,-0.064415, actvprof=,0.000000, best_B_id=,B09, best_B_prof=,5.191084, best_B_strat=,-0.247459, best_S_id=,S00, best_S_prof=,5.265711, best_S_strat=,0.776691, 
t=,831600, id=,B02, PRDE,actvstrat=,-0.222845, actvprof=,0.000000, id=,B03, PRDE,actvstrat=,0.932898, actvprof=,0.039489, id=,B05, PRDE,actvstrat=,0.088840, actvprof=,0.545899, id=,B06, PRDE,actvstrat=,0.467773, actvprof=,2.186657, id=,B09, PRDE,actvstrat=,-0.247459, actvprof=,5.431186, id=,S00, PRDE,actvstrat=,0.776691, actvprof=,4.942017, id=,S02, PRDE,actvstrat=,0.821159, actvprof=,2.244223, id=,S05, PRDE,actvstrat=,0.922641, actvprof=,0.061181, id=,S06, PRDE,actvstrat=,0.926464, actvprof=,0.006118, id=,S07, PRDE,actvstrat=,0.767634, actvprof=,0.001669, best_B_id=,B09, best_B_prof=,5.431186, best_B_strat=,-0.247459, best_S_id=,S00, best_S_prof=,4.942017, best_S_strat=,0.776691, 
t=,835200, id=,B02, PRDE,actvstrat=,-0.222845, actvprof=,0.000834, id=,B03, PRDE,actvstrat=,0.932898, actvprof=,0.033492, id=,B05, PRDE,actvstrat=,0.088840, actvprof=,0.581589, id=,B06, PRDE,actvstrat=,0.467773, actvprof=,2.298146, id=,B09, PRDE,actvstrat=,-0.247459, actvprof=,5.499597, id=,S00, PRDE,actvstrat=,0.776691, actvprof=,4.926068, id=,S02, PRDE,actvstrat=,0.821159, actvprof=,2.195169, id=,S05, PRDE,actvstrat=,0.922641, actvprof=,0.056700, id=,S06, PRDE,actvstrat=,0.926464, actvprof=,0.007087, id=,S07, PRDE,actvstrat=,0.767634, actvprof=,0.001251, best_B_id=,B09, best_B_prof=,5.499597, best_B_strat=,-0.247459, best_S_id=,S00, best_S_prof=,4.926068, best_S_strat=,0.776691, 
t=,838800, id=,B02, PRDE,actvstrat=,0.500053, actvprof=,0.000000, id=,B03, PRDE,actvstrat=,0.932898, actvprof=,0.001947, id=,B05, PRDE,actvstrat=,0.408398, actvprof=,0.434674, id=,B06, PRDE,actvstrat=,0.467773, actvprof=,1.757606, id=,B09, PRDE,actvstrat=,-0.247459, actvprof=,4.775571, id=,S00, PRDE,actvstrat=,-0.563935, actvprof=,0.810946, id=,S02, PRDE,actvstrat=,0.821159, actvprof=,2.747372, id=,S05, PRDE,actvstrat=,0.922641, actvprof=,0.104288, id=,S06, PRDE,actvstrat=,-0.973159, actvprof=,0.000000, id=,S07, PRDE,actvstrat=,0.767634, actvprof=,0.001391, best_B_id=,B09, best_B_prof=,4.775571, best_B_strat=,-0.247459, best_S_id=,S02, best_S_prof=,2.747372, best_S_strat=,0.821159, 
t=,842400, id=,B02, PRDE,actvstrat=,0.500053, actvprof=,0.000000, id=,B03, PRDE,actvstrat=,0.932898, actvprof=,0.005281, id=,B05, PRDE,actvstrat=,0.408398, actvprof=,0.420245, id=,B06, PRDE,actvstrat=,0.467773, actvprof=,1.680147, id=,B09, PRDE,actvstrat=,-0.247459, actvprof=,4.813363, id=,S00, PRDE,actvstrat=,-0.563935, actvprof=,0.901498, id=,S02, PRDE,actvstrat=,0.821159, actvprof=,2.750493, id=,S05, PRDE,actvstrat=,0.922641, actvprof=,0.097140, id=,S06, PRDE,actvstrat=,-0.973159, actvprof=,0.002779, id=,S07, PRDE,actvstrat=,0.767634, actvprof=,0.000834, best_B_id=,B09, best_B_prof=,4.813363, best_B_strat=,-0.247459, best_S_id=,S02, best_S_prof=,2.750493, best_S_strat=,0.821159, 
t=,846000, id=,B02, PRDE,actvstrat=,-0.222845, actvprof=,0.000000, id=,B03, PRDE,actvstrat=,0.728349, actvprof=,0.055620, id=,B05, PRDE,actvstrat=,0.088840, actvprof=,0.661327, id=,B06, PRDE,actvstrat=,0.467773, actvprof=,2.357473, id=,B09, PRDE,actvstrat=,-0.247459, actvprof=,5.621002, id=,S00, PRDE,actvstrat=,0.776691, actvprof=,4.951054, id=,S02, PRDE,actvstrat=,0.821159, actvprof=,2.182268, id=,S05, PRDE,actvstrat=,0.922641, actvprof=,0.075366, id=,S06, PRDE,actvstrat=,-0.973159, actvprof=,0.019745, id=,S07, PRDE,actvstrat=,0.767634, actvprof=,0.000000, best_B_id=,B09, best_B_prof=,5.621002, best_B_strat=,-0.247459, best_S_id=,S00, best_S_prof=,4.951054, best_S_strat=,0.776691, 
t=,849600, id=,B02, PRDE,actvstrat=,-0.222845, actvprof=,0.000000, id=,B03, PRDE,actvstrat=,0.728349, actvprof=,0.047945, id=,B05, PRDE,actvstrat=,0.088840, actvprof=,0.694850, id=,B06, PRDE,actvstrat=,0.467773, actvprof=,2.295506, id=,B09, PRDE,actvstrat=,-0.247459, actvprof=,5.561300, id=,S00, PRDE,actvstrat=,0.776691, actvprof=,4.800161, id=,S02, PRDE,actvstrat=,0.821159, actvprof=,2.179744, id=,S05, PRDE,actvstrat=,0.922641, actvprof=,0.071153, id=,S06, PRDE,actvstrat=,-0.973159, actvprof=,0.011257, id=,S07, PRDE,actvstrat=,0.767634, actvprof=,0.000139, best_B_id=,B09, best_B_prof=,5.561300, best_B_strat=,-0.247459, best_S_id=,S00, best_S_prof=,4.800161, best_S_strat=,0.776691, 
t=,853200, id=,B02, PRDE,actvstrat=,0.500053, actvprof=,0.000000, id=,B03, PRDE,actvstrat=,0.932898, actvprof=,0.032538, id=,B05, PRDE,actvstrat=,0.408398, actvprof=,0.595417, id=,B06, PRDE,actvstrat=,0.467773, actvprof=,1.927805, id=,B09, PRDE,actvstrat=,0.586705, actvprof=,6.858279, id=,S00, PRDE,actvstrat=,0.776691, actvprof=,5.211914, id=,S02, PRDE,actvstrat=,0.821159, actvprof=,2.532399, id=,S05, PRDE,actvstrat=,0.922641, actvprof=,0.140164, id=,S06, PRDE,actvstrat=,-0.973159, actvprof=,0.037822, id=,S07, PRDE,actvstrat=,0.767634, actvprof=,0.002503, best_B_id=,B09, best_B_prof=,6.858279, best_B_strat=,0.586705, best_S_id=,S00, best_S_prof=,5.211914, best_S_strat=,0.776691, 
t=,856800, id=,B02, PRDE,actvstrat=,0.500053, actvprof=,0.001112, id=,B03, PRDE,actvstrat=,0.932898, actvprof=,0.028072, id=,B05, PRDE,actvstrat=,0.408398, actvprof=,0.616888, id=,B06, PRDE,actvstrat=,0.467773, actvprof=,1.937519, id=,B09, PRDE,actvstrat=,0.586705, actvprof=,6.912643, id=,S00, PRDE,actvstrat=,0.776691, actvprof=,5.283638, id=,S02, PRDE,actvstrat=,0.821159, actvprof=,2.475750, id=,S05, PRDE,actvstrat=,0.922641, actvprof=,0.138553, id=,S06, PRDE,actvstrat=,-0.973159, actvprof=,0.041274, id=,S07, PRDE,actvstrat=,0.767634, actvprof=,0.003613, best_B_id=,B09, best_B_prof=,6.912643, best_B_strat=,0.586705, best_S_id=,S00, best_S_prof=,5.283638, best_S_strat=,0.776691, 
t=,860400, id=,B02, PRDE,actvstrat=,0.273808, actvprof=,0.000000, id=,B03, PRDE,actvstrat=,0.932898, actvprof=,0.043941, id=,B05, PRDE,actvstrat=,0.088840, actvprof=,0.594035, id=,B06, PRDE,actvstrat=,0.323074, actvprof=,2.064938, id=,B09, PRDE,actvstrat=,-0.247459, actvprof=,5.767364, id=,S00, PRDE,actvstrat=,0.776691, actvprof=,4.975040, id=,S02, PRDE,actvstrat=,0.821159, actvprof=,2.193979, id=,S05, PRDE,actvstrat=,0.922641, actvprof=,0.065911, id=,S06, PRDE,actvstrat=,0.926464, actvprof=,0.019467, id=,S07, PRDE,actvstrat=,0.767634, actvprof=,0.000000, best_B_id=,B09, best_B_prof=,5.767364, best_B_strat=,-0.247459, best_S_id=,S00, best_S_prof=,4.975040, best_S_strat=,0.776691, 
t=,864000, id=,B02, PRDE,actvstrat=,0.273808, actvprof=,0.000000, id=,B03, PRDE,actvstrat=,0.932898, actvprof=,0.045166, id=,B05, PRDE,actvstrat=,0.088840, actvprof=,0.626203, id=,B06, PRDE,actvstrat=,0.323074, actvprof=,2.117778, id=,B09, PRDE,actvstrat=,-0.247459, actvprof=,5.802314, id=,S00, PRDE,actvstrat=,0.776691, actvprof=,4.923045, id=,S02, PRDE,actvstrat=,0.821159, actvprof=,2.116249, id=,S05, PRDE,actvstrat=,0.922641, actvprof=,0.047806, id=,S06, PRDE,actvstrat=,0.926464, actvprof=,0.014314, id=,S07, PRDE,actvstrat=,0.767634, actvprof=,0.000000, best_B_id=,B09, best_B_prof=,5.802314, best_B_strat=,-0.247459, best_S_id=,S00, best_S_prof=,4.923045, best_S_strat=,0.776691, 
t=,867600, id=,B02, PRDE,actvstrat=,-0.222845, actvprof=,0.000000, id=,B03, PRDE,actvstrat=,0.728349, actvprof=,0.034206, id=,B05, PRDE,actvstrat=,0.408398, actvprof=,0.746694, id=,B06, PRDE,actvstrat=,0.467773, actvprof=,2.187522, id=,B09, PRDE,actvstrat=,-0.247459, actvprof=,5.576985, id=,S00, PRDE,actvstrat=,0.776691, actvprof=,4.983523, id=,S02, PRDE,actvstrat=,0.821159, actvprof=,2.402492, id=,S05, PRDE,actvstrat=,0.922641, actvprof=,0.083708, id=,S06, PRDE,actvstrat=,-0.973159, actvprof=,0.005562, id=,S07, PRDE,actvstrat=,0.767634, actvprof=,0.000000, best_B_id=,B09, best_B_prof=,5.576985, best_B_strat=,-0.247459, best_S_id=,S00, best_S_prof=,4.983523, best_S_strat=,0.776691, 
t=,871200, id=,B02, PRDE,actvstrat=,-0.222845, actvprof=,0.000000, id=,B03, PRDE,actvstrat=,0.728349, actvprof=,0.035993, id=,B05, PRDE,actvstrat=,0.408398, actvprof=,0.757247, id=,B06, PRDE,actvstrat=,0.467773, actvprof=,2.143195, id=,B09, PRDE,actvstrat=,-0.247459, actvprof=,5.496679, id=,S00, PRDE,actvstrat=,0.776691, actvprof=,5.002779, id=,S02, PRDE,actvstrat=,0.821159, actvprof=,2.354846, id=,S05, PRDE,actvstrat=,0.922641, actvprof=,0.084911, id=,S06, PRDE,actvstrat=,-0.973159, actvprof=,0.006948, id=,S07, PRDE,actvstrat=,0.767634, actvprof=,0.000000, best_B_id=,B09, best_B_prof=,5.496679, best_B_strat=,-0.247459, best_S_id=,S00, best_S_prof=,5.002779, best_S_strat=,0.776691, 
t=,874800, id=,B02, PRDE,actvstrat=,0.273808, actvprof=,0.000556, id=,B03, PRDE,actvstrat=,0.932898, actvprof=,0.042828, id=,B05, PRDE,actvstrat=,0.088840, actvprof=,0.615171, id=,B06, PRDE,actvstrat=,0.467773, actvprof=,2.382813, id=,B09, PRDE,actvstrat=,-0.247459, actvprof=,5.833275, id=,S00, PRDE,actvstrat=,0.776691, actvprof=,5.018981, id=,S02, PRDE,actvstrat=,0.821159, actvprof=,2.084961, id=,S05, PRDE,actvstrat=,0.922641, actvprof=,0.087325, id=,S06, PRDE,actvstrat=,-0.973159, actvprof=,0.013905, id=,S07, PRDE,actvstrat=,0.767634, actvprof=,0.001112, best_B_id=,B09, best_B_prof=,5.833275, best_B_strat=,-0.247459, best_S_id=,S00, best_S_prof=,5.018981, best_S_strat=,0.776691, 
t=,878400, id=,B02, PRDE,actvstrat=,0.273808, actvprof=,0.000695, id=,B03, PRDE,actvstrat=,0.932898, actvprof=,0.039329, id=,B05, PRDE,actvstrat=,0.088840, actvprof=,0.615085, id=,B06, PRDE,actvstrat=,0.467773, actvprof=,2.292881, id=,B09, PRDE,actvstrat=,-0.247459, actvprof=,5.691693, id=,S00, PRDE,actvstrat=,0.776691, actvprof=,4.950700, id=,S02, PRDE,actvstrat=,0.821159, actvprof=,2.140569, id=,S05, PRDE,actvstrat=,0.922641, actvprof=,0.071570, id=,S06, PRDE,actvstrat=,-0.973159, actvprof=,0.011118, id=,S07, PRDE,actvstrat=,0.767634, actvprof=,0.000556, best_B_id=,B09, best_B_prof=,5.691693, best_B_strat=,-0.247459, best_S_id=,S00, best_S_prof=,4.950700, best_S_strat=,0.776691, 
t=,882000, id=,B02, PRDE,actvstrat=,-0.222845, actvprof=,0.000000, id=,B03, PRDE,actvstrat=,0.728349, actvprof=,0.057013, id=,B05, PRDE,actvstrat=,0.088840, actvprof=,0.645215, id=,B06, PRDE,actvstrat=,0.467773, actvprof=,2.217649, id=,B09, PRDE,actvstrat=,-0.247459, actvprof=,5.410073, id=,S00, PRDE,actvstrat=,0.776691, actvprof=,4.936730, id=,S02, PRDE,actvstrat=,0.821159, actvprof=,2.182051, id=,S05, PRDE,actvstrat=,0.922641, actvprof=,0.075090, id=,S06, PRDE,actvstrat=,-0.973159, actvprof=,0.025864, id=,S07, PRDE,actvstrat=,0.767634, actvprof=,0.000000, best_B_id=,B09, best_B_prof=,5.410073, best_B_strat=,-0.247459, best_S_id=,S00, best_S_prof=,4.936730, best_S_strat=,0.776691, 
t=,885600, id=,B02, PRDE,actvstrat=,-0.222845, actvprof=,0.000000, id=,B03, PRDE,actvstrat=,0.728349, actvprof=,0.057951, id=,B05, PRDE,actvstrat=,0.088840, actvprof=,0.689301, id=,B06, PRDE,actvstrat=,0.467773, actvprof=,2.282891, id=,B09, PRDE,actvstrat=,-0.247459, actvprof=,5.475214, id=,S00, PRDE,actvstrat=,0.776691, actvprof=,4.840252, id=,S02, PRDE,actvstrat=,0.821159, actvprof=,2.055116, id=,S05, PRDE,actvstrat=,0.922641, actvprof=,0.073933, id=,S06, PRDE,actvstrat=,-0.973159, actvprof=,0.018622, id=,S07, PRDE,actvstrat=,0.767634, actvprof=,0.000000, best_B_id=,B09, best_B_prof=,5.475214, best_B_strat=,-0.247459, best_S_id=,S00, best_S_prof=,4.840252, best_S_strat=,0.776691, 
t=,889200, id=,B02, PRDE,actvstrat=,0.273808, actvprof=,0.000000, id=,B03, PRDE,actvstrat=,0.932898, actvprof=,0.008343, id=,B05, PRDE,actvstrat=,0.088840, actvprof=,0.427171, id=,B06, PRDE,actvstrat=,0.467773, actvprof=,1.858305, id=,B09, PRDE,actvstrat=,-0.247459, actvprof=,5.061531, id=,S00, PRDE,actvstrat=,-0.750346, actvprof=,0.676632, id=,S02, PRDE,actvstrat=,0.821159, actvprof=,2.646180, id=,S05, PRDE,actvstrat=,0.922641, actvprof=,0.087047, id=,S06, PRDE,actvstrat=,-0.973159, actvprof=,0.014183, id=,S07, PRDE,actvstrat=,0.767634, actvprof=,0.000000, best_B_id=,B09, best_B_prof=,5.061531, best_B_strat=,-0.247459, best_S_id=,S02, best_S_prof=,2.646180, best_S_strat=,0.821159, 
t=,892800, id=,B02, PRDE,actvstrat=,0.273808, actvprof=,0.000000, id=,B03, PRDE,actvstrat=,0.932898, actvprof=,0.008199, id=,B05, PRDE,actvstrat=,0.088840, actvprof=,0.395375, id=,B06, PRDE,actvstrat=,0.467773, actvprof=,1.826785, id=,B09, PRDE,actvstrat=,-0.247459, actvprof=,4.884862, id=,S00, PRDE,actvstrat=,-0.750346, actvprof=,0.640938, id=,S02, PRDE,actvstrat=,0.821159, actvprof=,2.693970, id=,S05, PRDE,actvstrat=,0.922641, actvprof=,0.091444, id=,S06, PRDE,actvstrat=,-0.973159, actvprof=,0.011257, id=,S07, PRDE,actvstrat=,0.767634, actvprof=,0.000139, best_B_id=,B09, best_B_prof=,4.884862, best_B_strat=,-0.247459, best_S_id=,S02, best_S_prof=,2.693970, best_S_strat=,0.821159, 
t=,896400, id=,B02, PRDE,actvstrat=,0.500053, actvprof=,0.000000, id=,B03, PRDE,actvstrat=,0.932898, actvprof=,0.032538, id=,B05, PRDE,actvstrat=,0.088840, actvprof=,0.590967, id=,B06, PRDE,actvstrat=,0.467773, actvprof=,2.295456, id=,B09, PRDE,actvstrat=,-0.247459, actvprof=,5.353190, id=,S00, PRDE,actvstrat=,0.776691, actvprof=,5.023917, id=,S02, PRDE,actvstrat=,0.821159, actvprof=,2.150008, id=,S05, PRDE,actvstrat=,0.922641, actvprof=,0.058680, id=,S06, PRDE,actvstrat=,-0.973159, actvprof=,0.013905, id=,S07, PRDE,actvstrat=,0.767634, actvprof=,0.000000, best_B_id=,B09, best_B_prof=,5.353190, best_B_strat=,-0.247459, best_S_id=,S00, best_S_prof=,5.023917, best_S_strat=,0.776691, 
t=,900000, id=,B02, PRDE,actvstrat=,0.500053, actvprof=,0.000139, id=,B03, PRDE,actvstrat=,0.932898, actvprof=,0.030157, id=,B05, PRDE,actvstrat=,0.088840, actvprof=,0.601331, id=,B06, PRDE,actvstrat=,0.467773, actvprof=,2.252595, id=,B09, PRDE,actvstrat=,-0.247459, actvprof=,5.377934, id=,S00, PRDE,actvstrat=,0.776691, actvprof=,5.029254, id=,S02, PRDE,actvstrat=,0.821159, actvprof=,2.164487, id=,S05, PRDE,actvstrat=,0.922641, actvprof=,0.070459, id=,S06, PRDE,actvstrat=,-0.973159, actvprof=,0.009728, id=,S07, PRDE,actvstrat=,0.767634, actvprof=,0.000000, best_B_id=,B09, best_B_prof=,5.377934, best_B_strat=,-0.247459, best_S_id=,S00, best_S_prof=,5.029254, best_S_strat=,0.776691, 
t=,903600, id=,B02, PRDE,actvstrat=,0.500053, actvprof=,0.002781, id=,B03, PRDE,actvstrat=,0.932898, actvprof=,0.032539, id=,B05, PRDE,actvstrat=,0.408398, actvprof=,0.627694, id=,B06, PRDE,actvstrat=,0.467773, actvprof=,1.926190, id=,B09, PRDE,actvstrat=,-0.247459, actvprof=,5.371694, id=,S00, PRDE,actvstrat=,0.776691, actvprof=,5.426204, id=,S02, PRDE,actvstrat=,0.821159, actvprof=,2.436243, id=,S05, PRDE,actvstrat=,0.618309, actvprof=,0.023361, id=,S06, PRDE,actvstrat=,0.926464, actvprof=,0.021971, id=,S07, PRDE,actvstrat=,0.767634, actvprof=,0.001669, best_B_id=,B09, best_B_prof=,5.371694, best_B_strat=,-0.247459, best_S_id=,S00, best_S_prof=,5.426204, best_S_strat=,0.776691, 
t=,907200, id=,B02, PRDE,actvstrat=,0.500053, actvprof=,0.001946, id=,B03, PRDE,actvstrat=,0.932898, actvprof=,0.030018, id=,B05, PRDE,actvstrat=,0.408398, actvprof=,0.640243, id=,B06, PRDE,actvstrat=,0.467773, actvprof=,1.946857, id=,B09, PRDE,actvstrat=,-0.247459, actvprof=,5.384744, id=,S00, PRDE,actvstrat=,0.776691, actvprof=,5.345137, id=,S02, PRDE,actvstrat=,0.821159, actvprof=,2.404770, id=,S05, PRDE,actvstrat=,0.618309, actvprof=,0.032519, id=,S06, PRDE,actvstrat=,0.926464, actvprof=,0.019317, id=,S07, PRDE,actvstrat=,0.767634, actvprof=,0.001807, best_B_id=,B09, best_B_prof=,5.384744, best_B_strat=,-0.247459, best_S_id=,S00, best_S_prof=,5.345137, best_S_strat=,0.776691, 
t=,910800, id=,B02, PRDE,actvstrat=,0.273808, actvprof=,0.005284, id=,B03, PRDE,actvstrat=,0.728349, actvprof=,0.024196, id=,B05, PRDE,actvstrat=,0.408398, actvprof=,0.769808, id=,B06, PRDE,actvstrat=,0.467773, actvprof=,2.204300, id=,B09, PRDE,actvstrat=,-0.247459, actvprof=,5.397280, id=,S00, PRDE,actvstrat=,0.776691, actvprof=,5.062992, id=,S02, PRDE,actvstrat=,0.821159, actvprof=,2.213477, id=,S05, PRDE,actvstrat=,0.922641, actvprof=,0.047001, id=,S06, PRDE,actvstrat=,0.926464, actvprof=,0.007231, id=,S07, PRDE,actvstrat=,0.767634, actvprof=,0.000000, best_B_id=,B09, best_B_prof=,5.397280, best_B_strat=,-0.247459, best_S_id=,S00, best_S_prof=,5.062992, best_S_strat=,0.776691, 
t=,914400, id=,B02, PRDE,actvstrat=,0.273808, actvprof=,0.004169, id=,B03, PRDE,actvstrat=,0.728349, actvprof=,0.027795, id=,B05, PRDE,actvstrat=,0.408398, actvprof=,0.804653, id=,B06, PRDE,actvstrat=,0.467773, actvprof=,2.188267, id=,B09, PRDE,actvstrat=,-0.247459, actvprof=,5.501935, id=,S00, PRDE,actvstrat=,0.776691, actvprof=,4.947850, id=,S02, PRDE,actvstrat=,0.821159, actvprof=,2.223566, id=,S05, PRDE,actvstrat=,0.922641, actvprof=,0.049752, id=,S06, PRDE,actvstrat=,0.926464, actvprof=,0.009867, id=,S07, PRDE,actvstrat=,0.767634, actvprof=,0.000000, best_B_id=,B09, best_B_prof=,5.501935, best_B_strat=,-0.247459, best_S_id=,S00, best_S_prof=,4.947850, best_S_strat=,0.776691, 
t=,918000, id=,B02, PRDE,actvstrat=,-0.222845, actvprof=,0.000556, id=,B03, PRDE,actvstrat=,0.932898, actvprof=,0.031984, id=,B05, PRDE,actvstrat=,0.088840, actvprof=,0.607965, id=,B06, PRDE,actvstrat=,0.467773, actvprof=,2.214373, id=,B09, PRDE,actvstrat=,-0.247459, actvprof=,5.564857, id=,S00, PRDE,actvstrat=,0.776691, actvprof=,5.053399, id=,S02, PRDE,actvstrat=,0.821159, actvprof=,2.154022, id=,S05, PRDE,actvstrat=,0.922641, actvprof=,0.078151, id=,S06, PRDE,actvstrat=,-0.973159, actvprof=,0.008344, id=,S07, PRDE,actvstrat=,0.767634, actvprof=,0.002781, best_B_id=,B09, best_B_prof=,5.564857, best_B_strat=,-0.247459, best_S_id=,S00, best_S_prof=,5.053399, best_S_strat=,0.776691, 
t=,921600, id=,B02, PRDE,actvstrat=,-0.222845, actvprof=,0.000834, id=,B03, PRDE,actvstrat=,0.932898, actvprof=,0.031686, id=,B05, PRDE,actvstrat=,0.088840, actvprof=,0.614681, id=,B06, PRDE,actvstrat=,0.467773, actvprof=,2.168547, id=,B09, PRDE,actvstrat=,-0.247459, actvprof=,5.567708, id=,S00, PRDE,actvstrat=,0.776691, actvprof=,5.087554, id=,S02, PRDE,actvstrat=,0.821159, actvprof=,2.258186, id=,S05, PRDE,actvstrat=,0.922641, actvprof=,0.075880, id=,S06, PRDE,actvstrat=,-0.973159, actvprof=,0.012508, id=,S07, PRDE,actvstrat=,0.767634, actvprof=,0.002224, best_B_id=,B09, best_B_prof=,5.567708, best_B_strat=,-0.247459, best_S_id=,S00, best_S_prof=,5.087554, best_S_strat=,0.776691, 
t=,925200, id=,B02, PRDE,actvstrat=,-0.222845, actvprof=,0.000000, id=,B03, PRDE,actvstrat=,0.932898, actvprof=,0.025031, id=,B05, PRDE,actvstrat=,0.408398, actvprof=,0.854111, id=,B06, PRDE,actvstrat=,0.467773, actvprof=,2.226363, id=,B09, PRDE,actvstrat=,-0.247459, actvprof=,5.400843, id=,S00, PRDE,actvstrat=,0.776691, actvprof=,5.100471, id=,S02, PRDE,actvstrat=,0.821159, actvprof=,2.248613, id=,S05, PRDE,actvstrat=,0.922641, actvprof=,0.059796, id=,S06, PRDE,actvstrat=,0.926464, actvprof=,0.012237, id=,S07, PRDE,actvstrat=,0.767634, actvprof=,0.000000, best_B_id=,B09, best_B_prof=,5.400843, best_B_strat=,-0.247459, best_S_id=,S00, best_S_prof=,5.100471, best_S_strat=,0.776691, 
t=,928800, id=,B02, PRDE,actvstrat=,-0.222845, actvprof=,0.000000, id=,B03, PRDE,actvstrat=,0.932898, actvprof=,0.022931, id=,B05, PRDE,actvstrat=,0.408398, actvprof=,0.813836, id=,B06, PRDE,actvstrat=,0.467773, actvprof=,2.187185, id=,B09, PRDE,actvstrat=,-0.247459, actvprof=,5.410288, id=,S00, PRDE,actvstrat=,0.776691, actvprof=,5.090924, id=,S02, PRDE,actvstrat=,0.821159, actvprof=,2.264177, id=,S05, PRDE,actvstrat=,0.922641, actvprof=,0.065457, id=,S06, PRDE,actvstrat=,0.926464, actvprof=,0.015009, id=,S07, PRDE,actvstrat=,0.767634, actvprof=,0.000000, best_B_id=,B09, best_B_prof=,5.410288, best_B_strat=,-0.247459, best_S_id=,S00, best_S_prof=,5.090924, best_S_strat=,0.776691, 
t=,932400, id=,B02, PRDE,actvstrat=,0.500053, actvprof=,0.000000, id=,B03, PRDE,actvstrat=,0.932898, actvprof=,0.041996, id=,B05, PRDE,actvstrat=,0.408398, actvprof=,0.716719, id=,B06, PRDE,actvstrat=,0.467773, actvprof=,2.275869, id=,B09, PRDE,actvstrat=,-0.247459, actvprof=,5.411689, id=,S00, PRDE,actvstrat=,0.776691, actvprof=,5.112153, id=,S02, PRDE,actvstrat=,0.821159, actvprof=,2.265856, id=,S05, PRDE,actvstrat=,0.922641, actvprof=,0.084271, id=,S06, PRDE,actvstrat=,-0.973159, actvprof=,0.002781, id=,S07, PRDE,actvstrat=,0.085930, actvprof=,0.000000, best_B_id=,B09, best_B_prof=,5.411689, best_B_strat=,-0.247459, best_S_id=,S00, best_S_prof=,5.112153, best_S_strat=,0.776691, 
t=,936000, id=,B02, PRDE,actvstrat=,0.500053, actvprof=,0.002085, id=,B03, PRDE,actvstrat=,0.932898, actvprof=,0.032242, id=,B05, PRDE,actvstrat=,0.408398, actvprof=,0.740875, id=,B06, PRDE,actvstrat=,0.467773, actvprof=,2.224847, id=,B09, PRDE,actvstrat=,-0.247459, actvprof=,5.412651, id=,S00, PRDE,actvstrat=,0.776691, actvprof=,5.030887, id=,S02, PRDE,actvstrat=,0.821159, actvprof=,2.219010, id=,S05, PRDE,actvstrat=,0.922641, actvprof=,0.080466, id=,S06, PRDE,actvstrat=,-0.973159, actvprof=,0.008338, id=,S07, PRDE,actvstrat=,0.085930, actvprof=,0.000000, best_B_id=,B09, best_B_prof=,5.412651, best_B_strat=,-0.247459, best_S_id=,S00, best_S_prof=,5.030887, best_S_strat=,0.776691, 
t=,939600, id=,B02, PRDE,actvstrat=,-0.222845, actvprof=,0.000000, id=,B03, PRDE,actvstrat=,0.932898, actvprof=,0.030593, id=,B05, PRDE,actvstrat=,0.408398, actvprof=,0.789031, id=,B06, PRDE,actvstrat=,0.467773, actvprof=,2.226085, id=,B09, PRDE,actvstrat=,-0.247459, actvprof=,5.488451, id=,S00, PRDE,actvstrat=,0.776691, actvprof=,4.974482, id=,S02, PRDE,actvstrat=,0.821159, actvprof=,2.236376, id=,S05, PRDE,actvstrat=,0.922641, actvprof=,0.091780, id=,S06, PRDE,actvstrat=,-0.973159, actvprof=,0.010012, id=,S07, PRDE,actvstrat=,0.767634, actvprof=,0.000000, best_B_id=,B09, best_B_prof=,5.488451, best_B_strat=,-0.247459, best_S_id=,S00, best_S_prof=,4.974482, best_S_strat=,0.776691, 
t=,943200, id=,B02, PRDE,actvstrat=,-0.222845, actvprof=,0.000000, id=,B03, PRDE,actvstrat=,0.932898, actvprof=,0.030435, id=,B05, PRDE,actvstrat=,0.408398, actvprof=,0.759497, id=,B06, PRDE,actvstrat=,0.467773, actvprof=,2.134792, id=,B09, PRDE,actvstrat=,-0.247459, actvprof=,5.335659, id=,S00, PRDE,actvstrat=,0.776691, actvprof=,5.034917, id=,S02, PRDE,actvstrat=,0.821159, actvprof=,2.286552, id=,S05, PRDE,actvstrat=,0.922641, actvprof=,0.095754, id=,S06, PRDE,actvstrat=,-0.973159, actvprof=,0.009311, id=,S07, PRDE,actvstrat=,0.767634, actvprof=,0.000000, best_B_id=,B09, best_B_prof=,5.335659, best_B_strat=,-0.247459, best_S_id=,S00, best_S_prof=,5.034917, best_S_strat=,0.776691, 
t=,946800, id=,B02, PRDE,actvstrat=,0.500053, actvprof=,0.001947, id=,B03, PRDE,actvstrat=,0.932898, actvprof=,0.038381, id=,B05, PRDE,actvstrat=,0.408398, actvprof=,0.740638, id=,B06, PRDE,actvstrat=,0.467773, actvprof=,2.170183, id=,B09, PRDE,actvstrat=,-0.247459, actvprof=,5.601368, id=,S00, PRDE,actvstrat=,0.776691, actvprof=,4.917189, id=,S02, PRDE,actvstrat=,0.821159, actvprof=,2.359027, id=,S05, PRDE,actvstrat=,0.922641, actvprof=,0.066471, id=,S06, PRDE,actvstrat=,0.926464, actvprof=,0.015575, id=,S07, PRDE,actvstrat=,0.767634, actvprof=,0.002225, best_B_id=,B09, best_B_prof=,5.601368, best_B_strat=,-0.247459, best_S_id=,S00, best_S_prof=,4.917189, best_S_strat=,0.776691, 
t=,950400, id=,B02, PRDE,actvstrat=,0.500053, actvprof=,0.000973, id=,B03, PRDE,actvstrat=,0.932898, actvprof=,0.030852, id=,B05, PRDE,actvstrat=,0.408398, actvprof=,0.724198, id=,B06, PRDE,actvstrat=,0.467773, actvprof=,2.105607, id=,B09, PRDE,actvstrat=,-0.247459, actvprof=,5.583868, id=,S00, PRDE,actvstrat=,0.776691, actvprof=,5.021159, id=,S02, PRDE,actvstrat=,0.821159, actvprof=,2.322686, id=,S05, PRDE,actvstrat=,0.922641, actvprof=,0.065040, id=,S06, PRDE,actvstrat=,0.926464, actvprof=,0.019595, id=,S07, PRDE,actvstrat=,0.767634, actvprof=,0.001112, best_B_id=,B09, best_B_prof=,5.583868, best_B_strat=,-0.247459, best_S_id=,S00, best_S_prof=,5.021159, best_S_strat=,0.776691, 
t=,954000, id=,B02, PRDE,actvstrat=,-0.222845, actvprof=,0.000000, id=,B03, PRDE,actvstrat=,0.932898, actvprof=,0.037546, id=,B05, PRDE,actvstrat=,0.408398, actvprof=,0.687517, id=,B06, PRDE,actvstrat=,0.467773, actvprof=,1.890392, id=,B09, PRDE,actvstrat=,-0.247459, actvprof=,5.498185, id=,S00, PRDE,actvstrat=,0.776691, actvprof=,5.169446, id=,S02, PRDE,actvstrat=,0.821159, actvprof=,2.298953, id=,S05, PRDE,actvstrat=,0.618309, actvprof=,0.028368, id=,S06, PRDE,actvstrat=,0.926464, actvprof=,0.023918, id=,S07, PRDE,actvstrat=,0.767634, actvprof=,0.003337, best_B_id=,B09, best_B_prof=,5.498185, best_B_strat=,-0.247459, best_S_id=,S00, best_S_prof=,5.169446, best_S_strat=,0.776691, 
t=,957600, id=,B02, PRDE,actvstrat=,-0.222845, actvprof=,0.000139, id=,B03, PRDE,actvstrat=,0.932898, actvprof=,0.034605, id=,B05, PRDE,actvstrat=,0.408398, actvprof=,0.673333, id=,B06, PRDE,actvstrat=,0.467773, actvprof=,1.920909, id=,B09, PRDE,actvstrat=,-0.247459, actvprof=,5.172919, id=,S00, PRDE,actvstrat=,0.776691, actvprof=,5.162635, id=,S02, PRDE,actvstrat=,0.821159, actvprof=,2.364517, id=,S05, PRDE,actvstrat=,0.618309, actvprof=,0.041831, id=,S06, PRDE,actvstrat=,0.926464, actvprof=,0.031547, id=,S07, PRDE,actvstrat=,0.767634, actvprof=,0.001807, best_B_id=,B09, best_B_prof=,5.172919, best_B_strat=,-0.247459, best_S_id=,S00, best_S_prof=,5.162635, best_S_strat=,0.776691, 
t=,961200, id=,B02, PRDE,actvstrat=,0.500053, actvprof=,0.000000, id=,B03, PRDE,actvstrat=,0.932898, actvprof=,0.022250, id=,B05, PRDE,actvstrat=,0.088840, actvprof=,0.590452, id=,B06, PRDE,actvstrat=,0.467773, actvprof=,2.281709, id=,B09, PRDE,actvstrat=,-0.247459, actvprof=,5.556869, id=,S00, PRDE,actvstrat=,0.776691, actvprof=,5.110762, id=,S02, PRDE,actvstrat=,0.821159, actvprof=,2.143205, id=,S05, PRDE,actvstrat=,0.922641, actvprof=,0.066471, id=,S06, PRDE,actvstrat=,-0.973159, actvprof=,0.011125, id=,S07, PRDE,actvstrat=,0.767634, actvprof=,0.000556, best_B_id=,B09, best_B_prof=,5.556869, best_B_strat=,-0.247459, best_S_id=,S00, best_S_prof=,5.110762, best_S_strat=,0.776691, 
t=,964800, id=,B02, PRDE,actvstrat=,0.500053, actvprof=,0.001390, id=,B03, PRDE,actvstrat=,0.932898, actvprof=,0.026127, id=,B05, PRDE,actvstrat=,0.088840, actvprof=,0.624409, id=,B06, PRDE,actvstrat=,0.467773, actvprof=,2.277781, id=,B09, PRDE,actvstrat=,-0.247459, actvprof=,5.473901, id=,S00, PRDE,actvstrat=,0.776691, actvprof=,4.989716, id=,S02, PRDE,actvstrat=,0.821159, actvprof=,2.167853, id=,S05, PRDE,actvstrat=,0.922641, actvprof=,0.066707, id=,S06, PRDE,actvstrat=,-0.973159, actvprof=,0.008338, id=,S07, PRDE,actvstrat=,0.767634, actvprof=,0.000278, best_B_id=,B09, best_B_prof=,5.473901, best_B_strat=,-0.247459, best_S_id=,S00, best_S_prof=,4.989716, best_S_strat=,0.776691, 
t=,968400, id=,B02, PRDE,actvstrat=,-0.222845, actvprof=,0.001947, id=,B03, PRDE,actvstrat=,0.932898, actvprof=,0.048672, id=,B05, PRDE,actvstrat=,0.088840, actvprof=,0.629676, id=,B06, PRDE,actvstrat=,0.467773, actvprof=,2.256988, id=,B09, PRDE,actvstrat=,-0.247459, actvprof=,5.383674, id=,S00, PRDE,actvstrat=,0.776691, actvprof=,4.936448, id=,S02, PRDE,actvstrat=,0.821159, actvprof=,2.245307, id=,S05, PRDE,actvstrat=,0.712230, actvprof=,0.023919, id=,S06, PRDE,actvstrat=,-0.973159, actvprof=,0.021972, id=,S07, PRDE,actvstrat=,0.767634, actvprof=,0.000000, best_B_id=,B09, best_B_prof=,5.383674, best_B_strat=,-0.247459, best_S_id=,S00, best_S_prof=,4.936448, best_S_strat=,0.776691, 
t=,972000, id=,B02, PRDE,actvstrat=,-0.222845, actvprof=,0.000973, id=,B03, PRDE,actvstrat=,0.932898, actvprof=,0.045584, id=,B05, PRDE,actvstrat=,0.088840, actvprof=,0.641929, id=,B06, PRDE,actvstrat=,0.467773, actvprof=,2.177889, id=,B09, PRDE,actvstrat=,-0.247459, actvprof=,5.469946, id=,S00, PRDE,actvstrat=,0.776691, actvprof=,4.978945, id=,S02, PRDE,actvstrat=,0.821159, actvprof=,2.209992, id=,S05, PRDE,actvstrat=,0.712230, actvprof=,0.023487, id=,S06, PRDE,actvstrat=,-0.973159, actvprof=,0.016538, id=,S07, PRDE,actvstrat=,0.767634, actvprof=,0.001668, best_B_id=,B09, best_B_prof=,5.469946, best_B_strat=,-0.247459, best_S_id=,S00, best_S_prof=,4.978945, best_S_strat=,0.776691, 
t=,975600, id=,B02, PRDE,actvstrat=,0.273808, actvprof=,0.000000, id=,B03, PRDE,actvstrat=,0.932898, actvprof=,0.047837, id=,B05, PRDE,actvstrat=,0.088840, actvprof=,0.635786, id=,B06, PRDE,actvstrat=,0.467773, actvprof=,2.166567, id=,B09, PRDE,actvstrat=,-0.247459, actvprof=,5.524051, id=,S00, PRDE,actvstrat=,0.776691, actvprof=,4.876305, id=,S02, PRDE,actvstrat=,0.821159, actvprof=,2.267803, id=,S05, PRDE,actvstrat=,0.922641, actvprof=,0.062577, id=,S06, PRDE,actvstrat=,-0.973159, actvprof=,0.011125, id=,S07, PRDE,actvstrat=,0.767634, actvprof=,0.000000, best_B_id=,B09, best_B_prof=,5.524051, best_B_strat=,-0.247459, best_S_id=,S00, best_S_prof=,4.876305, best_S_strat=,0.776691, 
t=,979200, id=,B02, PRDE,actvstrat=,0.273808, actvprof=,0.000973, id=,B03, PRDE,actvstrat=,0.932898, actvprof=,0.045584, id=,B05, PRDE,actvstrat=,0.088840, actvprof=,0.582030, id=,B06, PRDE,actvstrat=,0.467773, actvprof=,2.244875, id=,B09, PRDE,actvstrat=,-0.247459, actvprof=,5.653394, id=,S00, PRDE,actvstrat=,0.776691, actvprof=,5.002849, id=,S02, PRDE,actvstrat=,0.821159, actvprof=,2.219999, id=,S05, PRDE,actvstrat=,0.922641, actvprof=,0.048364, id=,S06, PRDE,actvstrat=,-0.973159, actvprof=,0.013620, id=,S07, PRDE,actvstrat=,0.767634, actvprof=,0.000000, best_B_id=,B09, best_B_prof=,5.653394, best_B_strat=,-0.247459, best_S_id=,S00, best_S_prof=,5.002849, best_S_strat=,0.776691, 
t=,982800, id=,B02, PRDE,actvstrat=,0.273808, actvprof=,0.001113, id=,B03, PRDE,actvstrat=,0.932898, actvprof=,0.038382, id=,B05, PRDE,actvstrat=,0.088840, actvprof=,0.625513, id=,B06, PRDE,actvstrat=,0.467773, actvprof=,2.256185, id=,B09, PRDE,actvstrat=,-0.247459, actvprof=,5.348983, id=,S00, PRDE,actvstrat=,0.776691, actvprof=,5.082813, id=,S02, PRDE,actvstrat=,0.821159, actvprof=,2.236160, id=,S05, PRDE,actvstrat=,-0.250634, actvprof=,0.000000, id=,S06, PRDE,actvstrat=,-0.973159, actvprof=,0.011125, id=,S07, PRDE,actvstrat=,0.085930, actvprof=,0.000556, best_B_id=,B09, best_B_prof=,5.348983, best_B_strat=,-0.247459, best_S_id=,S00, best_S_prof=,5.082813, best_S_strat=,0.776691, 
t=,986400, id=,B02, PRDE,actvstrat=,0.273808, actvprof=,0.000556, id=,B03, PRDE,actvstrat=,0.932898, actvprof=,0.039191, id=,B05, PRDE,actvstrat=,0.088840, actvprof=,0.634707, id=,B06, PRDE,actvstrat=,0.467773, actvprof=,2.234607, id=,B09, PRDE,actvstrat=,-0.247459, actvprof=,5.323642, id=,S00, PRDE,actvstrat=,0.776691, actvprof=,5.054722, id=,S02, PRDE,actvstrat=,0.821159, actvprof=,2.202086, id=,S05, PRDE,actvstrat=,-0.250634, actvprof=,0.000000, id=,S06, PRDE,actvstrat=,-0.973159, actvprof=,0.017928, id=,S07, PRDE,actvstrat=,0.085930, actvprof=,0.000278, best_B_id=,B09, best_B_prof=,5.323642, best_B_strat=,-0.247459, best_S_id=,S00, best_S_prof=,5.054722, best_S_strat=,0.776691, 
t=,990000, id=,B02, PRDE,actvstrat=,0.500053, actvprof=,0.003059, id=,B03, PRDE,actvstrat=,0.932898, actvprof=,0.034766, id=,B05, PRDE,actvstrat=,0.408398, actvprof=,0.816310, id=,B06, PRDE,actvstrat=,0.467773, actvprof=,2.188043, id=,B09, PRDE,actvstrat=,-0.247459, actvprof=,5.584836, id=,S00, PRDE,actvstrat=,0.776691, actvprof=,5.174318, id=,S02, PRDE,actvstrat=,0.821159, actvprof=,2.289560, id=,S05, PRDE,actvstrat=,0.922641, actvprof=,0.090114, id=,S06, PRDE,actvstrat=,-0.973159, actvprof=,0.011125, id=,S07, PRDE,actvstrat=,0.767634, actvprof=,0.000000, best_B_id=,B09, best_B_prof=,5.584836, best_B_strat=,-0.247459, best_S_id=,S00, best_S_prof=,5.174318, best_S_strat=,0.776691, 
t=,993600, id=,B02, PRDE,actvstrat=,0.500053, actvprof=,0.003057, id=,B03, PRDE,actvstrat=,0.932898, actvprof=,0.033910, id=,B05, PRDE,actvstrat=,0.408398, actvprof=,0.770209, id=,B06, PRDE,actvstrat=,0.467773, actvprof=,2.186799, id=,B09, PRDE,actvstrat=,-0.247459, actvprof=,5.396744, id=,S00, PRDE,actvstrat=,0.776691, actvprof=,5.163402, id=,S02, PRDE,actvstrat=,0.821159, actvprof=,2.210981, id=,S05, PRDE,actvstrat=,0.922641, actvprof=,0.091586, id=,S06, PRDE,actvstrat=,-0.973159, actvprof=,0.005559, id=,S07, PRDE,actvstrat=,0.767634, actvprof=,0.000556, best_B_id=,B09, best_B_prof=,5.396744, best_B_strat=,-0.247459, best_S_id=,S00, best_S_prof=,5.163402, best_S_strat=,0.776691, 
t=,997200, id=,B02, PRDE,actvstrat=,0.273808, actvprof=,0.000000, id=,B03, PRDE,actvstrat=,0.932898, actvprof=,0.033655, id=,B05, PRDE,actvstrat=,0.088840, actvprof=,0.537090, id=,B06, PRDE,actvstrat=,0.467773, actvprof=,2.075487, id=,B09, PRDE,actvstrat=,0.586705, actvprof=,7.091481, id=,S00, PRDE,actvstrat=,0.776691, actvprof=,5.248241, id=,S02, PRDE,actvstrat=,0.821159, actvprof=,2.312185, id=,S05, PRDE,actvstrat=,0.922641, actvprof=,0.095959, id=,S06, PRDE,actvstrat=,-0.973159, actvprof=,0.037827, id=,S07, PRDE,actvstrat=,0.767634, actvprof=,0.001669, best_B_id=,B09, best_B_prof=,7.091481, best_B_strat=,0.586705, best_S_id=,S00, best_S_prof=,5.248241, best_S_strat=,0.776691, 
t=,1000800, id=,B02, PRDE,actvstrat=,0.273808, actvprof=,0.000000, id=,B03, PRDE,actvstrat=,0.932898, actvprof=,0.030576, id=,B05, PRDE,actvstrat=,0.088840, actvprof=,0.514919, id=,B06, PRDE,actvstrat=,0.467773, actvprof=,2.036607, id=,B09, PRDE,actvstrat=,0.586705, actvprof=,7.033202, id=,S00, PRDE,actvstrat=,0.776691, actvprof=,5.327366, id=,S02, PRDE,actvstrat=,0.821159, actvprof=,2.409490, id=,S05, PRDE,actvstrat=,0.922641, actvprof=,0.122858, id=,S06, PRDE,actvstrat=,-0.973159, actvprof=,0.029881, id=,S07, PRDE,actvstrat=,0.767634, actvprof=,0.002363, best_B_id=,B09, best_B_prof=,7.033202, best_B_strat=,0.586705, best_S_id=,S00, best_S_prof=,5.327366, best_S_strat=,0.776691, 
t=,1004400, id=,B02, PRDE,actvstrat=,0.500053, actvprof=,0.001391, id=,B03, PRDE,actvstrat=,0.728349, actvprof=,0.030595, id=,B05, PRDE,actvstrat=,0.408398, actvprof=,0.739855, id=,B06, PRDE,actvstrat=,0.467773, actvprof=,2.198704, id=,B09, PRDE,actvstrat=,-0.247459, actvprof=,5.346981, id=,S00, PRDE,actvstrat=,0.776691, actvprof=,5.037966, id=,S02, PRDE,actvstrat=,0.821159, actvprof=,2.291881, id=,S05, PRDE,actvstrat=,0.922641, actvprof=,0.086780, id=,S06, PRDE,actvstrat=,-0.973159, actvprof=,0.011126, id=,S07, PRDE,actvstrat=,0.767634, actvprof=,0.000000, best_B_id=,B09, best_B_prof=,5.346981, best_B_strat=,-0.247459, best_S_id=,S00, best_S_prof=,5.037966, best_S_strat=,0.776691, 
t=,1008000, id=,B02, PRDE,actvstrat=,0.500053, actvprof=,0.000834, id=,B03, PRDE,actvstrat=,0.728349, actvprof=,0.040582, id=,B05, PRDE,actvstrat=,0.408398, actvprof=,0.755771, id=,B06, PRDE,actvstrat=,0.467773, actvprof=,2.195878, id=,B09, PRDE,actvstrat=,-0.247459, actvprof=,5.296930, id=,S00, PRDE,actvstrat=,0.776691, actvprof=,5.000069, id=,S02, PRDE,actvstrat=,0.821159, actvprof=,2.256612, id=,S05, PRDE,actvstrat=,0.922641, actvprof=,0.076300, id=,S06, PRDE,actvstrat=,-0.973159, actvprof=,0.009729, id=,S07, PRDE,actvstrat=,0.767634, actvprof=,0.000973, best_B_id=,B09, best_B_prof=,5.296930, best_B_strat=,-0.247459, best_S_id=,S00, best_S_prof=,5.000069, best_S_strat=,0.776691, 
t=,1011600, id=,B02, PRDE,actvstrat=,0.500053, actvprof=,0.000000, id=,B03, PRDE,actvstrat=,0.932898, actvprof=,0.026702, id=,B05, PRDE,actvstrat=,0.088840, actvprof=,0.592996, id=,B06, PRDE,actvstrat=,0.467773, actvprof=,2.298278, id=,B09, PRDE,actvstrat=,-0.247459, actvprof=,5.476038, id=,S00, PRDE,actvstrat=,0.776691, actvprof=,4.952577, id=,S02, PRDE,actvstrat=,0.821159, actvprof=,2.131394, id=,S05, PRDE,actvstrat=,0.922641, actvprof=,0.057853, id=,S06, PRDE,actvstrat=,0.926464, actvprof=,0.003616, id=,S07, PRDE,actvstrat=,0.767634, actvprof=,0.000000, best_B_id=,B09, best_B_prof=,5.476038, best_B_strat=,-0.247459, best_S_id=,S00, best_S_prof=,4.952577, best_S_strat=,0.776691, 
t=,1015200, id=,B02, PRDE,actvstrat=,0.500053, actvprof=,0.001529, id=,B03, PRDE,actvstrat=,0.932898, actvprof=,0.032799, id=,B05, PRDE,actvstrat=,0.088840, actvprof=,0.618177, id=,B06, PRDE,actvstrat=,0.467773, actvprof=,2.342346, id=,B09, PRDE,actvstrat=,-0.247459, actvprof=,5.524679, id=,S00, PRDE,actvstrat=,0.776691, actvprof=,4.916370, id=,S02, PRDE,actvstrat=,0.821159, actvprof=,2.152362, id=,S05, PRDE,actvstrat=,0.922641, actvprof=,0.063374, id=,S06, PRDE,actvstrat=,0.926464, actvprof=,0.008061, id=,S07, PRDE,actvstrat=,0.767634, actvprof=,0.000000, best_B_id=,B09, best_B_prof=,5.524679, best_B_strat=,-0.247459, best_S_id=,S00, best_S_prof=,4.916370, best_S_strat=,0.776691, 
t=,1018800, id=,B02, PRDE,actvstrat=,0.273808, actvprof=,0.004172, id=,B03, PRDE,actvstrat=,0.932898, actvprof=,0.029484, id=,B05, PRDE,actvstrat=,0.408398, actvprof=,0.635300, id=,B06, PRDE,actvstrat=,0.467773, actvprof=,2.202690, id=,B09, PRDE,actvstrat=,-0.247459, actvprof=,5.298527, id=,S00, PRDE,actvstrat=,0.776691, actvprof=,5.136364, id=,S02, PRDE,actvstrat=,0.821159, actvprof=,2.384045, id=,S05, PRDE,actvstrat=,0.922641, actvprof=,0.055352, id=,S06, PRDE,actvstrat=,-0.973159, actvprof=,0.012517, id=,S07, PRDE,actvstrat=,0.767634, actvprof=,0.001113, best_B_id=,B09, best_B_prof=,5.298527, best_B_strat=,-0.247459, best_S_id=,S00, best_S_prof=,5.136364, best_S_strat=,0.776691, 
t=,1022400, id=,B02, PRDE,actvstrat=,0.273808, actvprof=,0.002085, id=,B03, PRDE,actvstrat=,0.932898, actvprof=,0.034329, id=,B05, PRDE,actvstrat=,0.408398, actvprof=,0.697831, id=,B06, PRDE,actvstrat=,0.467773, actvprof=,2.189252, id=,B09, PRDE,actvstrat=,-0.247459, actvprof=,5.267576, id=,S00, PRDE,actvstrat=,0.776691, actvprof=,5.116502, id=,S02, PRDE,actvstrat=,0.821159, actvprof=,2.368957, id=,S05, PRDE,actvstrat=,0.922641, actvprof=,0.066017, id=,S06, PRDE,actvstrat=,-0.973159, actvprof=,0.013203, id=,S07, PRDE,actvstrat=,0.767634, actvprof=,0.001807, best_B_id=,B09, best_B_prof=,5.267576, best_B_strat=,-0.247459, best_S_id=,S00, best_S_prof=,5.116502, best_S_strat=,0.776691, 
t=,1026000, id=,B02, PRDE,actvstrat=,0.500053, actvprof=,0.001669, id=,B03, PRDE,actvstrat=,0.932898, actvprof=,0.018914, id=,B05, PRDE,actvstrat=,0.088840, actvprof=,0.566875, id=,B06, PRDE,actvstrat=,0.467773, actvprof=,2.194901, id=,B09, PRDE,actvstrat=,-0.247459, actvprof=,5.664576, id=,S00, PRDE,actvstrat=,0.776691, actvprof=,4.903272, id=,S02, PRDE,actvstrat=,0.821159, actvprof=,2.205471, id=,S05, PRDE,actvstrat=,0.922641, actvprof=,0.069260, id=,S06, PRDE,actvstrat=,-0.973159, actvprof=,0.011961, id=,S07, PRDE,actvstrat=,0.767634, actvprof=,0.000000, best_B_id=,B09, best_B_prof=,5.664576, best_B_strat=,-0.247459, best_S_id=,S00, best_S_prof=,4.903272, best_S_strat=,0.776691, 
t=,1029600, id=,B02, PRDE,actvstrat=,0.500053, actvprof=,0.000834, id=,B03, PRDE,actvstrat=,0.932898, actvprof=,0.022932, id=,B05, PRDE,actvstrat=,0.088840, actvprof=,0.581495, id=,B06, PRDE,actvstrat=,0.467773, actvprof=,2.211876, id=,B09, PRDE,actvstrat=,-0.247459, actvprof=,5.531983, id=,S00, PRDE,actvstrat=,0.776691, actvprof=,4.897676, id=,S02, PRDE,actvstrat=,0.821159, actvprof=,2.227025, id=,S05, PRDE,actvstrat=,0.922641, actvprof=,0.069629, id=,S06, PRDE,actvstrat=,-0.973159, actvprof=,0.011535, id=,S07, PRDE,actvstrat=,0.767634, actvprof=,0.000834, best_B_id=,B09, best_B_prof=,5.531983, best_B_strat=,-0.247459, best_S_id=,S00, best_S_prof=,4.897676, best_S_strat=,0.776691, 
t=,1033200, id=,B02, PRDE,actvstrat=,0.500053, actvprof=,0.000000, id=,B03, PRDE,actvstrat=,0.932898, actvprof=,0.032822, id=,B05, PRDE,actvstrat=,0.408398, actvprof=,0.745449, id=,B06, PRDE,actvstrat=,0.467773, actvprof=,2.215207, id=,B09, PRDE,actvstrat=,-0.247459, actvprof=,5.481273, id=,S00, PRDE,actvstrat=,0.776691, actvprof=,4.922743, id=,S02, PRDE,actvstrat=,0.821159, actvprof=,2.165974, id=,S05, PRDE,actvstrat=,0.922641, actvprof=,0.065088, id=,S06, PRDE,actvstrat=,-0.973159, actvprof=,0.008345, id=,S07, PRDE,actvstrat=,0.767634, actvprof=,0.000000, best_B_id=,B09, best_B_prof=,5.481273, best_B_strat=,-0.247459, best_S_id=,S00, best_S_prof=,4.922743, best_S_strat=,0.776691, 
t=,1036800, id=,B02, PRDE,actvstrat=,0.500053, actvprof=,0.000000, id=,B03, PRDE,actvstrat=,0.932898, actvprof=,0.031827, id=,B05, PRDE,actvstrat=,0.408398, actvprof=,0.761624, id=,B06, PRDE,actvstrat=,0.467773, actvprof=,2.145334, id=,B09, PRDE,actvstrat=,-0.247459, actvprof=,5.587653, id=,S00, PRDE,actvstrat=,0.776691, actvprof=,4.949445, id=,S02, PRDE,actvstrat=,0.821159, actvprof=,2.192588, id=,S05, PRDE,actvstrat=,0.922641, actvprof=,0.062403, id=,S06, PRDE,actvstrat=,-0.973159, actvprof=,0.011119, id=,S07, PRDE,actvstrat=,0.767634, actvprof=,0.000695, best_B_id=,B09, best_B_prof=,5.587653, best_B_strat=,-0.247459, best_S_id=,S00, best_S_prof=,4.949445, best_S_strat=,0.776691, 
t=,1040400, id=,B02, PRDE,actvstrat=,0.273808, actvprof=,0.002503, id=,B03, PRDE,actvstrat=,0.932898, actvprof=,0.033656, id=,B05, PRDE,actvstrat=,0.408398, actvprof=,0.650590, id=,B06, PRDE,actvstrat=,0.467773, actvprof=,2.093069, id=,B09, PRDE,actvstrat=,-0.247459, actvprof=,5.375501, id=,S00, PRDE,actvstrat=,0.776691, actvprof=,5.031709, id=,S02, PRDE,actvstrat=,0.821159, actvprof=,2.300846, id=,S05, PRDE,actvstrat=,0.922641, actvprof=,0.064809, id=,S06, PRDE,actvstrat=,-0.973159, actvprof=,0.008344, id=,S07, PRDE,actvstrat=,0.767634, actvprof=,0.000000, best_B_id=,B09, best_B_prof=,5.375501, best_B_strat=,-0.247459, best_S_id=,S00, best_S_prof=,5.031709, best_S_strat=,0.776691, 
t=,1044000, id=,B02, PRDE,actvstrat=,0.273808, actvprof=,0.001251, id=,B03, PRDE,actvstrat=,0.932898, actvprof=,0.030993, id=,B05, PRDE,actvstrat=,0.408398, actvprof=,0.655719, id=,B06, PRDE,actvstrat=,0.467773, actvprof=,2.054856, id=,B09, PRDE,actvstrat=,-0.247459, actvprof=,5.188773, id=,S00, PRDE,actvstrat=,0.776691, actvprof=,5.070916, id=,S02, PRDE,actvstrat=,0.821159, actvprof=,2.355476, id=,S05, PRDE,actvstrat=,0.922641, actvprof=,0.061291, id=,S06, PRDE,actvstrat=,-0.973159, actvprof=,0.009868, id=,S07, PRDE,actvstrat=,0.767634, actvprof=,0.000973, best_B_id=,B09, best_B_prof=,5.188773, best_B_strat=,-0.247459, best_S_id=,S00, best_S_prof=,5.070916, best_S_strat=,0.776691, 
t=,1047600, id=,B02, PRDE,actvstrat=,0.500053, actvprof=,0.003894, id=,B03, PRDE,actvstrat=,0.932898, actvprof=,0.031431, id=,B05, PRDE,actvstrat=,0.408398, actvprof=,0.712617, id=,B06, PRDE,actvstrat=,0.467773, actvprof=,1.957332, id=,B09, PRDE,actvstrat=,-0.247459, actvprof=,5.250890, id=,S00, PRDE,actvstrat=,0.776691, actvprof=,5.151869, id=,S02, PRDE,actvstrat=,0.821159, actvprof=,2.407376, id=,S05, PRDE,actvstrat=,0.323440, actvprof=,0.021139, id=,S06, PRDE,actvstrat=,0.926464, actvprof=,0.020861, id=,S07, PRDE,actvstrat=,0.767634, actvprof=,0.000000, best_B_id=,B09, best_B_prof=,5.250890, best_B_strat=,-0.247459, best_S_id=,S00, best_S_prof=,5.151869, best_S_strat=,0.776691, 
t=,1051200, id=,B02, PRDE,actvstrat=,0.500053, actvprof=,0.004447, id=,B03, PRDE,actvstrat=,0.932898, actvprof=,0.030159, id=,B05, PRDE,actvstrat=,0.408398, actvprof=,0.692550, id=,B06, PRDE,actvstrat=,0.467773, actvprof=,1.922684, id=,B09, PRDE,actvstrat=,-0.247459, actvprof=,5.305657, id=,S00, PRDE,actvstrat=,0.776691, actvprof=,5.214902, id=,S02, PRDE,actvstrat=,0.821159, actvprof=,2.484173, id=,S05, PRDE,actvstrat=,0.323440, actvprof=,0.021820, id=,S06, PRDE,actvstrat=,0.926464, actvprof=,0.023488, id=,S07, PRDE,actvstrat=,0.767634, actvprof=,0.000417, best_B_id=,B09, best_B_prof=,5.305657, best_B_strat=,-0.247459, best_S_id=,S00, best_S_prof=,5.214902, best_S_strat=,0.776691, 
t=,1054800, id=,B02, PRDE,actvstrat=,0.500053, actvprof=,0.001669, id=,B03, PRDE,actvstrat=,0.932898, actvprof=,0.043670, id=,B05, PRDE,actvstrat=,0.088840, actvprof=,0.538503, id=,B06, PRDE,actvstrat=,0.467773, actvprof=,2.124251, id=,B09, PRDE,actvstrat=,-0.247459, actvprof=,5.278778, id=,S00, PRDE,actvstrat=,0.776691, actvprof=,5.092138, id=,S02, PRDE,actvstrat=,0.821159, actvprof=,2.318679, id=,S05, PRDE,actvstrat=,0.323440, actvprof=,0.023921, id=,S06, PRDE,actvstrat=,-0.973159, actvprof=,0.011682, id=,S07, PRDE,actvstrat=,0.767634, actvprof=,0.000000, best_B_id=,B09, best_B_prof=,5.278778, best_B_strat=,-0.247459, best_S_id=,S00, best_S_prof=,5.092138, best_S_strat=,0.776691, 
t=,1058400, id=,B02, PRDE,actvstrat=,0.500053, actvprof=,0.000973, id=,B03, PRDE,actvstrat=,0.932898, actvprof=,0.043779, id=,B05, PRDE,actvstrat=,0.088840, actvprof=,0.537028, id=,B06, PRDE,actvstrat=,0.467773, actvprof=,2.119344, id=,B09, PRDE,actvstrat=,-0.247459, actvprof=,5.324559, id=,S00, PRDE,actvstrat=,0.776691, actvprof=,5.118170, id=,S02, PRDE,actvstrat=,0.821159, actvprof=,2.316282, id=,S05, PRDE,actvstrat=,0.323440, actvprof=,0.020986, id=,S06, PRDE,actvstrat=,-0.973159, actvprof=,0.011397, id=,S07, PRDE,actvstrat=,0.767634, actvprof=,0.000278, best_B_id=,B09, best_B_prof=,5.324559, best_B_strat=,-0.247459, best_S_id=,S00, best_S_prof=,5.118170, best_S_strat=,0.776691, 
t=,1062000, id=,B02, PRDE,actvstrat=,0.500053, actvprof=,0.000278, id=,B03, PRDE,actvstrat=,0.728349, actvprof=,0.047842, id=,B05, PRDE,actvstrat=,0.408398, actvprof=,0.748787, id=,B06, PRDE,actvstrat=,0.467773, actvprof=,2.164583, id=,B09, PRDE,actvstrat=,-0.247459, actvprof=,5.584746, id=,S00, PRDE,actvstrat=,0.776691, actvprof=,4.932200, id=,S02, PRDE,actvstrat=,0.821159, actvprof=,2.125085, id=,S05, PRDE,actvstrat=,0.922641, actvprof=,0.073154, id=,S06, PRDE,actvstrat=,0.926464, actvprof=,0.011126, id=,S07, PRDE,actvstrat=,0.767634, actvprof=,0.000000, best_B_id=,B09, best_B_prof=,5.584746, best_B_strat=,-0.247459, best_S_id=,S00, best_S_prof=,4.932200, best_S_strat=,0.776691, 
t=,1065600, id=,B02, PRDE,actvstrat=,0.500053, actvprof=,0.000834, id=,B03, PRDE,actvstrat=,0.728349, actvprof=,0.033634, id=,B05, PRDE,actvstrat=,0.408398, actvprof=,0.726040, id=,B06, PRDE,actvstrat=,0.467773, actvprof=,2.113353, id=,B09, PRDE,actvstrat=,-0.247459, actvprof=,5.401379, id=,S00, PRDE,actvstrat=,0.776691, actvprof=,4.995831, id=,S02, PRDE,actvstrat=,0.821159, actvprof=,2.238159, id=,S05, PRDE,actvstrat=,0.922641, actvprof=,0.072965, id=,S06, PRDE,actvstrat=,0.926464, actvprof=,0.010146, id=,S07, PRDE,actvstrat=,0.767634, actvprof=,0.000417, best_B_id=,B09, best_B_prof=,5.401379, best_B_strat=,-0.247459, best_S_id=,S00, best_S_prof=,4.995831, best_S_strat=,0.776691, 
t=,1069200, id=,B02, PRDE,actvstrat=,0.500053, actvprof=,0.000834, id=,B03, PRDE,actvstrat=,0.728349, actvprof=,0.040888, id=,B05, PRDE,actvstrat=,0.408398, actvprof=,0.843637, id=,B06, PRDE,actvstrat=,0.467773, actvprof=,2.188226, id=,B09, PRDE,actvstrat=,-0.247459, actvprof=,5.590865, id=,S00, PRDE,actvstrat=,0.776691, actvprof=,4.690764, id=,S02, PRDE,actvstrat=,0.821159, actvprof=,2.204915, id=,S05, PRDE,actvstrat=,0.922641, actvprof=,0.074823, id=,S06, PRDE,actvstrat=,0.926464, actvprof=,0.011126, id=,S07, PRDE,actvstrat=,0.085930, actvprof=,0.000278, best_B_id=,B09, best_B_prof=,5.590865, best_B_strat=,-0.247459, best_S_id=,S00, best_S_prof=,4.690764, best_S_strat=,0.776691, 
t=,1072800, id=,B02, PRDE,actvstrat=,0.500053, actvprof=,0.001668, id=,B03, PRDE,actvstrat=,0.728349, actvprof=,0.037386, id=,B05, PRDE,actvstrat=,0.408398, actvprof=,0.789693, id=,B06, PRDE,actvstrat=,0.467773, actvprof=,2.144068, id=,B09, PRDE,actvstrat=,-0.247459, actvprof=,5.470453, id=,S00, PRDE,actvstrat=,0.776691, actvprof=,4.816683, id=,S02, PRDE,actvstrat=,0.821159, actvprof=,2.195352, id=,S05, PRDE,actvstrat=,0.922641, actvprof=,0.067684, id=,S06, PRDE,actvstrat=,0.926464, actvprof=,0.011396, id=,S07, PRDE,actvstrat=,0.085930, actvprof=,0.000139, best_B_id=,B09, best_B_prof=,5.470453, best_B_strat=,-0.247459, best_S_id=,S00, best_S_prof=,4.816683, best_S_strat=,0.776691, 
t=,1076400, id=,B02, PRDE,actvstrat=,0.273808, actvprof=,0.002782, id=,B03, PRDE,actvstrat=,0.728349, actvprof=,0.027537, id=,B05, PRDE,actvstrat=,0.408398, actvprof=,0.746283, id=,B06, PRDE,actvstrat=,0.467773, actvprof=,2.183775, id=,B09, PRDE,actvstrat=,-0.247459, actvprof=,5.272103, id=,S00, PRDE,actvstrat=,0.776691, actvprof=,5.088244, id=,S02, PRDE,actvstrat=,0.821159, actvprof=,2.346495, id=,S05, PRDE,actvstrat=,0.922641, actvprof=,0.073710, id=,S06, PRDE,actvstrat=,-0.973159, actvprof=,0.017524, id=,S07, PRDE,actvstrat=,0.767634, actvprof=,0.002782, best_B_id=,B09, best_B_prof=,5.272103, best_B_strat=,-0.247459, best_S_id=,S00, best_S_prof=,5.088244, best_S_strat=,0.776691, 
t=,1080000, id=,B02, PRDE,actvstrat=,0.273808, actvprof=,0.002641, id=,B03, PRDE,actvstrat=,0.728349, actvprof=,0.020847, id=,B05, PRDE,actvstrat=,0.408398, actvprof=,0.757449, id=,B06, PRDE,actvstrat=,0.467773, actvprof=,2.181037, id=,B09, PRDE,actvstrat=,-0.247459, actvprof=,5.377196, id=,S00, PRDE,actvstrat=,0.776691, actvprof=,5.063932, id=,S02, PRDE,actvstrat=,0.821159, actvprof=,2.363242, id=,S05, PRDE,actvstrat=,0.922641, actvprof=,0.071575, id=,S06, PRDE,actvstrat=,-0.973159, actvprof=,0.016956, id=,S07, PRDE,actvstrat=,0.767634, actvprof=,0.001390, best_B_id=,B09, best_B_prof=,5.377196, best_B_strat=,-0.247459, best_S_id=,S00, best_S_prof=,5.063932, best_S_strat=,0.776691, 
t=,1083600, id=,B02, PRDE,actvstrat=,0.500053, actvprof=,0.001391, id=,B03, PRDE,actvstrat=,0.728349, actvprof=,0.037829, id=,B05, PRDE,actvstrat=,0.408398, actvprof=,0.867558, id=,B06, PRDE,actvstrat=,0.323074, actvprof=,1.969320, id=,B09, PRDE,actvstrat=,-0.247459, actvprof=,5.408397, id=,S00, PRDE,actvstrat=,0.776691, actvprof=,4.978374, id=,S02, PRDE,actvstrat=,0.821159, actvprof=,2.165417, id=,S05, PRDE,actvstrat=,0.922641, actvprof=,0.086784, id=,S06, PRDE,actvstrat=,-0.973159, actvprof=,0.016411, id=,S07, PRDE,actvstrat=,0.767634, actvprof=,0.000000, best_B_id=,B09, best_B_prof=,5.408397, best_B_strat=,-0.247459, best_S_id=,S00, best_S_prof=,4.978374, best_S_strat=,0.776691, 
t=,1087200, id=,B02, PRDE,actvstrat=,0.500053, actvprof=,0.001668, id=,B03, PRDE,actvstrat=,0.728349, actvprof=,0.039471, id=,B05, PRDE,actvstrat=,0.408398, actvprof=,0.816244, id=,B06, PRDE,actvstrat=,0.323074, actvprof=,2.010660, id=,B09, PRDE,actvstrat=,-0.247459, actvprof=,5.595436, id=,S00, PRDE,actvstrat=,0.776691, actvprof=,4.923316, id=,S02, PRDE,actvstrat=,0.821159, actvprof=,2.115731, id=,S05, PRDE,actvstrat=,0.922641, actvprof=,0.087003, id=,S06, PRDE,actvstrat=,-0.973159, actvprof=,0.019874, id=,S07, PRDE,actvstrat=,0.767634, actvprof=,0.000000, best_B_id=,B09, best_B_prof=,5.595436, best_B_strat=,-0.247459, best_S_id=,S00, best_S_prof=,4.923316, best_S_strat=,0.776691, 
t=,1090800, id=,B02, PRDE,actvstrat=,0.500053, actvprof=,0.000000, id=,B03, PRDE,actvstrat=,0.932898, actvprof=,0.003894, id=,B05, PRDE,actvstrat=,0.408398, actvprof=,0.429758, id=,B06, PRDE,actvstrat=,0.467773, actvprof=,1.549074, id=,B09, PRDE,actvstrat=,-0.247459, actvprof=,4.763216, id=,S00, PRDE,actvstrat=,-0.750346, actvprof=,0.526557, id=,S02, PRDE,actvstrat=,0.821159, actvprof=,2.788835, id=,S05, PRDE,actvstrat=,0.922641, actvprof=,0.079554, id=,S06, PRDE,actvstrat=,-0.973159, actvprof=,0.008623, id=,S07, PRDE,actvstrat=,0.767634, actvprof=,0.001947, best_B_id=,B09, best_B_prof=,4.763216, best_B_strat=,-0.247459, best_S_id=,S02, best_S_prof=,2.788835, best_S_strat=,0.821159, 
t=,1094400, id=,B02, PRDE,actvstrat=,0.500053, actvprof=,0.000000, id=,B03, PRDE,actvstrat=,0.932898, actvprof=,0.005420, id=,B05, PRDE,actvstrat=,0.408398, actvprof=,0.407502, id=,B06, PRDE,actvstrat=,0.467773, actvprof=,1.661837, id=,B09, PRDE,actvstrat=,-0.247459, actvprof=,4.829431, id=,S00, PRDE,actvstrat=,-0.750346, actvprof=,0.597911, id=,S02, PRDE,actvstrat=,0.821159, actvprof=,2.764956, id=,S05, PRDE,actvstrat=,0.922641, actvprof=,0.084364, id=,S06, PRDE,actvstrat=,-0.973159, actvprof=,0.005698, id=,S07, PRDE,actvstrat=,0.767634, actvprof=,0.000973, best_B_id=,B09, best_B_prof=,4.829431, best_B_strat=,-0.247459, best_S_id=,S02, best_S_prof=,2.764956, best_S_strat=,0.821159, 
t=,1098000, id=,B02, PRDE,actvstrat=,0.273808, actvprof=,0.003338, id=,B03, PRDE,actvstrat=,0.932898, actvprof=,0.023922, id=,B05, PRDE,actvstrat=,0.408398, actvprof=,0.720713, id=,B06, PRDE,actvstrat=,0.467773, actvprof=,2.121528, id=,B09, PRDE,actvstrat=,-0.247459, actvprof=,5.235810, id=,S00, PRDE,actvstrat=,0.776691, actvprof=,4.970724, id=,S02, PRDE,actvstrat=,0.821159, actvprof=,2.290928, id=,S05, PRDE,actvstrat=,0.922641, actvprof=,0.081223, id=,S06, PRDE,actvstrat=,-0.973159, actvprof=,0.008345, id=,S07, PRDE,actvstrat=,0.767634, actvprof=,0.001113, best_B_id=,B09, best_B_prof=,5.235810, best_B_strat=,-0.247459, best_S_id=,S00, best_S_prof=,4.970724, best_S_strat=,0.776691, 
t=,1101600, id=,B02, PRDE,actvstrat=,0.273808, actvprof=,0.002641, id=,B03, PRDE,actvstrat=,0.932898, actvprof=,0.029048, id=,B05, PRDE,actvstrat=,0.408398, actvprof=,0.732865, id=,B06, PRDE,actvstrat=,0.467773, actvprof=,2.109506, id=,B09, PRDE,actvstrat=,-0.247459, actvprof=,5.279463, id=,S00, PRDE,actvstrat=,0.776691, actvprof=,4.927415, id=,S02, PRDE,actvstrat=,0.821159, actvprof=,2.184835, id=,S05, PRDE,actvstrat=,0.922641, actvprof=,0.070465, id=,S06, PRDE,actvstrat=,-0.973159, actvprof=,0.008339, id=,S07, PRDE,actvstrat=,0.767634, actvprof=,0.000556, best_B_id=,B09, best_B_prof=,5.279463, best_B_strat=,-0.247459, best_S_id=,S00, best_S_prof=,4.927415, best_S_strat=,0.776691, 
t=,1105200, id=,B02, PRDE,actvstrat=,0.273808, actvprof=,0.000000, id=,B03, PRDE,actvstrat=,0.932898, actvprof=,0.026703, id=,B05, PRDE,actvstrat=,0.408398, actvprof=,0.732118, id=,B06, PRDE,actvstrat=,0.467773, actvprof=,2.140999, id=,B09, PRDE,actvstrat=,-0.247459, actvprof=,5.557642, id=,S00, PRDE,actvstrat=,0.776691, actvprof=,5.077537, id=,S02, PRDE,actvstrat=,0.821159, actvprof=,2.360746, id=,S05, PRDE,actvstrat=,0.922641, actvprof=,0.088177, id=,S06, PRDE,actvstrat=,-0.973159, actvprof=,0.011126, id=,S07, PRDE,actvstrat=,0.331123, actvprof=,0.000000, best_B_id=,B09, best_B_prof=,5.557642, best_B_strat=,-0.247459, best_S_id=,S00, best_S_prof=,5.077537, best_S_strat=,0.776691, 
t=,1108800, id=,B02, PRDE,actvstrat=,0.273808, actvprof=,0.000000, id=,B03, PRDE,actvstrat=,0.932898, actvprof=,0.026963, id=,B05, PRDE,actvstrat=,0.408398, actvprof=,0.696868, id=,B06, PRDE,actvstrat=,0.467773, actvprof=,2.115482, id=,B09, PRDE,actvstrat=,-0.247459, actvprof=,5.442492, id=,S00, PRDE,actvstrat=,0.776691, actvprof=,5.058617, id=,S02, PRDE,actvstrat=,0.821159, actvprof=,2.318677, id=,S05, PRDE,actvstrat=,0.922641, actvprof=,0.092008, id=,S06, PRDE,actvstrat=,-0.973159, actvprof=,0.018068, id=,S07, PRDE,actvstrat=,0.331123, actvprof=,0.000000, best_B_id=,B09, best_B_prof=,5.442492, best_B_strat=,-0.247459, best_S_id=,S00, best_S_prof=,5.058617, best_S_strat=,0.776691, 
t=,1112400, id=,B02, PRDE,actvstrat=,0.500053, actvprof=,0.004172, id=,B03, PRDE,actvstrat=,0.728349, actvprof=,0.045619, id=,B05, PRDE,actvstrat=,0.408398, actvprof=,0.783310, id=,B06, PRDE,actvstrat=,0.467773, actvprof=,2.267038, id=,B09, PRDE,actvstrat=,-0.247459, actvprof=,5.390821, id=,S00, PRDE,actvstrat=,0.776691, actvprof=,4.922670, id=,S02, PRDE,actvstrat=,0.821159, actvprof=,2.235049, id=,S05, PRDE,actvstrat=,0.922641, actvprof=,0.054798, id=,S06, PRDE,actvstrat=,-0.973159, actvprof=,0.008067, id=,S07, PRDE,actvstrat=,0.767634, actvprof=,0.002503, best_B_id=,B09, best_B_prof=,5.390821, best_B_strat=,-0.247459, best_S_id=,S00, best_S_prof=,4.922670, best_S_strat=,0.776691, 
t=,1116000, id=,B02, PRDE,actvstrat=,0.500053, actvprof=,0.003475, id=,B03, PRDE,actvstrat=,0.728349, actvprof=,0.038499, id=,B05, PRDE,actvstrat=,0.408398, actvprof=,0.796942, id=,B06, PRDE,actvstrat=,0.467773, actvprof=,2.225295, id=,B09, PRDE,actvstrat=,-0.247459, actvprof=,5.385129, id=,S00, PRDE,actvstrat=,0.776691, actvprof=,4.948297, id=,S02, PRDE,actvstrat=,0.821159, actvprof=,2.210841, id=,S05, PRDE,actvstrat=,0.922641, actvprof=,0.065045, id=,S06, PRDE,actvstrat=,-0.973159, actvprof=,0.008895, id=,S07, PRDE,actvstrat=,0.767634, actvprof=,0.001251, best_B_id=,B09, best_B_prof=,5.385129, best_B_strat=,-0.247459, best_S_id=,S00, best_S_prof=,4.948297, best_S_strat=,0.776691, 
t=,1119600, id=,B02, PRDE,actvstrat=,0.273808, actvprof=,0.005841, id=,B03, PRDE,actvstrat=,0.728349, actvprof=,0.028373, id=,B05, PRDE,actvstrat=,0.408398, actvprof=,0.822531, id=,B06, PRDE,actvstrat=,0.323074, actvprof=,2.035049, id=,B09, PRDE,actvstrat=,-0.247459, actvprof=,5.512378, id=,S00, PRDE,actvstrat=,0.776691, actvprof=,4.782754, id=,S02, PRDE,actvstrat=,0.821159, actvprof=,2.146592, id=,S05, PRDE,actvstrat=,0.922641, actvprof=,0.070654, id=,S06, PRDE,actvstrat=,-0.973159, actvprof=,0.013908, id=,S07, PRDE,actvstrat=,0.767634, actvprof=,0.000000, best_B_id=,B09, best_B_prof=,5.512378, best_B_strat=,-0.247459, best_S_id=,S00, best_S_prof=,4.782754, best_S_strat=,0.776691, 
t=,1123200, id=,B02, PRDE,actvstrat=,0.273808, actvprof=,0.002919, id=,B03, PRDE,actvstrat=,0.728349, actvprof=,0.028909, id=,B05, PRDE,actvstrat=,0.408398, actvprof=,0.832378, id=,B06, PRDE,actvstrat=,0.323074, actvprof=,2.074621, id=,B09, PRDE,actvstrat=,-0.247459, actvprof=,5.469594, id=,S00, PRDE,actvstrat=,0.776691, actvprof=,4.833323, id=,S02, PRDE,actvstrat=,0.821159, actvprof=,2.195120, id=,S05, PRDE,actvstrat=,0.922641, actvprof=,0.065740, id=,S06, PRDE,actvstrat=,-0.973159, actvprof=,0.015288, id=,S07, PRDE,actvstrat=,0.767634, actvprof=,0.001946, best_B_id=,B09, best_B_prof=,5.469594, best_B_strat=,-0.247459, best_S_id=,S00, best_S_prof=,4.833323, best_S_strat=,0.776691, 
t=,1126800, id=,B02, PRDE,actvstrat=,0.273808, actvprof=,0.002225, id=,B03, PRDE,actvstrat=,0.728349, actvprof=,0.022810, id=,B05, PRDE,actvstrat=,0.408398, actvprof=,0.786659, id=,B06, PRDE,actvstrat=,0.467773, actvprof=,2.220615, id=,B09, PRDE,actvstrat=,-0.247459, actvprof=,5.459881, id=,S00, PRDE,actvstrat=,0.776691, actvprof=,4.855979, id=,S02, PRDE,actvstrat=,0.821159, actvprof=,2.223119, id=,S05, PRDE,actvstrat=,0.922641, actvprof=,0.056746, id=,S06, PRDE,actvstrat=,0.926464, actvprof=,0.000556, id=,S07, PRDE,actvstrat=,0.767634, actvprof=,0.000000, best_B_id=,B09, best_B_prof=,5.459881, best_B_strat=,-0.247459, best_S_id=,S00, best_S_prof=,4.855979, best_S_strat=,0.776691, 
t=,1130400, id=,B02, PRDE,actvstrat=,0.273808, actvprof=,0.001390, id=,B03, PRDE,actvstrat=,0.728349, actvprof=,0.038916, id=,B05, PRDE,actvstrat=,0.408398, actvprof=,0.739685, id=,B06, PRDE,actvstrat=,0.467773, actvprof=,2.191259, id=,B09, PRDE,actvstrat=,-0.247459, actvprof=,5.506640, id=,S00, PRDE,actvstrat=,0.776691, actvprof=,4.994753, id=,S02, PRDE,actvstrat=,0.821159, actvprof=,2.201266, id=,S05, PRDE,actvstrat=,0.922641, actvprof=,0.059764, id=,S06, PRDE,actvstrat=,0.926464, actvprof=,0.004448, id=,S07, PRDE,actvstrat=,0.767634, actvprof=,0.000000, best_B_id=,B09, best_B_prof=,5.506640, best_B_strat=,-0.247459, best_S_id=,S00, best_S_prof=,4.994753, best_S_strat=,0.776691, 
t=,1134000, id=,B02, PRDE,actvstrat=,0.500053, actvprof=,0.001669, id=,B03, PRDE,actvstrat=,0.932898, actvprof=,0.027539, id=,B05, PRDE,actvstrat=,0.408398, actvprof=,0.634223, id=,B06, PRDE,actvstrat=,0.467773, actvprof=,1.869567, id=,B09, PRDE,actvstrat=,-0.247459, actvprof=,4.878232, id=,S00, PRDE,actvstrat=,0.776691, actvprof=,5.285192, id=,S02, PRDE,actvstrat=,0.821159, actvprof=,2.417280, id=,S05, PRDE,actvstrat=,-0.823293, actvprof=,0.000000, id=,S06, PRDE,actvstrat=,-0.973159, actvprof=,0.008345, id=,S07, PRDE,actvstrat=,0.767634, actvprof=,0.001391, best_B_id=,B09, best_B_prof=,4.878232, best_B_strat=,-0.247459, best_S_id=,S00, best_S_prof=,5.285192, best_S_strat=,0.776691, 
t=,1137600, id=,B02, PRDE,actvstrat=,0.500053, actvprof=,0.000834, id=,B03, PRDE,actvstrat=,0.932898, actvprof=,0.036136, id=,B05, PRDE,actvstrat=,0.408398, actvprof=,0.620157, id=,B06, PRDE,actvstrat=,0.467773, actvprof=,1.911758, id=,B09, PRDE,actvstrat=,-0.247459, actvprof=,4.916504, id=,S00, PRDE,actvstrat=,0.776691, actvprof=,5.286903, id=,S02, PRDE,actvstrat=,0.821159, actvprof=,2.404603, id=,S05, PRDE,actvstrat=,-0.823293, actvprof=,0.002224, id=,S06, PRDE,actvstrat=,-0.973159, actvprof=,0.006949, id=,S07, PRDE,actvstrat=,0.767634, actvprof=,0.000695, best_B_id=,B09, best_B_prof=,4.916504, best_B_strat=,-0.247459, best_S_id=,S00, best_S_prof=,5.286903, best_S_strat=,0.776691, 
t=,1141200, id=,B02, PRDE,actvstrat=,0.273808, actvprof=,0.000834, id=,B03, PRDE,actvstrat=,0.932898, actvprof=,0.021975, id=,B05, PRDE,actvstrat=,0.408398, actvprof=,0.725452, id=,B06, PRDE,actvstrat=,0.323074, actvprof=,2.017524, id=,B09, PRDE,actvstrat=,-0.247459, actvprof=,5.721558, id=,S00, PRDE,actvstrat=,0.776691, actvprof=,5.152712, id=,S02, PRDE,actvstrat=,0.821159, actvprof=,2.182754, id=,S05, PRDE,actvstrat=,0.922641, actvprof=,0.072879, id=,S06, PRDE,actvstrat=,-0.973159, actvprof=,0.011961, id=,S07, PRDE,actvstrat=,0.767634, actvprof=,0.003060, best_B_id=,B09, best_B_prof=,5.721558, best_B_strat=,-0.247459, best_S_id=,S00, best_S_prof=,5.152712, best_S_strat=,0.776691, 
t=,1144800, id=,B02, PRDE,actvstrat=,0.273808, actvprof=,0.000556, id=,B03, PRDE,actvstrat=,0.932898, actvprof=,0.028631, id=,B05, PRDE,actvstrat=,0.408398, actvprof=,0.749692, id=,B06, PRDE,actvstrat=,0.323074, actvprof=,1.962905, id=,B09, PRDE,actvstrat=,-0.247459, actvprof=,5.688295, id=,S00, PRDE,actvstrat=,0.776691, actvprof=,5.094823, id=,S02, PRDE,actvstrat=,0.821159, actvprof=,2.166242, id=,S05, PRDE,actvstrat=,0.922641, actvprof=,0.078527, id=,S06, PRDE,actvstrat=,-0.973159, actvprof=,0.014316, id=,S07, PRDE,actvstrat=,0.767634, actvprof=,0.001529, best_B_id=,B09, best_B_prof=,5.688295, best_B_strat=,-0.247459, best_S_id=,S00, best_S_prof=,5.094823, best_S_strat=,0.776691, 
t=,1148400, id=,B02, PRDE,actvstrat=,0.500053, actvprof=,0.000835, id=,B03, PRDE,actvstrat=,0.728349, actvprof=,0.026148, id=,B05, PRDE,actvstrat=,0.408398, actvprof=,0.614473, id=,B06, PRDE,actvstrat=,0.467773, actvprof=,1.924088, id=,B09, PRDE,actvstrat=,-0.247459, actvprof=,5.106886, id=,S00, PRDE,actvstrat=,0.776691, actvprof=,5.209530, id=,S02, PRDE,actvstrat=,0.505789, actvprof=,1.308224, id=,S05, PRDE,actvstrat=,0.922641, actvprof=,0.081225, id=,S06, PRDE,actvstrat=,-0.973159, actvprof=,0.008345, id=,S07, PRDE,actvstrat=,0.767634, actvprof=,0.000000, best_B_id=,B09, best_B_prof=,5.106886, best_B_strat=,-0.247459, best_S_id=,S00, best_S_prof=,5.209530, best_S_strat=,0.776691, 
t=,1152000, id=,B02, PRDE,actvstrat=,0.500053, actvprof=,0.001668, id=,B03, PRDE,actvstrat=,0.728349, actvprof=,0.028353, id=,B05, PRDE,actvstrat=,0.408398, actvprof=,0.584299, id=,B06, PRDE,actvstrat=,0.467773, actvprof=,1.845044, id=,B09, PRDE,actvstrat=,-0.247459, actvprof=,5.053683, id=,S00, PRDE,actvstrat=,0.776691, actvprof=,5.313032, id=,S02, PRDE,actvstrat=,0.505789, actvprof=,1.328432, id=,S05, PRDE,actvstrat=,0.922641, actvprof=,0.102989, id=,S06, PRDE,actvstrat=,-0.973159, actvprof=,0.005559, id=,S07, PRDE,actvstrat=,0.767634, actvprof=,0.000000, best_B_id=,B09, best_B_prof=,5.053683, best_B_strat=,-0.247459, best_S_id=,S00, best_S_prof=,5.313032, best_S_strat=,0.776691, 
t=,1155600, id=,B02, PRDE,actvstrat=,0.500053, actvprof=,0.002504, id=,B03, PRDE,actvstrat=,0.932898, actvprof=,0.029486, id=,B05, PRDE,actvstrat=,0.408398, actvprof=,0.754670, id=,B06, PRDE,actvstrat=,0.467773, actvprof=,2.159696, id=,B09, PRDE,actvstrat=,-0.247459, actvprof=,5.416487, id=,S00, PRDE,actvstrat=,0.776691, actvprof=,5.083520, id=,S02, PRDE,actvstrat=,0.821159, actvprof=,2.213661, id=,S05, PRDE,actvstrat=,0.922641, actvprof=,0.069542, id=,S06, PRDE,actvstrat=,0.926464, actvprof=,0.010849, id=,S07, PRDE,actvstrat=,0.767634, actvprof=,0.000000, best_B_id=,B09, best_B_prof=,5.416487, best_B_strat=,-0.247459, best_S_id=,S00, best_S_prof=,5.083520, best_S_strat=,0.776691, 
t=,1159200, id=,B02, PRDE,actvstrat=,0.500053, actvprof=,0.001529, id=,B03, PRDE,actvstrat=,0.932898, actvprof=,0.027241, id=,B05, PRDE,actvstrat=,0.408398, actvprof=,0.711327, id=,B06, PRDE,actvstrat=,0.467773, actvprof=,2.138151, id=,B09, PRDE,actvstrat=,-0.247459, actvprof=,5.457262, id=,S00, PRDE,actvstrat=,0.776691, actvprof=,5.188047, id=,S02, PRDE,actvstrat=,0.821159, actvprof=,2.268520, id=,S05, PRDE,actvstrat=,0.922641, actvprof=,0.065462, id=,S06, PRDE,actvstrat=,0.926464, actvprof=,0.013621, id=,S07, PRDE,actvstrat=,0.767634, actvprof=,0.000695, best_B_id=,B09, best_B_prof=,5.457262, best_B_strat=,-0.247459, best_S_id=,S00, best_S_prof=,5.188047, best_S_strat=,0.776691, 
t=,1162800, id=,B02, PRDE,actvstrat=,0.273808, actvprof=,0.000000, id=,B03, PRDE,actvstrat=,0.728349, actvprof=,0.040613, id=,B05, PRDE,actvstrat=,0.408398, actvprof=,0.875395, id=,B06, PRDE,actvstrat=,0.467773, actvprof=,2.215608, id=,B09, PRDE,actvstrat=,-0.247459, actvprof=,5.627617, id=,S00, PRDE,actvstrat=,0.776691, actvprof=,4.932753, id=,S02, PRDE,actvstrat=,0.821159, actvprof=,2.246206, id=,S05, PRDE,actvstrat=,0.922641, actvprof=,0.088457, id=,S06, PRDE,actvstrat=,-0.973159, actvprof=,0.002782, id=,S07, PRDE,actvstrat=,0.767634, actvprof=,0.001669, best_B_id=,B09, best_B_prof=,5.627617, best_B_strat=,-0.247459, best_S_id=,S00, best_S_prof=,4.932753, best_S_strat=,0.776691, 
t=,1166400, id=,B02, PRDE,actvstrat=,0.273808, actvprof=,0.002224, id=,B03, PRDE,actvstrat=,0.728349, actvprof=,0.040167, id=,B05, PRDE,actvstrat=,0.408398, actvprof=,0.798616, id=,B06, PRDE,actvstrat=,0.467773, actvprof=,2.087297, id=,B09, PRDE,actvstrat=,-0.247459, actvprof=,5.448127, id=,S00, PRDE,actvstrat=,0.776691, actvprof=,5.072725, id=,S02, PRDE,actvstrat=,0.821159, actvprof=,2.358321, id=,S05, PRDE,actvstrat=,0.922641, actvprof=,0.085060, id=,S06, PRDE,actvstrat=,-0.973159, actvprof=,0.007783, id=,S07, PRDE,actvstrat=,0.767634, actvprof=,0.000834, best_B_id=,B09, best_B_prof=,5.448127, best_B_strat=,-0.247459, best_S_id=,S00, best_S_prof=,5.072725, best_S_strat=,0.776691, 
t=,1170000, id=,B02, PRDE,actvstrat=,0.273808, actvprof=,0.000278, id=,B03, PRDE,actvstrat=,0.728349, actvprof=,0.026982, id=,B05, PRDE,actvstrat=,0.088840, actvprof=,0.640065, id=,B06, PRDE,actvstrat=,0.467773, actvprof=,2.094883, id=,B09, PRDE,actvstrat=,-0.247459, actvprof=,5.357794, id=,S00, PRDE,actvstrat=,0.776691, actvprof=,5.123576, id=,S02, PRDE,actvstrat=,0.821159, actvprof=,2.249823, id=,S05, PRDE,actvstrat=,-0.823293, actvprof=,0.000000, id=,S06, PRDE,actvstrat=,-0.973159, actvprof=,0.013908, id=,S07, PRDE,actvstrat=,0.767634, actvprof=,0.002782, best_B_id=,B09, best_B_prof=,5.357794, best_B_strat=,-0.247459, best_S_id=,S00, best_S_prof=,5.123576, best_S_strat=,0.776691, 
t=,1173600, id=,B02, PRDE,actvstrat=,0.273808, actvprof=,0.000139, id=,B03, PRDE,actvstrat=,0.728349, actvprof=,0.041418, id=,B05, PRDE,actvstrat=,0.088840, actvprof=,0.639893, id=,B06, PRDE,actvstrat=,0.467773, actvprof=,2.191259, id=,B09, PRDE,actvstrat=,-0.247459, actvprof=,5.393505, id=,S00, PRDE,actvstrat=,0.776691, actvprof=,5.029222, id=,S02, PRDE,actvstrat=,0.821159, actvprof=,2.192093, id=,S05, PRDE,actvstrat=,-0.823293, actvprof=,0.000000, id=,S06, PRDE,actvstrat=,-0.973159, actvprof=,0.015150, id=,S07, PRDE,actvstrat=,0.767634, actvprof=,0.002780, best_B_id=,B09, best_B_prof=,5.393505, best_B_strat=,-0.247459, best_S_id=,S00, best_S_prof=,5.029222, best_S_strat=,0.776691, 
t=,1177200, id=,B02, PRDE,actvstrat=,0.273808, actvprof=,0.000278, id=,B03, PRDE,actvstrat=,0.932898, actvprof=,0.033102, id=,B05, PRDE,actvstrat=,0.408398, actvprof=,0.734096, id=,B06, PRDE,actvstrat=,0.467773, actvprof=,2.012017, id=,B09, PRDE,actvstrat=,-0.247459, actvprof=,5.385129, id=,S00, PRDE,actvstrat=,0.776691, actvprof=,5.119475, id=,S02, PRDE,actvstrat=,0.821159, actvprof=,2.300481, id=,S05, PRDE,actvstrat=,0.922641, actvprof=,0.067039, id=,S06, PRDE,actvstrat=,-0.973159, actvprof=,0.016968, id=,S07, PRDE,actvstrat=,0.767634, actvprof=,0.000000, best_B_id=,B09, best_B_prof=,5.385129, best_B_strat=,-0.247459, best_S_id=,S00, best_S_prof=,5.119475, best_S_strat=,0.776691, 
t=,1180800, id=,B02, PRDE,actvstrat=,0.273808, actvprof=,0.000973, id=,B03, PRDE,actvstrat=,0.932898, actvprof=,0.032523, id=,B05, PRDE,actvstrat=,0.408398, actvprof=,0.781665, id=,B06, PRDE,actvstrat=,0.467773, actvprof=,2.098987, id=,B09, PRDE,actvstrat=,-0.247459, actvprof=,5.456921, id=,S00, PRDE,actvstrat=,0.776691, actvprof=,5.166020, id=,S02, PRDE,actvstrat=,0.821159, actvprof=,2.275084, id=,S05, PRDE,actvstrat=,0.922641, actvprof=,0.077972, id=,S06, PRDE,actvstrat=,-0.973159, actvprof=,0.012648, id=,S07, PRDE,actvstrat=,0.767634, actvprof=,0.000139, best_B_id=,B09, best_B_prof=,5.456921, best_B_strat=,-0.247459, best_S_id=,S00, best_S_prof=,5.166020, best_S_strat=,0.776691, 
t=,1184400, id=,B02, PRDE,actvstrat=,0.500053, actvprof=,0.001113, id=,B03, PRDE,actvstrat=,0.728349, actvprof=,0.037831, id=,B05, PRDE,actvstrat=,0.408398, actvprof=,0.574425, id=,B06, PRDE,actvstrat=,0.467773, actvprof=,1.958886, id=,B09, PRDE,actvstrat=,0.942420, actvprof=,7.147348, id=,S00, PRDE,actvstrat=,0.776691, actvprof=,5.088320, id=,S02, PRDE,actvstrat=,0.821159, actvprof=,2.354447, id=,S05, PRDE,actvstrat=,0.922641, actvprof=,0.186653, id=,S06, PRDE,actvstrat=,-0.973159, actvprof=,0.064536, id=,S07, PRDE,actvstrat=,0.767634, actvprof=,0.005007, best_B_id=,B09, best_B_prof=,7.147348, best_B_strat=,0.942420, best_S_id=,S00, best_S_prof=,5.088320, best_S_strat=,0.776691, 
t=,1188000, id=,B02, PRDE,actvstrat=,0.500053, actvprof=,0.003336, id=,B03, PRDE,actvstrat=,0.728349, actvprof=,0.029465, id=,B05, PRDE,actvstrat=,0.408398, actvprof=,0.613629, id=,B06, PRDE,actvstrat=,0.467773, actvprof=,1.945545, id=,B09, PRDE,actvstrat=,0.942420, actvprof=,7.175499, id=,S00, PRDE,actvstrat=,0.776691, actvprof=,5.178251, id=,S02, PRDE,actvstrat=,0.821159, actvprof=,2.347218, id=,S05, PRDE,actvstrat=,0.922641, actvprof=,0.188745, id=,S06, PRDE,actvstrat=,-0.973159, actvprof=,0.061988, id=,S07, PRDE,actvstrat=,0.767634, actvprof=,0.003614, best_B_id=,B09, best_B_prof=,7.175499, best_B_strat=,0.942420, best_S_id=,S00, best_S_prof=,5.178251, best_S_strat=,0.776691, 
t=,1191600, id=,B02, PRDE,actvstrat=,0.273808, actvprof=,0.003060, id=,B03, PRDE,actvstrat=,0.728349, actvprof=,0.024757, id=,B05, PRDE,actvstrat=,0.408398, actvprof=,0.691257, id=,B06, PRDE,actvstrat=,0.467773, actvprof=,2.064592, id=,B09, PRDE,actvstrat=,-0.247459, actvprof=,5.221842, id=,S00, PRDE,actvstrat=,0.776691, actvprof=,4.792067, id=,S02, PRDE,actvstrat=,0.821159, actvprof=,2.378369, id=,S05, PRDE,actvstrat=,0.922641, actvprof=,0.065927, id=,S06, PRDE,actvstrat=,-0.973159, actvprof=,0.013909, id=,S07, PRDE,actvstrat=,0.767634, actvprof=,0.000000, best_B_id=,B09, best_B_prof=,5.221842, best_B_strat=,-0.247459, best_S_id=,S00, best_S_prof=,4.792067, best_S_strat=,0.776691, 
t=,1195200, id=,B02, PRDE,actvstrat=,0.273808, actvprof=,0.004448, id=,B03, PRDE,actvstrat=,0.728349, actvprof=,0.024462, id=,B05, PRDE,actvstrat=,0.408398, actvprof=,0.745806, id=,B06, PRDE,actvstrat=,0.467773, actvprof=,2.124838, id=,B09, PRDE,actvstrat=,-0.247459, actvprof=,5.389512, id=,S00, PRDE,actvstrat=,0.776691, actvprof=,4.893188, id=,S02, PRDE,actvstrat=,0.821159, actvprof=,2.293569, id=,S05, PRDE,actvstrat=,0.922641, actvprof=,0.070050, id=,S06, PRDE,actvstrat=,-0.973159, actvprof=,0.012509, id=,S07, PRDE,actvstrat=,0.767634, actvprof=,0.000556, best_B_id=,B09, best_B_prof=,5.389512, best_B_strat=,-0.247459, best_S_id=,S00, best_S_prof=,4.893188, best_S_strat=,0.776691, 
t=,1198800, id=,B02, PRDE,actvstrat=,0.500053, actvprof=,0.005842, id=,B03, PRDE,actvstrat=,0.728349, actvprof=,0.026706, id=,B05, PRDE,actvstrat=,0.408398, actvprof=,0.792823, id=,B06, PRDE,actvstrat=,0.467773, actvprof=,2.095278, id=,B09, PRDE,actvstrat=,-0.247459, actvprof=,5.150289, id=,S00, PRDE,actvstrat=,0.776691, actvprof=,5.094930, id=,S02, PRDE,actvstrat=,0.821159, actvprof=,2.320606, id=,S05, PRDE,actvstrat=,0.922641, actvprof=,0.079004, id=,S06, PRDE,actvstrat=,0.926464, actvprof=,0.011127, id=,S07, PRDE,actvstrat=,0.767634, actvprof=,0.000278, best_B_id=,B09, best_B_prof=,5.150289, best_B_strat=,-0.247459, best_S_id=,S00, best_S_prof=,5.094930, best_S_strat=,0.776691, 
t=,1202400, id=,B02, PRDE,actvstrat=,0.500053, actvprof=,0.002919, id=,B03, PRDE,actvstrat=,0.728349, actvprof=,0.032106, id=,B05, PRDE,actvstrat=,0.408398, actvprof=,0.780269, id=,B06, PRDE,actvstrat=,0.467773, actvprof=,2.129827, id=,B09, PRDE,actvstrat=,-0.247459, actvprof=,5.331100, id=,S00, PRDE,actvstrat=,0.776691, actvprof=,5.018103, id=,S02, PRDE,actvstrat=,0.821159, actvprof=,2.255332, id=,S05, PRDE,actvstrat=,0.922641, actvprof=,0.068659, id=,S06, PRDE,actvstrat=,0.926464, actvprof=,0.010007, id=,S07, PRDE,actvstrat=,0.767634, actvprof=,0.000834, best_B_id=,B09, best_B_prof=,5.331100, best_B_strat=,-0.247459, best_S_id=,S00, best_S_prof=,5.018103, best_S_strat=,0.776691, 
t=,1206000, id=,B02, PRDE,actvstrat=,0.273808, actvprof=,0.001669, id=,B03, PRDE,actvstrat=,0.932898, actvprof=,0.023924, id=,B05, PRDE,actvstrat=,0.408398, actvprof=,0.661242, id=,B06, PRDE,actvstrat=,0.467773, actvprof=,2.148689, id=,B09, PRDE,actvstrat=,-0.247459, actvprof=,5.284095, id=,S00, PRDE,actvstrat=,0.776691, actvprof=,5.024828, id=,S02, PRDE,actvstrat=,0.821159, actvprof=,2.307532, id=,S05, PRDE,actvstrat=,0.922641, actvprof=,0.074275, id=,S06, PRDE,actvstrat=,-0.973159, actvprof=,0.019473, id=,S07, PRDE,actvstrat=,0.767634, actvprof=,0.000000, best_B_id=,B09, best_B_prof=,5.284095, best_B_strat=,-0.247459, best_S_id=,S00, best_S_prof=,5.024828, best_S_strat=,0.776691, 
t=,1209600, id=,B02, PRDE,actvstrat=,0.273808, actvprof=,0.000834, id=,B03, PRDE,actvstrat=,0.932898, actvprof=,0.027520, id=,B05, PRDE,actvstrat=,0.408398, actvprof=,0.686890, id=,B06, PRDE,actvstrat=,0.467773, actvprof=,2.162132, id=,B09, PRDE,actvstrat=,-0.247459, actvprof=,5.333194, id=,S00, PRDE,actvstrat=,0.776691, actvprof=,5.037145, id=,S02, PRDE,actvstrat=,0.821159, actvprof=,2.259564, id=,S05, PRDE,actvstrat=,0.922641, actvprof=,0.078252, id=,S06, PRDE,actvstrat=,-0.973159, actvprof=,0.011119, id=,S07, PRDE,actvstrat=,0.767634, actvprof=,0.000000, best_B_id=,B09, best_B_prof=,5.333194, best_B_strat=,-0.247459, best_S_id=,S00, best_S_prof=,5.037145, best_S_strat=,0.776691, 
t=,1213200, id=,B02, PRDE,actvstrat=,0.500053, actvprof=,0.000278, id=,B03, PRDE,actvstrat=,0.932898, actvprof=,0.040615, id=,B05, PRDE,actvstrat=,0.408398, actvprof=,0.744151, id=,B06, PRDE,actvstrat=,0.467773, actvprof=,2.031046, id=,B09, PRDE,actvstrat=,-0.247459, actvprof=,5.420480, id=,S00, PRDE,actvstrat=,0.776691, actvprof=,5.029349, id=,S02, PRDE,actvstrat=,0.821159, actvprof=,2.183771, id=,S05, PRDE,actvstrat=,0.922641, actvprof=,0.093471, id=,S06, PRDE,actvstrat=,-0.973159, actvprof=,0.011127, id=,S07, PRDE,actvstrat=,0.767634, actvprof=,0.000000, best_B_id=,B09, best_B_prof=,5.420480, best_B_strat=,-0.247459, best_S_id=,S00, best_S_prof=,5.029349, best_S_strat=,0.776691, 
t=,1216800, id=,B02, PRDE,actvstrat=,0.500053, actvprof=,0.000139, id=,B03, PRDE,actvstrat=,0.932898, actvprof=,0.032107, id=,B05, PRDE,actvstrat=,0.408398, actvprof=,0.738877, id=,B06, PRDE,actvstrat=,0.467773, actvprof=,2.072220, id=,B09, PRDE,actvstrat=,-0.247459, actvprof=,5.360057, id=,S00, PRDE,actvstrat=,0.776691, actvprof=,4.999375, id=,S02, PRDE,actvstrat=,0.821159, actvprof=,2.202872, id=,S05, PRDE,actvstrat=,0.922641, actvprof=,0.093680, id=,S06, PRDE,actvstrat=,-0.973159, actvprof=,0.011119, id=,S07, PRDE,actvstrat=,0.767634, actvprof=,0.000139, best_B_id=,B09, best_B_prof=,5.360057, best_B_strat=,-0.247459, best_S_id=,S00, best_S_prof=,4.999375, best_S_strat=,0.776691, 
t=,1220400, id=,B02, PRDE,actvstrat=,0.500053, actvprof=,0.004729, id=,B03, PRDE,actvstrat=,0.932898, actvprof=,0.042563, id=,B05, PRDE,actvstrat=,0.408398, actvprof=,0.711603, id=,B06, PRDE,actvstrat=,0.467773, actvprof=,2.113111, id=,B09, PRDE,actvstrat=,-0.247459, actvprof=,5.156759, id=,S00, PRDE,actvstrat=,0.776691, actvprof=,5.269146, id=,S02, PRDE,actvstrat=,0.821159, actvprof=,2.272512, id=,S05, PRDE,actvstrat=,0.910968, actvprof=,0.086794, id=,S06, PRDE,actvstrat=,-0.973159, actvprof=,0.014188, id=,S07, PRDE,actvstrat=,0.767634, actvprof=,0.001947, best_B_id=,B09, best_B_prof=,5.156759, best_B_strat=,-0.247459, best_S_id=,S00, best_S_prof=,5.269146, best_S_strat=,0.776691, 
t=,1224000, id=,B02, PRDE,actvstrat=,0.500053, actvprof=,0.002363, id=,B03, PRDE,actvstrat=,0.932898, actvprof=,0.040586, id=,B05, PRDE,actvstrat=,0.408398, actvprof=,0.661325, id=,B06, PRDE,actvstrat=,0.467773, actvprof=,2.067647, id=,B09, PRDE,actvstrat=,-0.247459, actvprof=,5.251680, id=,S00, PRDE,actvstrat=,0.776691, actvprof=,5.208731, id=,S02, PRDE,actvstrat=,0.821159, actvprof=,2.298374, id=,S05, PRDE,actvstrat=,0.910968, actvprof=,0.086036, id=,S06, PRDE,actvstrat=,-0.973159, actvprof=,0.011258, id=,S07, PRDE,actvstrat=,0.767634, actvprof=,0.002085, best_B_id=,B09, best_B_prof=,5.251680, best_B_strat=,-0.247459, best_S_id=,S00, best_S_prof=,5.208731, best_S_strat=,0.776691, 
t=,1227600, id=,B02, PRDE,actvstrat=,0.273808, actvprof=,0.002226, id=,B03, PRDE,actvstrat=,0.932898, actvprof=,0.036721, id=,B05, PRDE,actvstrat=,0.408398, actvprof=,0.722741, id=,B06, PRDE,actvstrat=,0.467773, actvprof=,2.007984, id=,B09, PRDE,actvstrat=,-0.247459, actvprof=,5.238062, id=,S00, PRDE,actvstrat=,0.776691, actvprof=,5.099245, id=,S02, PRDE,actvstrat=,0.821159, actvprof=,2.386602, id=,S05, PRDE,actvstrat=,0.910968, actvprof=,0.070382, id=,S06, PRDE,actvstrat=,-0.973159, actvprof=,0.005564, id=,S07, PRDE,actvstrat=,0.767634, actvprof=,0.001113, best_B_id=,B09, best_B_prof=,5.238062, best_B_strat=,-0.247459, best_S_id=,S00, best_S_prof=,5.099245, best_S_strat=,0.776691, 
t=,1231200, id=,B02, PRDE,actvstrat=,0.273808, actvprof=,0.004448, id=,B03, PRDE,actvstrat=,0.932898, actvprof=,0.028493, id=,B05, PRDE,actvstrat=,0.408398, actvprof=,0.679950, id=,B06, PRDE,actvstrat=,0.467773, actvprof=,2.048884, id=,B09, PRDE,actvstrat=,-0.247459, actvprof=,5.333963, id=,S00, PRDE,actvstrat=,0.776691, actvprof=,5.113522, id=,S02, PRDE,actvstrat=,0.821159, actvprof=,2.401368, id=,S05, PRDE,actvstrat=,0.910968, actvprof=,0.077697, id=,S06, PRDE,actvstrat=,-0.973159, actvprof=,0.007089, id=,S07, PRDE,actvstrat=,0.767634, actvprof=,0.000556, best_B_id=,B09, best_B_prof=,5.333963, best_B_strat=,-0.247459, best_S_id=,S00, best_S_prof=,5.113522, best_S_strat=,0.776691, 
t=,1234800, id=,B02, PRDE,actvstrat=,0.500053, actvprof=,0.004729, id=,B03, PRDE,actvstrat=,0.728349, actvprof=,0.047014, id=,B05, PRDE,actvstrat=,0.408398, actvprof=,0.800634, id=,B06, PRDE,actvstrat=,0.467773, actvprof=,2.289792, id=,B09, PRDE,actvstrat=,-0.247459, actvprof=,5.222483, id=,S00, PRDE,actvstrat=,0.776691, actvprof=,4.775987, id=,S02, PRDE,actvstrat=,0.821159, actvprof=,2.117591, id=,S05, PRDE,actvstrat=,0.922641, actvprof=,0.067044, id=,S06, PRDE,actvstrat=,-0.973159, actvprof=,0.014744, id=,S07, PRDE,actvstrat=,0.767634, actvprof=,0.000000, best_B_id=,B09, best_B_prof=,5.222483, best_B_strat=,-0.247459, best_S_id=,S00, best_S_prof=,4.775987, best_S_strat=,0.776691, 
t=,1238400, id=,B02, PRDE,actvstrat=,0.500053, actvprof=,0.006394, id=,B03, PRDE,actvstrat=,0.728349, actvprof=,0.034470, id=,B05, PRDE,actvstrat=,0.408398, actvprof=,0.777383, id=,B06, PRDE,actvstrat=,0.467773, actvprof=,2.125746, id=,B09, PRDE,actvstrat=,-0.247459, actvprof=,5.286845, id=,S00, PRDE,actvstrat=,0.776691, actvprof=,4.940199, id=,S02, PRDE,actvstrat=,0.821159, actvprof=,2.189266, id=,S05, PRDE,actvstrat=,0.922641, actvprof=,0.089233, id=,S06, PRDE,actvstrat=,-0.973159, actvprof=,0.012370, id=,S07, PRDE,actvstrat=,0.767634, actvprof=,0.000000, best_B_id=,B09, best_B_prof=,5.286845, best_B_strat=,-0.247459, best_S_id=,S00, best_S_prof=,4.940199, best_S_strat=,0.776691, 
t=,1242000, id=,B02, PRDE,actvstrat=,0.273808, actvprof=,0.000000, id=,B03, PRDE,actvstrat=,0.932898, actvprof=,0.035887, id=,B05, PRDE,actvstrat=,0.408398, actvprof=,0.759740, id=,B06, PRDE,actvstrat=,0.467773, actvprof=,2.093111, id=,B09, PRDE,actvstrat=,-0.247459, actvprof=,5.204123, id=,S00, PRDE,actvstrat=,0.776691, actvprof=,5.118996, id=,S02, PRDE,actvstrat=,0.821159, actvprof=,2.332911, id=,S05, PRDE,actvstrat=,0.910968, actvprof=,0.061758, id=,S06, PRDE,actvstrat=,-0.973159, actvprof=,0.011128, id=,S07, PRDE,actvstrat=,0.767634, actvprof=,0.002226, best_B_id=,B09, best_B_prof=,5.204123, best_B_strat=,-0.247459, best_S_id=,S00, best_S_prof=,5.118996, best_S_strat=,0.776691, 
t=,1245600, id=,B02, PRDE,actvstrat=,0.273808, actvprof=,0.000278, id=,B03, PRDE,actvstrat=,0.932898, actvprof=,0.032663, id=,B05, PRDE,actvstrat=,0.408398, actvprof=,0.788503, id=,B06, PRDE,actvstrat=,0.467773, actvprof=,2.168139, id=,B09, PRDE,actvstrat=,-0.247459, actvprof=,5.355229, id=,S00, PRDE,actvstrat=,0.776691, actvprof=,5.021231, id=,S02, PRDE,actvstrat=,0.821159, actvprof=,2.337848, id=,S05, PRDE,actvstrat=,0.910968, actvprof=,0.053790, id=,S06, PRDE,actvstrat=,-0.973159, actvprof=,0.008340, id=,S07, PRDE,actvstrat=,0.767634, actvprof=,0.001112, best_B_id=,B09, best_B_prof=,5.355229, best_B_strat=,-0.247459, best_S_id=,S00, best_S_prof=,5.021231, best_S_strat=,0.776691, 
t=,1249200, id=,B02, PRDE,actvstrat=,0.273808, actvprof=,0.004451, id=,B03, PRDE,actvstrat=,0.728349, actvprof=,0.036723, id=,B05, PRDE,actvstrat=,0.408398, actvprof=,0.765614, id=,B06, PRDE,actvstrat=,0.467773, actvprof=,2.056475, id=,B09, PRDE,actvstrat=,-0.247459, actvprof=,5.508972, id=,S00, PRDE,actvstrat=,0.776691, actvprof=,5.084713, id=,S02, PRDE,actvstrat=,0.821159, actvprof=,2.279872, id=,S05, PRDE,actvstrat=,0.922641, actvprof=,0.075115, id=,S06, PRDE,actvstrat=,-0.973159, actvprof=,0.005564, id=,S07, PRDE,actvstrat=,0.331123, actvprof=,0.000000, best_B_id=,B09, best_B_prof=,5.508972, best_B_strat=,-0.247459, best_S_id=,S00, best_S_prof=,5.084713, best_S_strat=,0.776691, 
t=,1252800, id=,B02, PRDE,actvstrat=,0.273808, actvprof=,0.003753, id=,B03, PRDE,actvstrat=,0.728349, actvprof=,0.041143, id=,B05, PRDE,actvstrat=,0.408398, actvprof=,0.782826, id=,B06, PRDE,actvstrat=,0.467773, actvprof=,2.118161, id=,B09, PRDE,actvstrat=,-0.247459, actvprof=,5.378729, id=,S00, PRDE,actvstrat=,0.776691, actvprof=,5.090035, id=,S02, PRDE,actvstrat=,0.821159, actvprof=,2.231164, id=,S05, PRDE,actvstrat=,0.922641, actvprof=,0.080757, id=,S06, PRDE,actvstrat=,-0.973159, actvprof=,0.007506, id=,S07, PRDE,actvstrat=,0.331123, actvprof=,0.000000, best_B_id=,B09, best_B_prof=,5.378729, best_B_strat=,-0.247459, best_S_id=,S00, best_S_prof=,5.090035, best_S_strat=,0.776691, 
t=,1256400, id=,B02, PRDE,actvstrat=,0.273808, actvprof=,0.010015, id=,B03, PRDE,actvstrat=,0.728349, actvprof=,0.032550, id=,B05, PRDE,actvstrat=,0.408398, actvprof=,0.721102, id=,B06, PRDE,actvstrat=,0.467773, actvprof=,2.149673, id=,B09, PRDE,actvstrat=,-0.247459, actvprof=,5.498957, id=,S00, PRDE,actvstrat=,0.776691, actvprof=,5.002087, id=,S02, PRDE,actvstrat=,0.821159, actvprof=,2.266518, id=,S05, PRDE,actvstrat=,0.922641, actvprof=,0.100431, id=,S06, PRDE,actvstrat=,-0.973159, actvprof=,0.011685, id=,S07, PRDE,actvstrat=,0.767634, actvprof=,0.000000, best_B_id=,B09, best_B_prof=,5.498957, best_B_strat=,-0.247459, best_S_id=,S00, best_S_prof=,5.002087, best_S_strat=,0.776691, 
t=,1260000, id=,B02, PRDE,actvstrat=,0.273808, actvprof=,0.005421, id=,B03, PRDE,actvstrat=,0.728349, actvprof=,0.031413, id=,B05, PRDE,actvstrat=,0.408398, actvprof=,0.713189, id=,B06, PRDE,actvstrat=,0.467773, actvprof=,2.126917, id=,B09, PRDE,actvstrat=,-0.247459, actvprof=,5.388320, id=,S00, PRDE,actvstrat=,0.776691, actvprof=,5.087533, id=,S02, PRDE,actvstrat=,0.821159, actvprof=,2.297743, id=,S05, PRDE,actvstrat=,0.922641, actvprof=,0.086178, id=,S06, PRDE,actvstrat=,-0.973159, actvprof=,0.007228, id=,S07, PRDE,actvstrat=,0.767634, actvprof=,0.000000, best_B_id=,B09, best_B_prof=,5.388320, best_B_strat=,-0.247459, best_S_id=,S00, best_S_prof=,5.087533, best_S_strat=,0.776691, 
t=,1263600, id=,B02, PRDE,actvstrat=,0.500053, actvprof=,0.003338, id=,B03, PRDE,actvstrat=,0.728349, actvprof=,0.032550, id=,B05, PRDE,actvstrat=,0.408398, actvprof=,0.879968, id=,B06, PRDE,actvstrat=,0.323074, actvprof=,1.937988, id=,B09, PRDE,actvstrat=,-0.247459, actvprof=,5.545216, id=,S00, PRDE,actvstrat=,0.776691, actvprof=,4.822713, id=,S02, PRDE,actvstrat=,0.821159, actvprof=,2.237616, id=,S05, PRDE,actvstrat=,0.922641, actvprof=,0.060093, id=,S06, PRDE,actvstrat=,-0.973159, actvprof=,0.015580, id=,S07, PRDE,actvstrat=,0.767634, actvprof=,0.000000, best_B_id=,B09, best_B_prof=,5.545216, best_B_strat=,-0.247459, best_S_id=,S00, best_S_prof=,4.822713, best_S_strat=,0.776691, 
t=,1267200, id=,B02, PRDE,actvstrat=,0.500053, actvprof=,0.002641, id=,B03, PRDE,actvstrat=,0.728349, actvprof=,0.033359, id=,B05, PRDE,actvstrat=,0.408398, actvprof=,0.840086, id=,B06, PRDE,actvstrat=,0.323074, actvprof=,1.987907, id=,B09, PRDE,actvstrat=,-0.247459, actvprof=,5.421642, id=,S00, PRDE,actvstrat=,0.776691, actvprof=,4.924039, id=,S02, PRDE,actvstrat=,0.821159, actvprof=,2.148030, id=,S05, PRDE,actvstrat=,0.922641, actvprof=,0.065745, id=,S06, PRDE,actvstrat=,-0.973159, actvprof=,0.013066, id=,S07, PRDE,actvstrat=,0.767634, actvprof=,0.000000, best_B_id=,B09, best_B_prof=,5.421642, best_B_strat=,-0.247459, best_S_id=,S00, best_S_prof=,4.924039, best_S_strat=,0.776691, 
t=,1270800, id=,B02, PRDE,actvstrat=,0.500053, actvprof=,0.001113, id=,B03, PRDE,actvstrat=,0.932898, actvprof=,0.018083, id=,B05, PRDE,actvstrat=,0.408398, actvprof=,0.744471, id=,B06, PRDE,actvstrat=,0.467773, actvprof=,2.110168, id=,B09, PRDE,actvstrat=,-0.247459, actvprof=,5.235777, id=,S00, PRDE,actvstrat=,0.776691, actvprof=,5.183753, id=,S02, PRDE,actvstrat=,0.821159, actvprof=,2.331340, id=,S05, PRDE,actvstrat=,0.922641, actvprof=,0.084017, id=,S06, PRDE,actvstrat=,0.437588, actvprof=,0.011128, id=,S07, PRDE,actvstrat=,0.767634, actvprof=,0.001947, best_B_id=,B09, best_B_prof=,5.235777, best_B_strat=,-0.247459, best_S_id=,S00, best_S_prof=,5.183753, best_S_strat=,0.776691, 
t=,1274400, id=,B02, PRDE,actvstrat=,0.500053, actvprof=,0.002224, id=,B03, PRDE,actvstrat=,0.932898, actvprof=,0.029189, id=,B05, PRDE,actvstrat=,0.408398, actvprof=,0.741961, id=,B06, PRDE,actvstrat=,0.467773, actvprof=,2.171257, id=,B09, PRDE,actvstrat=,-0.247459, actvprof=,5.314930, id=,S00, PRDE,actvstrat=,0.776691, actvprof=,5.099069, id=,S02, PRDE,actvstrat=,0.821159, actvprof=,2.298299, id=,S05, PRDE,actvstrat=,0.922641, actvprof=,0.068247, id=,S06, PRDE,actvstrat=,0.437588, actvprof=,0.005560, id=,S07, PRDE,actvstrat=,0.767634, actvprof=,0.004031, best_B_id=,B09, best_B_prof=,5.314930, best_B_strat=,-0.247459, best_S_id=,S00, best_S_prof=,5.099069, best_S_strat=,0.776691, 
t=,1278000, id=,B02, PRDE,actvstrat=,0.500053, actvprof=,0.005564, id=,B03, PRDE,actvstrat=,0.728349, actvprof=,0.031437, id=,B05, PRDE,actvstrat=,0.408398, actvprof=,0.743090, id=,B06, PRDE,actvstrat=,0.467773, actvprof=,2.168621, id=,B09, PRDE,actvstrat=,-0.247459, actvprof=,5.648152, id=,S00, PRDE,actvstrat=,0.776691, actvprof=,4.881414, id=,S02, PRDE,actvstrat=,0.821159, actvprof=,2.280460, id=,S05, PRDE,actvstrat=,0.922641, actvprof=,0.096538, id=,S06, PRDE,actvstrat=,-0.973159, actvprof=,0.011406, id=,S07, PRDE,actvstrat=,0.767634, actvprof=,0.001947, best_B_id=,B09, best_B_prof=,5.648152, best_B_strat=,-0.247459, best_S_id=,S00, best_S_prof=,4.881414, best_S_strat=,0.776691, 
t=,1281600, id=,B02, PRDE,actvstrat=,0.500053, actvprof=,0.003475, id=,B03, PRDE,actvstrat=,0.728349, actvprof=,0.032524, id=,B05, PRDE,actvstrat=,0.408398, actvprof=,0.783504, id=,B06, PRDE,actvstrat=,0.467773, actvprof=,2.198176, id=,B09, PRDE,actvstrat=,-0.247459, actvprof=,5.620326, id=,S00, PRDE,actvstrat=,0.776691, actvprof=,4.871709, id=,S02, PRDE,actvstrat=,0.821159, actvprof=,2.239874, id=,S05, PRDE,actvstrat=,0.922641, actvprof=,0.095488, id=,S06, PRDE,actvstrat=,-0.973159, actvprof=,0.007089, id=,S07, PRDE,actvstrat=,0.767634, actvprof=,0.000973, best_B_id=,B09, best_B_prof=,5.620326, best_B_strat=,-0.247459, best_S_id=,S00, best_S_prof=,4.871709, best_S_strat=,0.776691, 
t=,1285200, id=,B02, PRDE,actvstrat=,0.500053, actvprof=,0.000000, id=,B03, PRDE,actvstrat=,0.932898, actvprof=,0.007790, id=,B05, PRDE,actvstrat=,0.408398, actvprof=,0.449860, id=,B06, PRDE,actvstrat=,0.323074, actvprof=,1.599688, id=,B09, PRDE,actvstrat=,-0.247459, actvprof=,5.070873, id=,S00, PRDE,actvstrat=,-0.750346, actvprof=,0.547233, id=,S02, PRDE,actvstrat=,0.821159, actvprof=,2.680800, id=,S05, PRDE,actvstrat=,0.922641, actvprof=,0.092921, id=,S06, PRDE,actvstrat=,-0.973159, actvprof=,0.008068, id=,S07, PRDE,actvstrat=,0.767634, actvprof=,0.002226, best_B_id=,B09, best_B_prof=,5.070873, best_B_strat=,-0.247459, best_S_id=,S02, best_S_prof=,2.680800, best_S_strat=,0.821159, 
t=,1288800, id=,B02, PRDE,actvstrat=,0.500053, actvprof=,0.000000, id=,B03, PRDE,actvstrat=,0.932898, actvprof=,0.006394, id=,B05, PRDE,actvstrat=,0.408398, actvprof=,0.447567, id=,B06, PRDE,actvstrat=,0.323074, actvprof=,1.529929, id=,B09, PRDE,actvstrat=,-0.247459, actvprof=,4.878205, id=,S00, PRDE,actvstrat=,-0.750346, actvprof=,0.569189, id=,S02, PRDE,actvstrat=,0.821159, actvprof=,2.663303, id=,S05, PRDE,actvstrat=,0.922641, actvprof=,0.076309, id=,S06, PRDE,actvstrat=,-0.973159, actvprof=,0.005421, id=,S07, PRDE,actvstrat=,0.767634, actvprof=,0.002919, best_B_id=,B09, best_B_prof=,4.878205, best_B_strat=,-0.247459, best_S_id=,S02, best_S_prof=,2.663303, best_S_strat=,0.821159, 
t=,1292400, id=,B02, PRDE,actvstrat=,0.500053, actvprof=,0.000000, id=,B03, PRDE,actvstrat=,0.728349, actvprof=,0.026151, id=,B05, PRDE,actvstrat=,0.856426, actvprof=,0.809303, id=,B06, PRDE,actvstrat=,0.467773, actvprof=,1.613599, id=,B09, PRDE,actvstrat=,-0.247459, actvprof=,4.541724, id=,S00, PRDE,actvstrat=,0.776691, actvprof=,5.569420, id=,S02, PRDE,actvstrat=,0.821159, actvprof=,2.712793, id=,S05, PRDE,actvstrat=,0.922641, actvprof=,0.143833, id=,S06, PRDE,actvstrat=,-0.973159, actvprof=,0.005564, id=,S07, PRDE,actvstrat=,0.767634, actvprof=,0.000556, best_B_id=,B09, best_B_prof=,4.541724, best_B_strat=,-0.247459, best_S_id=,S00, best_S_prof=,5.569420, best_S_strat=,0.776691, 
t=,1296000, id=,B02, PRDE,actvstrat=,0.500053, actvprof=,0.000000, id=,B03, PRDE,actvstrat=,0.728349, actvprof=,0.024324, id=,B05, PRDE,actvstrat=,0.856426, actvprof=,0.817436, id=,B06, PRDE,actvstrat=,0.467773, actvprof=,1.657111, id=,B09, PRDE,actvstrat=,-0.247459, actvprof=,4.685417, id=,S00, PRDE,actvstrat=,0.776691, actvprof=,5.541494, id=,S02, PRDE,actvstrat=,0.821159, actvprof=,2.699998, id=,S05, PRDE,actvstrat=,0.922641, actvprof=,0.131073, id=,S06, PRDE,actvstrat=,-0.973159, actvprof=,0.006950, id=,S07, PRDE,actvstrat=,0.767634, actvprof=,0.000695, best_B_id=,B09, best_B_prof=,4.685417, best_B_strat=,-0.247459, best_S_id=,S00, best_S_prof=,5.541494, best_S_strat=,0.776691, 
t=,1299600, id=,B02, PRDE,actvstrat=,0.500053, actvprof=,0.003338, id=,B03, PRDE,actvstrat=,0.728349, actvprof=,0.041453, id=,B05, PRDE,actvstrat=,0.408398, actvprof=,0.724728, id=,B06, PRDE,actvstrat=,0.467773, actvprof=,2.210630, id=,B09, PRDE,actvstrat=,-0.247459, actvprof=,5.443948, id=,S00, PRDE,actvstrat=,0.776691, actvprof=,4.980178, id=,S02, PRDE,actvstrat=,0.821159, actvprof=,2.195607, id=,S05, PRDE,actvstrat=,0.922641, actvprof=,0.084575, id=,S06, PRDE,actvstrat=,-0.973159, actvprof=,0.005564, id=,S07, PRDE,actvstrat=,0.767634, actvprof=,0.001113, best_B_id=,B09, best_B_prof=,5.443948, best_B_strat=,-0.247459, best_S_id=,S00, best_S_prof=,4.980178, best_S_strat=,0.776691, 
t=,1303200, id=,B02, PRDE,actvstrat=,0.500053, actvprof=,0.002919, id=,B03, PRDE,actvstrat=,0.728349, actvprof=,0.040865, id=,B05, PRDE,actvstrat=,0.408398, actvprof=,0.732370, id=,B06, PRDE,actvstrat=,0.467773, actvprof=,2.096199, id=,B09, PRDE,actvstrat=,-0.247459, actvprof=,5.299919, id=,S00, PRDE,actvstrat=,0.776691, actvprof=,4.895996, id=,S02, PRDE,actvstrat=,0.821159, actvprof=,2.188632, id=,S05, PRDE,actvstrat=,0.922641, actvprof=,0.089374, id=,S06, PRDE,actvstrat=,-0.973159, actvprof=,0.009730, id=,S07, PRDE,actvstrat=,0.767634, actvprof=,0.000695, best_B_id=,B09, best_B_prof=,5.299919, best_B_strat=,-0.247459, best_S_id=,S00, best_S_prof=,4.895996, best_S_strat=,0.776691, 
t=,1306800, id=,B02, PRDE,actvstrat=,0.273808, actvprof=,0.000000, id=,B03, PRDE,actvstrat=,0.932898, actvprof=,0.020866, id=,B05, PRDE,actvstrat=,0.408398, actvprof=,0.452092, id=,B06, PRDE,actvstrat=,0.467773, actvprof=,1.738538, id=,B09, PRDE,actvstrat=,-0.036236, actvprof=,5.621801, id=,S00, PRDE,actvstrat=,0.776691, actvprof=,5.640441, id=,S02, PRDE,actvstrat=,0.505789, actvprof=,1.434454, id=,S05, PRDE,actvstrat=,0.922641, actvprof=,0.086245, id=,S06, PRDE,actvstrat=,-0.973159, actvprof=,0.026986, id=,S07, PRDE,actvstrat=,0.767634, actvprof=,0.001113, best_B_id=,B09, best_B_prof=,5.621801, best_B_strat=,-0.036236, best_S_id=,S00, best_S_prof=,5.640441, best_S_strat=,0.776691, 
t=,1310400, id=,B02, PRDE,actvstrat=,0.273808, actvprof=,0.000000, id=,B03, PRDE,actvstrat=,0.932898, actvprof=,0.022240, id=,B05, PRDE,actvstrat=,0.408398, actvprof=,0.472451, id=,B06, PRDE,actvstrat=,0.467773, actvprof=,1.757617, id=,B09, PRDE,actvstrat=,-0.036236, actvprof=,5.533192, id=,S00, PRDE,actvstrat=,0.776691, actvprof=,5.517069, id=,S02, PRDE,actvstrat=,0.505789, actvprof=,1.488380, id=,S05, PRDE,actvstrat=,0.922641, actvprof=,0.099244, id=,S06, PRDE,actvstrat=,-0.973159, actvprof=,0.023212, id=,S07, PRDE,actvstrat=,0.767634, actvprof=,0.001807, best_B_id=,B09, best_B_prof=,5.533192, best_B_strat=,-0.036236, best_S_id=,S00, best_S_prof=,5.517069, best_S_strat=,0.776691, 
t=,1314000, id=,B02, PRDE,actvstrat=,0.500053, actvprof=,0.005286, id=,B03, PRDE,actvstrat=,0.728349, actvprof=,0.036724, id=,B05, PRDE,actvstrat=,0.856426, actvprof=,0.852727, id=,B06, PRDE,actvstrat=,0.323074, actvprof=,1.494568, id=,B09, PRDE,actvstrat=,-0.036236, actvprof=,5.170337, id=,S00, PRDE,actvstrat=,0.776691, actvprof=,5.733165, id=,S02, PRDE,actvstrat=,0.821159, actvprof=,2.744029, id=,S05, PRDE,actvstrat=,0.922641, actvprof=,0.091811, id=,S06, PRDE,actvstrat=,-0.973159, actvprof=,0.034220, id=,S07, PRDE,actvstrat=,0.767634, actvprof=,0.000000, best_B_id=,B09, best_B_prof=,5.170337, best_B_strat=,-0.036236, best_S_id=,S00, best_S_prof=,5.733165, best_S_strat=,0.776691, 
t=,1317600, id=,B02, PRDE,actvstrat=,0.500053, actvprof=,0.005004, id=,B03, PRDE,actvstrat=,0.728349, actvprof=,0.032943, id=,B05, PRDE,actvstrat=,0.856426, actvprof=,0.879023, id=,B06, PRDE,actvstrat=,0.323074, actvprof=,1.531619, id=,B09, PRDE,actvstrat=,-0.036236, actvprof=,5.300965, id=,S00, PRDE,actvstrat=,0.776691, actvprof=,5.552274, id=,S02, PRDE,actvstrat=,0.821159, actvprof=,2.712406, id=,S05, PRDE,actvstrat=,0.922641, actvprof=,0.130102, id=,S06, PRDE,actvstrat=,-0.973159, actvprof=,0.031970, id=,S07, PRDE,actvstrat=,0.767634, actvprof=,0.000139, best_B_id=,B09, best_B_prof=,5.300965, best_B_strat=,-0.036236, best_S_id=,S00, best_S_prof=,5.552274, best_S_strat=,0.776691, 
t=,1321200, id=,B02, PRDE,actvstrat=,0.273808, actvprof=,0.000000, id=,B03, PRDE,actvstrat=,0.932898, actvprof=,0.002226, id=,B05, PRDE,actvstrat=,0.408398, actvprof=,0.399260, id=,B06, PRDE,actvstrat=,0.467773, actvprof=,1.669936, id=,B09, PRDE,actvstrat=,-0.247459, actvprof=,4.837305, id=,S00, PRDE,actvstrat=,-0.530985, actvprof=,0.822448, id=,S02, PRDE,actvstrat=,0.821159, actvprof=,2.873280, id=,S05, PRDE,actvstrat=,0.922641, actvprof=,0.094876, id=,S06, PRDE,actvstrat=,-0.973159, actvprof=,0.016694, id=,S07, PRDE,actvstrat=,0.331123, actvprof=,0.000000, best_B_id=,B09, best_B_prof=,4.837305, best_B_strat=,-0.247459, best_S_id=,S02, best_S_prof=,2.873280, best_S_strat=,0.821159, 
t=,1324800, id=,B02, PRDE,actvstrat=,0.273808, actvprof=,0.000000, id=,B03, PRDE,actvstrat=,0.932898, actvprof=,0.002780, id=,B05, PRDE,actvstrat=,0.408398, actvprof=,0.444806, id=,B06, PRDE,actvstrat=,0.467773, actvprof=,1.700131, id=,B09, PRDE,actvstrat=,-0.247459, actvprof=,4.856724, id=,S00, PRDE,actvstrat=,-0.530985, actvprof=,0.823864, id=,S02, PRDE,actvstrat=,0.821159, actvprof=,2.769611, id=,S05, PRDE,actvstrat=,0.922641, actvprof=,0.098274, id=,S06, PRDE,actvstrat=,-0.973159, actvprof=,0.011537, id=,S07, PRDE,actvstrat=,0.331123, actvprof=,0.000139, best_B_id=,B09, best_B_prof=,4.856724, best_B_strat=,-0.247459, best_S_id=,S02, best_S_prof=,2.769611, best_S_strat=,0.821159, 
t=,1328400, id=,B02, PRDE,actvstrat=,0.273808, actvprof=,0.000000, id=,B03, PRDE,actvstrat=,0.728349, actvprof=,0.018920, id=,B05, PRDE,actvstrat=,0.856426, actvprof=,0.899239, id=,B06, PRDE,actvstrat=,0.467773, actvprof=,1.664649, id=,B09, PRDE,actvstrat=,-0.036236, actvprof=,5.481964, id=,S00, PRDE,actvstrat=,0.776691, actvprof=,5.636103, id=,S02, PRDE,actvstrat=,0.821159, actvprof=,2.745851, id=,S05, PRDE,actvstrat=,0.922641, actvprof=,0.076791, id=,S06, PRDE,actvstrat=,0.984393, actvprof=,0.032553, id=,S07, PRDE,actvstrat=,0.767634, actvprof=,0.002782, best_B_id=,B09, best_B_prof=,5.481964, best_B_strat=,-0.036236, best_S_id=,S00, best_S_prof=,5.636103, best_S_strat=,0.776691, 
t=,1332000, id=,B02, PRDE,actvstrat=,0.273808, actvprof=,0.000278, id=,B03, PRDE,actvstrat=,0.728349, actvprof=,0.022935, id=,B05, PRDE,actvstrat=,0.856426, actvprof=,0.927698, id=,B06, PRDE,actvstrat=,0.467773, actvprof=,1.698602, id=,B09, PRDE,actvstrat=,-0.036236, actvprof=,5.523238, id=,S00, PRDE,actvstrat=,0.776691, actvprof=,5.522543, id=,S02, PRDE,actvstrat=,0.821159, actvprof=,2.716096, id=,S05, PRDE,actvstrat=,0.922641, actvprof=,0.079092, id=,S06, PRDE,actvstrat=,0.984393, actvprof=,0.034055, id=,S07, PRDE,actvstrat=,0.767634, actvprof=,0.001390, best_B_id=,B09, best_B_prof=,5.523238, best_B_strat=,-0.036236, best_S_id=,S00, best_S_prof=,5.522543, best_S_strat=,0.776691, 
t=,1335600, id=,B02, PRDE,actvstrat=,0.500053, actvprof=,0.000835, id=,B03, PRDE,actvstrat=,0.932898, actvprof=,0.030605, id=,B05, PRDE,actvstrat=,0.408398, actvprof=,0.723954, id=,B06, PRDE,actvstrat=,0.467773, actvprof=,2.102027, id=,B09, PRDE,actvstrat=,-0.247459, actvprof=,5.079922, id=,S00, PRDE,actvstrat=,0.776691, actvprof=,5.145862, id=,S02, PRDE,actvstrat=,0.821159, actvprof=,2.293171, id=,S05, PRDE,actvstrat=,0.922641, actvprof=,0.077348, id=,S06, PRDE,actvstrat=,-0.973159, actvprof=,0.011129, id=,S07, PRDE,actvstrat=,0.767634, actvprof=,0.000000, best_B_id=,B09, best_B_prof=,5.079922, best_B_strat=,-0.247459, best_S_id=,S00, best_S_prof=,5.145862, best_S_strat=,0.776691, 
t=,1339200, id=,B02, PRDE,actvstrat=,0.500053, actvprof=,0.000695, id=,B03, PRDE,actvstrat=,0.932898, actvprof=,0.031553, id=,B05, PRDE,actvstrat=,0.408398, actvprof=,0.744355, id=,B06, PRDE,actvstrat=,0.467773, actvprof=,2.135902, id=,B09, PRDE,actvstrat=,-0.247459, actvprof=,5.179764, id=,S00, PRDE,actvstrat=,0.776691, actvprof=,5.035341, id=,S02, PRDE,actvstrat=,0.821159, actvprof=,2.266425, id=,S05, PRDE,actvstrat=,0.922641, actvprof=,0.068111, id=,S06, PRDE,actvstrat=,-0.973159, actvprof=,0.011398, id=,S07, PRDE,actvstrat=,0.767634, actvprof=,0.000417, best_B_id=,B09, best_B_prof=,5.179764, best_B_strat=,-0.247459, best_S_id=,S00, best_S_prof=,5.035341, best_S_strat=,0.776691, 
t=,1342800, id=,B02, PRDE,actvstrat=,0.273808, actvprof=,0.000000, id=,B03, PRDE,actvstrat=,0.932898, actvprof=,0.021980, id=,B05, PRDE,actvstrat=,0.408398, actvprof=,0.671091, id=,B06, PRDE,actvstrat=,0.467773, actvprof=,2.017445, id=,B09, PRDE,actvstrat=,-0.141617, actvprof=,5.532323, id=,S00, PRDE,actvstrat=,0.776691, actvprof=,5.268840, id=,S02, PRDE,actvstrat=,0.821159, actvprof=,2.342139, id=,S05, PRDE,actvstrat=,0.922641, actvprof=,0.091538, id=,S06, PRDE,actvstrat=,-0.973159, actvprof=,0.011129, id=,S07, PRDE,actvstrat=,0.331123, actvprof=,0.000835, best_B_id=,B09, best_B_prof=,5.532323, best_B_strat=,-0.141617, best_S_id=,S00, best_S_prof=,5.268840, best_S_strat=,0.776691, 
t=,1346400, id=,B02, PRDE,actvstrat=,0.273808, actvprof=,0.000000, id=,B03, PRDE,actvstrat=,0.932898, actvprof=,0.016680, id=,B05, PRDE,actvstrat=,0.408398, actvprof=,0.691117, id=,B06, PRDE,actvstrat=,0.467773, actvprof=,1.968127, id=,B09, PRDE,actvstrat=,-0.141617, actvprof=,5.610948, id=,S00, PRDE,actvstrat=,0.776691, actvprof=,5.188521, id=,S02, PRDE,actvstrat=,0.821159, actvprof=,2.413767, id=,S05, PRDE,actvstrat=,0.922641, actvprof=,0.089100, id=,S06, PRDE,actvstrat=,-0.973159, actvprof=,0.010147, id=,S07, PRDE,actvstrat=,0.331123, actvprof=,0.000417, best_B_id=,B09, best_B_prof=,5.610948, best_B_strat=,-0.141617, best_S_id=,S00, best_S_prof=,5.188521, best_S_strat=,0.776691, 
t=,1350000, id=,B02, PRDE,actvstrat=,0.500053, actvprof=,0.000835, id=,B03, PRDE,actvstrat=,0.932898, actvprof=,0.033665, id=,B05, PRDE,actvstrat=,0.408398, actvprof=,0.705303, id=,B06, PRDE,actvstrat=,0.467773, actvprof=,2.154026, id=,B09, PRDE,actvstrat=,-0.247459, actvprof=,5.282956, id=,S00, PRDE,actvstrat=,0.776691, actvprof=,4.952980, id=,S02, PRDE,actvstrat=,0.821159, actvprof=,2.295087, id=,S05, PRDE,actvstrat=,0.922641, actvprof=,0.045629, id=,S06, PRDE,actvstrat=,-0.973159, actvprof=,0.017250, id=,S07, PRDE,actvstrat=,0.767634, actvprof=,0.000000, best_B_id=,B09, best_B_prof=,5.282956, best_B_strat=,-0.247459, best_S_id=,S00, best_S_prof=,4.952980, best_S_strat=,0.776691, 
t=,1353600, id=,B02, PRDE,actvstrat=,0.500053, actvprof=,0.001251, id=,B03, PRDE,actvstrat=,0.932898, actvprof=,0.033499, id=,B05, PRDE,actvstrat=,0.408398, actvprof=,0.725034, id=,B06, PRDE,actvstrat=,0.467773, actvprof=,2.095036, id=,B09, PRDE,actvstrat=,-0.247459, actvprof=,5.247875, id=,S00, PRDE,actvstrat=,0.776691, actvprof=,4.981548, id=,S02, PRDE,actvstrat=,0.821159, actvprof=,2.326891, id=,S05, PRDE,actvstrat=,0.922641, actvprof=,0.061578, id=,S06, PRDE,actvstrat=,-0.973159, actvprof=,0.019182, id=,S07, PRDE,actvstrat=,0.767634, actvprof=,0.000695, best_B_id=,B09, best_B_prof=,5.247875, best_B_strat=,-0.247459, best_S_id=,S00, best_S_prof=,4.981548, best_S_strat=,0.776691, 
t=,1357200, id=,B02, PRDE,actvstrat=,0.500053, actvprof=,0.000000, id=,B03, PRDE,actvstrat=,0.932898, actvprof=,0.035057, id=,B05, PRDE,actvstrat=,0.408398, actvprof=,0.519733, id=,B06, PRDE,actvstrat=,0.467773, actvprof=,1.900310, id=,B09, PRDE,actvstrat=,-0.247459, actvprof=,5.188988, id=,S00, PRDE,actvstrat=,0.776691, actvprof=,5.310574, id=,S02, PRDE,actvstrat=,0.505789, actvprof=,1.180529, id=,S05, PRDE,actvstrat=,0.922641, actvprof=,0.097102, id=,S06, PRDE,actvstrat=,-0.973159, actvprof=,0.002782, id=,S07, PRDE,actvstrat=,0.767634, actvprof=,0.001669, best_B_id=,B09, best_B_prof=,5.188988, best_B_strat=,-0.247459, best_S_id=,S00, best_S_prof=,5.310574, best_S_strat=,0.776691, 
t=,1360800, id=,B02, PRDE,actvstrat=,0.500053, actvprof=,0.000695, id=,B03, PRDE,actvstrat=,0.932898, actvprof=,0.028495, id=,B05, PRDE,actvstrat=,0.408398, actvprof=,0.544887, id=,B06, PRDE,actvstrat=,0.467773, actvprof=,1.858176, id=,B09, PRDE,actvstrat=,-0.247459, actvprof=,5.033256, id=,S00, PRDE,actvstrat=,0.776691, actvprof=,5.359215, id=,S02, PRDE,actvstrat=,0.505789, actvprof=,1.281736, id=,S05, PRDE,actvstrat=,0.922641, actvprof=,0.085764, id=,S06, PRDE,actvstrat=,-0.973159, actvprof=,0.011398, id=,S07, PRDE,actvstrat=,0.767634, actvprof=,0.001390, best_B_id=,B09, best_B_prof=,5.033256, best_B_strat=,-0.247459, best_S_id=,S00, best_S_prof=,5.359215, best_S_strat=,0.776691, 
t=,1364400, id=,B02, PRDE,actvstrat=,0.500053, actvprof=,0.001113, id=,B03, PRDE,actvstrat=,0.932898, actvprof=,0.020311, id=,B05, PRDE,actvstrat=,0.542580, actvprof=,0.781559, id=,B06, PRDE,actvstrat=,0.467773, actvprof=,2.050026, id=,B09, PRDE,actvstrat=,-0.247459, actvprof=,5.492056, id=,S00, PRDE,actvstrat=,0.776691, actvprof=,5.042709, id=,S02, PRDE,actvstrat=,0.821159, actvprof=,2.243121, id=,S05, PRDE,actvstrat=,0.922641, actvprof=,0.034223, id=,S06, PRDE,actvstrat=,0.984393, actvprof=,0.012521, id=,S07, PRDE,actvstrat=,0.331123, actvprof=,0.000000, best_B_id=,B09, best_B_prof=,5.492056, best_B_strat=,-0.247459, best_S_id=,S00, best_S_prof=,5.042709, best_S_strat=,0.776691, 
t=,1368000, id=,B02, PRDE,actvstrat=,0.500053, actvprof=,0.000834, id=,B03, PRDE,actvstrat=,0.932898, actvprof=,0.020156, id=,B05, PRDE,actvstrat=,0.542580, actvprof=,0.803859, id=,B06, PRDE,actvstrat=,0.467773, actvprof=,2.042799, id=,B09, PRDE,actvstrat=,-0.247459, actvprof=,5.398211, id=,S00, PRDE,actvstrat=,0.776691, actvprof=,5.116311, id=,S02, PRDE,actvstrat=,0.821159, actvprof=,2.297176, id=,S05, PRDE,actvstrat=,0.922641, actvprof=,0.039338, id=,S06, PRDE,actvstrat=,0.984393, actvprof=,0.013066, id=,S07, PRDE,actvstrat=,0.331123, actvprof=,0.000000, best_B_id=,B09, best_B_prof=,5.398211, best_B_strat=,-0.247459, best_S_id=,S00, best_S_prof=,5.116311, best_S_strat=,0.776691, 
t=,1371600, id=,B02, PRDE,actvstrat=,0.500053, actvprof=,0.003895, id=,B03, PRDE,actvstrat=,0.728349, actvprof=,0.024763, id=,B05, PRDE,actvstrat=,0.542580, actvprof=,0.827201, id=,B06, PRDE,actvstrat=,0.467773, actvprof=,2.048107, id=,B09, PRDE,actvstrat=,-0.247459, actvprof=,5.132650, id=,S00, PRDE,actvstrat=,0.776691, actvprof=,5.031928, id=,S02, PRDE,actvstrat=,0.821159, actvprof=,2.294069, id=,S05, PRDE,actvstrat=,0.922641, actvprof=,0.111017, id=,S06, PRDE,actvstrat=,-0.973159, actvprof=,0.013912, id=,S07, PRDE,actvstrat=,0.767634, actvprof=,0.002226, best_B_id=,B09, best_B_prof=,5.132650, best_B_strat=,-0.247459, best_S_id=,S00, best_S_prof=,5.031928, best_S_strat=,0.776691, 
t=,1375200, id=,B02, PRDE,actvstrat=,0.500053, actvprof=,0.002224, id=,B03, PRDE,actvstrat=,0.728349, actvprof=,0.035168, id=,B05, PRDE,actvstrat=,0.542580, actvprof=,0.859599, id=,B06, PRDE,actvstrat=,0.467773, actvprof=,2.120641, id=,B09, PRDE,actvstrat=,-0.247459, actvprof=,5.188871, id=,S00, PRDE,actvstrat=,0.776691, actvprof=,4.986760, id=,S02, PRDE,actvstrat=,0.821159, actvprof=,2.262564, id=,S05, PRDE,actvstrat=,0.922641, actvprof=,0.096052, id=,S06, PRDE,actvstrat=,-0.973159, actvprof=,0.012649, id=,S07, PRDE,actvstrat=,0.767634, actvprof=,0.001529, best_B_id=,B09, best_B_prof=,5.188871, best_B_strat=,-0.247459, best_S_id=,S00, best_S_prof=,4.986760, best_S_strat=,0.776691, 
t=,1378800, id=,B02, PRDE,actvstrat=,0.500053, actvprof=,0.000000, id=,B03, PRDE,actvstrat=,0.728349, actvprof=,0.004174, id=,B05, PRDE,actvstrat=,0.408398, actvprof=,0.407896, id=,B06, PRDE,actvstrat=,0.467773, actvprof=,1.649115, id=,B09, PRDE,actvstrat=,-0.247459, actvprof=,5.007165, id=,S00, PRDE,actvstrat=,-0.530985, actvprof=,0.825531, id=,S02, PRDE,actvstrat=,0.821159, actvprof=,2.793784, id=,S05, PRDE,actvstrat=,0.922641, actvprof=,0.083193, id=,S06, PRDE,actvstrat=,-0.973159, actvprof=,0.008347, id=,S07, PRDE,actvstrat=,0.767634, actvprof=,0.000000, best_B_id=,B09, best_B_prof=,5.007165, best_B_strat=,-0.247459, best_S_id=,S02, best_S_prof=,2.793784, best_S_strat=,0.821159, 
t=,1382400, id=,B02, PRDE,actvstrat=,0.500053, actvprof=,0.000000, id=,B03, PRDE,actvstrat=,0.728349, actvprof=,0.004448, id=,B05, PRDE,actvstrat=,0.408398, actvprof=,0.458434, id=,B06, PRDE,actvstrat=,0.467773, actvprof=,1.673466, id=,B09, PRDE,actvstrat=,-0.247459, actvprof=,4.894322, id=,S00, PRDE,actvstrat=,-0.530985, actvprof=,0.899493, id=,S02, PRDE,actvstrat=,0.821159, actvprof=,2.713492, id=,S05, PRDE,actvstrat=,0.922641, actvprof=,0.104392, id=,S06, PRDE,actvstrat=,-0.973159, actvprof=,0.006950, id=,S07, PRDE,actvstrat=,0.767634, actvprof=,0.000278, best_B_id=,B09, best_B_prof=,4.894322, best_B_strat=,-0.247459, best_S_id=,S02, best_S_prof=,2.713492, best_S_strat=,0.821159, 
t=,1386000, id=,B02, PRDE,actvstrat=,0.500053, actvprof=,0.000000, id=,B03, PRDE,actvstrat=,0.728349, actvprof=,0.008347, id=,B05, PRDE,actvstrat=,0.408398, actvprof=,0.210069, id=,B06, PRDE,actvstrat=,0.849975, actvprof=,1.795468, id=,B09, PRDE,actvstrat=,0.181973, actvprof=,5.329364, id=,S00, PRDE,actvstrat=,-0.530985, actvprof=,1.049234, id=,S02, PRDE,actvstrat=,0.821159, actvprof=,3.273188, id=,S05, PRDE,actvstrat=,0.922641, actvprof=,0.180020, id=,S06, PRDE,actvstrat=,-0.973159, actvprof=,0.025041, id=,S07, PRDE,actvstrat=,0.767634, actvprof=,0.007512, best_B_id=,B09, best_B_prof=,5.329364, best_B_strat=,0.181973, best_S_id=,S02, best_S_prof=,3.273188, best_S_strat=,0.821159, 
t=,1389600, id=,B02, PRDE,actvstrat=,0.500053, actvprof=,0.000000, id=,B03, PRDE,actvstrat=,0.728349, actvprof=,0.006116, id=,B05, PRDE,actvstrat=,0.408398, actvprof=,0.234638, id=,B06, PRDE,actvstrat=,0.849975, actvprof=,1.763402, id=,B09, PRDE,actvstrat=,0.181973, actvprof=,5.263794, id=,S00, PRDE,actvstrat=,-0.530985, actvprof=,1.068105, id=,S02, PRDE,actvstrat=,0.821159, actvprof=,3.281740, id=,S05, PRDE,actvstrat=,0.922641, actvprof=,0.207811, id=,S06, PRDE,actvstrat=,-0.973159, actvprof=,0.032944, id=,S07, PRDE,actvstrat=,0.767634, actvprof=,0.007367, best_B_id=,B09, best_B_prof=,5.263794, best_B_strat=,0.181973, best_S_id=,S02, best_S_prof=,3.281740, best_S_strat=,0.821159, 
t=,1393200, id=,B02, PRDE,actvstrat=,0.500053, actvprof=,0.000000, id=,B03, PRDE,actvstrat=,0.932898, actvprof=,0.051752, id=,B05, PRDE,actvstrat=,0.408398, actvprof=,0.626035, id=,B06, PRDE,actvstrat=,0.467773, actvprof=,1.994686, id=,B09, PRDE,actvstrat=,-0.247459, actvprof=,5.433146, id=,S00, PRDE,actvstrat=,0.776691, actvprof=,4.839387, id=,S02, PRDE,actvstrat=,0.821159, actvprof=,2.318276, id=,S05, PRDE,actvstrat=,0.922641, actvprof=,0.081802, id=,S06, PRDE,actvstrat=,-0.973159, actvprof=,0.016694, id=,S07, PRDE,actvstrat=,0.767634, actvprof=,0.000278, best_B_id=,B09, best_B_prof=,5.433146, best_B_strat=,-0.247459, best_S_id=,S00, best_S_prof=,4.839387, best_S_strat=,0.776691, 
t=,1396800, id=,B02, PRDE,actvstrat=,0.500053, actvprof=,0.001112, id=,B03, PRDE,actvstrat=,0.932898, actvprof=,0.050597, id=,B05, PRDE,actvstrat=,0.408398, actvprof=,0.727546, id=,B06, PRDE,actvstrat=,0.467773, actvprof=,2.047664, id=,B09, PRDE,actvstrat=,-0.247459, actvprof=,5.433657, id=,S00, PRDE,actvstrat=,0.776691, actvprof=,4.897241, id=,S02, PRDE,actvstrat=,0.821159, actvprof=,2.273545, id=,S05, PRDE,actvstrat=,0.922641, actvprof=,0.077147, id=,S06, PRDE,actvstrat=,-0.973159, actvprof=,0.015290, id=,S07, PRDE,actvstrat=,0.767634, actvprof=,0.000139, best_B_id=,B09, best_B_prof=,5.433657, best_B_strat=,-0.247459, best_S_id=,S00, best_S_prof=,4.897241, best_S_strat=,0.776691, 
t=,1400400, id=,B02, PRDE,actvstrat=,0.500053, actvprof=,0.001669, id=,B03, PRDE,actvstrat=,0.932898, actvprof=,0.024207, id=,B05, PRDE,actvstrat=,0.542580, actvprof=,0.773779, id=,B06, PRDE,actvstrat=,0.467773, actvprof=,2.048664, id=,B09, PRDE,actvstrat=,-0.247459, actvprof=,5.344945, id=,S00, PRDE,actvstrat=,0.776691, actvprof=,5.268152, id=,S02, PRDE,actvstrat=,0.821159, actvprof=,2.358899, id=,S05, PRDE,actvstrat=,0.922641, actvprof=,0.058986, id=,S06, PRDE,actvstrat=,-0.973159, actvprof=,0.016694, id=,S07, PRDE,actvstrat=,0.767634, actvprof=,0.000000, best_B_id=,B09, best_B_prof=,5.344945, best_B_strat=,-0.247459, best_S_id=,S00, best_S_prof=,5.268152, best_S_strat=,0.776691, 
t=,1404000, id=,B02, PRDE,actvstrat=,0.500053, actvprof=,0.000834, id=,B03, PRDE,actvstrat=,0.932898, actvprof=,0.030303, id=,B05, PRDE,actvstrat=,0.542580, actvprof=,0.737410, id=,B06, PRDE,actvstrat=,0.467773, actvprof=,2.057380, id=,B09, PRDE,actvstrat=,-0.247459, actvprof=,5.241100, id=,S00, PRDE,actvstrat=,0.776691, actvprof=,5.205933, id=,S02, PRDE,actvstrat=,0.821159, actvprof=,2.377921, id=,S05, PRDE,actvstrat=,0.922641, actvprof=,0.061300, id=,S06, PRDE,actvstrat=,-0.973159, actvprof=,0.011120, id=,S07, PRDE,actvstrat=,0.767634, actvprof=,0.000000, best_B_id=,B09, best_B_prof=,5.241100, best_B_strat=,-0.247459, best_S_id=,S00, best_S_prof=,5.205933, best_S_strat=,0.776691, 
t=,1407600, id=,B02, PRDE,actvstrat=,0.500053, actvprof=,0.000000, id=,B03, PRDE,actvstrat=,0.932898, actvprof=,0.020033, id=,B05, PRDE,actvstrat=,0.408398, actvprof=,0.541165, id=,B06, PRDE,actvstrat=,0.467773, actvprof=,1.822709, id=,B09, PRDE,actvstrat=,-0.247459, actvprof=,4.940041, id=,S00, PRDE,actvstrat=,0.776691, actvprof=,5.228569, id=,S02, PRDE,actvstrat=,0.505789, actvprof=,1.377257, id=,S05, PRDE,actvstrat=,0.922641, actvprof=,0.086531, id=,S06, PRDE,actvstrat=,-0.973159, actvprof=,0.002782, id=,S07, PRDE,actvstrat=,0.767634, actvprof=,0.000000, best_B_id=,B09, best_B_prof=,4.940041, best_B_strat=,-0.247459, best_S_id=,S00, best_S_prof=,5.228569, best_S_strat=,0.776691, 
t=,1411200, id=,B02, PRDE,actvstrat=,0.500053, actvprof=,0.000000, id=,B03, PRDE,actvstrat=,0.932898, actvprof=,0.024325, id=,B05, PRDE,actvstrat=,0.408398, actvprof=,0.564629, id=,B06, PRDE,actvstrat=,0.467773, actvprof=,1.853046, id=,B09, PRDE,actvstrat=,-0.247459, actvprof=,4.933070, id=,S00, PRDE,actvstrat=,0.776691, actvprof=,5.268762, id=,S02, PRDE,actvstrat=,0.505789, actvprof=,1.374460, id=,S05, PRDE,actvstrat=,0.922641, actvprof=,0.069084, id=,S06, PRDE,actvstrat=,-0.973159, actvprof=,0.008340, id=,S07, PRDE,actvstrat=,0.767634, actvprof=,0.001529, best_B_id=,B09, best_B_prof=,4.933070, best_B_strat=,-0.247459, best_S_id=,S00, best_S_prof=,5.268762, best_S_strat=,0.776691, 
t=,1414800, id=,B02, PRDE,actvstrat=,0.273808, actvprof=,0.000835, id=,B03, PRDE,actvstrat=,0.932898, actvprof=,0.036171, id=,B05, PRDE,actvstrat=,0.408398, actvprof=,0.572065, id=,B06, PRDE,actvstrat=,0.467773, actvprof=,1.903172, id=,B09, PRDE,actvstrat=,-0.247459, actvprof=,5.151085, id=,S00, PRDE,actvstrat=,0.776691, actvprof=,5.178353, id=,S02, PRDE,actvstrat=,0.505789, actvprof=,1.366166, id=,S05, PRDE,actvstrat=,0.922641, actvprof=,0.074569, id=,S06, PRDE,actvstrat=,-0.973159, actvprof=,0.019477, id=,S07, PRDE,actvstrat=,0.767634, actvprof=,0.000000, best_B_id=,B09, best_B_prof=,5.151085, best_B_strat=,-0.247459, best_S_id=,S00, best_S_prof=,5.178353, best_S_strat=,0.776691, 
t=,1418400, id=,B02, PRDE,actvstrat=,0.273808, actvprof=,0.000417, id=,B03, PRDE,actvstrat=,0.932898, actvprof=,0.026550, id=,B05, PRDE,actvstrat=,0.408398, actvprof=,0.538921, id=,B06, PRDE,actvstrat=,0.467773, actvprof=,1.838338, id=,B09, PRDE,actvstrat=,-0.247459, actvprof=,5.097859, id=,S00, PRDE,actvstrat=,0.776691, actvprof=,5.237559, id=,S02, PRDE,actvstrat=,0.505789, actvprof=,1.424103, id=,S05, PRDE,actvstrat=,0.922641, actvprof=,0.072004, id=,S06, PRDE,actvstrat=,-0.973159, actvprof=,0.014595, id=,S07, PRDE,actvstrat=,0.767634, actvprof=,0.000000, best_B_id=,B09, best_B_prof=,5.097859, best_B_strat=,-0.247459, best_S_id=,S00, best_S_prof=,5.237559, best_S_strat=,0.776691, 
t=,1422000, id=,B02, PRDE,actvstrat=,0.500053, actvprof=,0.000000, id=,B03, PRDE,actvstrat=,0.932898, actvprof=,0.030607, id=,B05, PRDE,actvstrat=,0.408398, actvprof=,0.690595, id=,B06, PRDE,actvstrat=,0.467773, actvprof=,2.148859, id=,B09, PRDE,actvstrat=,-0.247459, actvprof=,5.511686, id=,S00, PRDE,actvstrat=,0.776691, actvprof=,4.926822, id=,S02, PRDE,actvstrat=,0.821159, actvprof=,2.225376, id=,S05, PRDE,actvstrat=,0.922641, actvprof=,0.046466, id=,S06, PRDE,actvstrat=,0.984393, actvprof=,0.017529, id=,S07, PRDE,actvstrat=,0.767634, actvprof=,0.000000, best_B_id=,B09, best_B_prof=,5.511686, best_B_strat=,-0.247459, best_S_id=,S00, best_S_prof=,4.926822, best_S_strat=,0.776691, 
t=,1425600, id=,B02, PRDE,actvstrat=,0.500053, actvprof=,0.000695, id=,B03, PRDE,actvstrat=,0.932898, actvprof=,0.025160, id=,B05, PRDE,actvstrat=,0.408398, actvprof=,0.697248, id=,B06, PRDE,actvstrat=,0.467773, actvprof=,2.084237, id=,B09, PRDE,actvstrat=,-0.247459, actvprof=,5.447873, id=,S00, PRDE,actvstrat=,0.776691, actvprof=,4.969280, id=,S02, PRDE,actvstrat=,0.821159, actvprof=,2.281485, id=,S05, PRDE,actvstrat=,0.922641, actvprof=,0.049903, id=,S06, PRDE,actvstrat=,0.984393, actvprof=,0.015569, id=,S07, PRDE,actvstrat=,0.767634, actvprof=,0.000000, best_B_id=,B09, best_B_prof=,5.447873, best_B_strat=,-0.247459, best_S_id=,S00, best_S_prof=,4.969280, best_S_strat=,0.776691, 
t=,1429200, id=,B02, PRDE,actvstrat=,0.500053, actvprof=,0.005565, id=,B03, PRDE,actvstrat=,0.728349, actvprof=,0.045075, id=,B05, PRDE,actvstrat=,0.408398, actvprof=,0.752643, id=,B06, PRDE,actvstrat=,0.467773, actvprof=,2.138843, id=,B09, PRDE,actvstrat=,-0.247459, actvprof=,5.117140, id=,S00, PRDE,actvstrat=,0.776691, actvprof=,4.821925, id=,S02, PRDE,actvstrat=,0.821159, actvprof=,2.383973, id=,S05, PRDE,actvstrat=,0.922641, actvprof=,0.087368, id=,S06, PRDE,actvstrat=,-0.973159, actvprof=,0.010851, id=,S07, PRDE,actvstrat=,0.331123, actvprof=,0.000000, best_B_id=,B09, best_B_prof=,5.117140, best_B_strat=,-0.247459, best_S_id=,S00, best_S_prof=,4.821925, best_S_strat=,0.776691, 
t=,1432800, id=,B02, PRDE,actvstrat=,0.500053, actvprof=,0.003892, id=,B03, PRDE,actvstrat=,0.728349, actvprof=,0.040867, id=,B05, PRDE,actvstrat=,0.408398, actvprof=,0.780645, id=,B06, PRDE,actvstrat=,0.467773, actvprof=,2.100764, id=,B09, PRDE,actvstrat=,-0.247459, actvprof=,5.391400, id=,S00, PRDE,actvstrat=,0.776691, actvprof=,4.989679, id=,S02, PRDE,actvstrat=,0.821159, actvprof=,2.312328, id=,S05, PRDE,actvstrat=,0.922641, actvprof=,0.081317, id=,S06, PRDE,actvstrat=,-0.973159, actvprof=,0.010981, id=,S07, PRDE,actvstrat=,0.331123, actvprof=,0.000000, best_B_id=,B09, best_B_prof=,5.391400, best_B_strat=,-0.247459, best_S_id=,S00, best_S_prof=,4.989679, best_S_strat=,0.776691, 
t=,1436400, id=,B02, PRDE,actvstrat=,0.500053, actvprof=,0.000556, id=,B03, PRDE,actvstrat=,0.932898, actvprof=,0.020590, id=,B05, PRDE,actvstrat=,0.408398, actvprof=,0.626035, id=,B06, PRDE,actvstrat=,0.467773, actvprof=,2.123788, id=,B09, PRDE,actvstrat=,-0.247459, actvprof=,5.350232, id=,S00, PRDE,actvstrat=,0.776691, actvprof=,5.218069, id=,S02, PRDE,actvstrat=,0.505789, actvprof=,1.313838, id=,S05, PRDE,actvstrat=,0.922641, actvprof=,0.035336, id=,S06, PRDE,actvstrat=,0.984393, actvprof=,0.013355, id=,S07, PRDE,actvstrat=,0.767634, actvprof=,0.000000, best_B_id=,B09, best_B_prof=,5.350232, best_B_strat=,-0.247459, best_S_id=,S00, best_S_prof=,5.218069, best_S_strat=,0.776691, 
t=,1440000, id=,B02, PRDE,actvstrat=,0.500053, actvprof=,0.000278, id=,B03, PRDE,actvstrat=,0.932898, actvprof=,0.018070, id=,B05, PRDE,actvstrat=,0.408398, actvprof=,0.570050, id=,B06, PRDE,actvstrat=,0.467773, actvprof=,1.977593, id=,B09, PRDE,actvstrat=,-0.247459, actvprof=,5.343684, id=,S00, PRDE,actvstrat=,0.776691, actvprof=,5.261395, id=,S02, PRDE,actvstrat=,0.505789, actvprof=,1.266037, id=,S05, PRDE,actvstrat=,0.922641, actvprof=,0.039894, id=,S06, PRDE,actvstrat=,0.984393, actvprof=,0.009591, id=,S07, PRDE,actvstrat=,0.767634, actvprof=,0.000000, best_B_id=,B09, best_B_prof=,5.343684, best_B_strat=,-0.247459, best_S_id=,S00, best_S_prof=,5.261395, best_S_strat=,0.776691, 
t=,1443600, id=,B02, PRDE,actvstrat=,0.500053, actvprof=,0.000000, id=,B03, PRDE,actvstrat=,0.932898, actvprof=,0.034780, id=,B05, PRDE,actvstrat=,0.408398, actvprof=,0.680857, id=,B06, PRDE,actvstrat=,0.467773, actvprof=,2.186144, id=,B09, PRDE,actvstrat=,-0.247459, actvprof=,5.293267, id=,S00, PRDE,actvstrat=,0.776691, actvprof=,5.031163, id=,S02, PRDE,actvstrat=,0.821159, actvprof=,2.351419, id=,S05, PRDE,actvstrat=,0.922641, actvprof=,0.068447, id=,S06, PRDE,actvstrat=,-0.973159, actvprof=,0.016694, id=,S07, PRDE,actvstrat=,0.767634, actvprof=,0.000835, best_B_id=,B09, best_B_prof=,5.293267, best_B_strat=,-0.247459, best_S_id=,S00, best_S_prof=,5.031163, best_S_strat=,0.776691, 
t=,1447200, id=,B02, PRDE,actvstrat=,0.500053, actvprof=,0.000000, id=,B03, PRDE,actvstrat=,0.932898, actvprof=,0.038782, id=,B05, PRDE,actvstrat=,0.408398, actvprof=,0.706283, id=,B06, PRDE,actvstrat=,0.467773, actvprof=,2.110648, id=,B09, PRDE,actvstrat=,-0.247459, actvprof=,5.386711, id=,S00, PRDE,actvstrat=,0.776691, actvprof=,5.155129, id=,S02, PRDE,actvstrat=,0.821159, actvprof=,2.328607, id=,S05, PRDE,actvstrat=,0.922641, actvprof=,0.074924, id=,S06, PRDE,actvstrat=,-0.973159, actvprof=,0.014595, id=,S07, PRDE,actvstrat=,0.767634, actvprof=,0.001112, best_B_id=,B09, best_B_prof=,5.386711, best_B_strat=,-0.247459, best_S_id=,S00, best_S_prof=,5.155129, best_S_strat=,0.776691, 
t=,1450800, id=,B02, PRDE,actvstrat=,0.500053, actvprof=,0.000000, id=,B03, PRDE,actvstrat=,0.932898, actvprof=,0.031442, id=,B05, PRDE,actvstrat=,0.408398, actvprof=,0.785776, id=,B06, PRDE,actvstrat=,0.467773, actvprof=,2.103008, id=,B09, PRDE,actvstrat=,-0.247459, actvprof=,5.371880, id=,S00, PRDE,actvstrat=,0.776691, actvprof=,5.138151, id=,S02, PRDE,actvstrat=,0.821159, actvprof=,2.376249, id=,S05, PRDE,actvstrat=,0.922641, actvprof=,0.052033, id=,S06, PRDE,actvstrat=,0.984393, actvprof=,0.012799, id=,S07, PRDE,actvstrat=,0.767634, actvprof=,0.000000, best_B_id=,B09, best_B_prof=,5.371880, best_B_strat=,-0.247459, best_S_id=,S00, best_S_prof=,5.138151, best_S_strat=,0.776691, 
t=,1454400, id=,B02, PRDE,actvstrat=,0.500053, actvprof=,0.000417, id=,B03, PRDE,actvstrat=,0.932898, actvprof=,0.021824, id=,B05, PRDE,actvstrat=,0.408398, actvprof=,0.744798, id=,B06, PRDE,actvstrat=,0.467773, actvprof=,2.130694, id=,B09, PRDE,actvstrat=,-0.247459, actvprof=,5.464769, id=,S00, PRDE,actvstrat=,0.776691, actvprof=,5.126844, id=,S02, PRDE,actvstrat=,0.821159, actvprof=,2.348796, id=,S05, PRDE,actvstrat=,0.922641, actvprof=,0.048791, id=,S06, PRDE,actvstrat=,0.984393, actvprof=,0.011538, id=,S07, PRDE,actvstrat=,0.767634, actvprof=,0.000834, best_B_id=,B09, best_B_prof=,5.464769, best_B_strat=,-0.247459, best_S_id=,S00, best_S_prof=,5.126844, best_S_strat=,0.776691, 
t=,1458000, id=,B02, PRDE,actvstrat=,0.500053, actvprof=,0.010573, id=,B03, PRDE,actvstrat=,0.728349, actvprof=,0.033668, id=,B05, PRDE,actvstrat=,0.408398, actvprof=,0.799967, id=,B06, PRDE,actvstrat=,0.467773, actvprof=,2.160884, id=,B09, PRDE,actvstrat=,-0.247459, actvprof=,5.389410, id=,S00, PRDE,actvstrat=,0.776691, actvprof=,4.909986, id=,S02, PRDE,actvstrat=,0.821159, actvprof=,2.235455, id=,S05, PRDE,actvstrat=,0.922641, actvprof=,0.077632, id=,S06, PRDE,actvstrat=,-0.973159, actvprof=,0.016695, id=,S07, PRDE,actvstrat=,0.767634, actvprof=,0.000000, best_B_id=,B09, best_B_prof=,5.389410, best_B_strat=,-0.247459, best_S_id=,S00, best_S_prof=,4.909986, best_S_strat=,0.776691, 
t=,1461600, id=,B02, PRDE,actvstrat=,0.500053, actvprof=,0.006811, id=,B03, PRDE,actvstrat=,0.728349, actvprof=,0.034057, id=,B05, PRDE,actvstrat=,0.408398, actvprof=,0.761339, id=,B06, PRDE,actvstrat=,0.467773, actvprof=,2.110260, id=,B09, PRDE,actvstrat=,-0.247459, actvprof=,5.356205, id=,S00, PRDE,actvstrat=,0.776691, actvprof=,4.942938, id=,S02, PRDE,actvstrat=,0.821159, actvprof=,2.289857, id=,S05, PRDE,actvstrat=,0.922641, actvprof=,0.084377, id=,S06, PRDE,actvstrat=,-0.973159, actvprof=,0.009730, id=,S07, PRDE,actvstrat=,0.767634, actvprof=,0.000000, best_B_id=,B09, best_B_prof=,5.356205, best_B_strat=,-0.247459, best_S_id=,S00, best_S_prof=,4.942938, best_S_strat=,0.776691, 
t=,1465200, id=,B02, PRDE,actvstrat=,0.500053, actvprof=,0.002226, id=,B03, PRDE,actvstrat=,0.728349, actvprof=,0.007234, id=,B05, PRDE,actvstrat=,0.408398, actvprof=,0.332786, id=,B06, PRDE,actvstrat=,0.467773, actvprof=,1.533432, id=,B09, PRDE,actvstrat=,-0.247459, actvprof=,4.630068, id=,S00, PRDE,actvstrat=,-0.057816, actvprof=,1.791925, id=,S02, PRDE,actvstrat=,0.505789, actvprof=,1.501433, id=,S05, PRDE,actvstrat=,0.922641, actvprof=,0.086257, id=,S06, PRDE,actvstrat=,-0.973159, actvprof=,0.002782, id=,S07, PRDE,actvstrat=,0.767634, actvprof=,0.000000, best_B_id=,B09, best_B_prof=,4.630068, best_B_strat=,-0.247459, best_S_id=,S00, best_S_prof=,1.791925, best_S_strat=,-0.057816, 
t=,1468800, id=,B02, PRDE,actvstrat=,0.500053, actvprof=,0.001112, id=,B03, PRDE,actvstrat=,0.728349, actvprof=,0.005977, id=,B05, PRDE,actvstrat=,0.408398, actvprof=,0.312765, id=,B06, PRDE,actvstrat=,0.467773, actvprof=,1.538526, id=,B09, PRDE,actvstrat=,-0.247459, actvprof=,4.660337, id=,S00, PRDE,actvstrat=,-0.057816, actvprof=,1.761075, id=,S02, PRDE,actvstrat=,0.505789, actvprof=,1.584676, id=,S05, PRDE,actvstrat=,0.922641, actvprof=,0.091605, id=,S06, PRDE,actvstrat=,-0.973159, actvprof=,0.005560, id=,S07, PRDE,actvstrat=,0.767634, actvprof=,0.000000, best_B_id=,B09, best_B_prof=,4.660337, best_B_strat=,-0.247459, best_S_id=,S00, best_S_prof=,1.761075, best_S_strat=,-0.057816, 
t=,1472400, id=,B02, PRDE,actvstrat=,0.273808, actvprof=,0.005565, id=,B03, PRDE,actvstrat=,0.728349, actvprof=,0.021147, id=,B05, PRDE,actvstrat=,0.408398, actvprof=,0.640252, id=,B06, PRDE,actvstrat=,0.467773, actvprof=,1.968335, id=,B09, PRDE,actvstrat=,-0.247459, actvprof=,5.077492, id=,S00, PRDE,actvstrat=,0.776691, actvprof=,5.224408, id=,S02, PRDE,actvstrat=,0.505789, actvprof=,1.208715, id=,S05, PRDE,actvstrat=,0.922641, actvprof=,0.088483, id=,S06, PRDE,actvstrat=,-0.973159, actvprof=,0.009182, id=,S07, PRDE,actvstrat=,0.767634, actvprof=,0.000000, best_B_id=,B09, best_B_prof=,5.077492, best_B_strat=,-0.247459, best_S_id=,S00, best_S_prof=,5.224408, best_S_strat=,0.776691, 
t=,1476000, id=,B02, PRDE,actvstrat=,0.273808, actvprof=,0.003197, id=,B03, PRDE,actvstrat=,0.728349, actvprof=,0.015986, id=,B05, PRDE,actvstrat=,0.408398, actvprof=,0.598980, id=,B06, PRDE,actvstrat=,0.467773, actvprof=,1.912593, id=,B09, PRDE,actvstrat=,-0.247459, actvprof=,5.195513, id=,S00, PRDE,actvstrat=,0.776691, actvprof=,5.287674, id=,S02, PRDE,actvstrat=,0.505789, actvprof=,1.315281, id=,S05, PRDE,actvstrat=,0.922641, actvprof=,0.095776, id=,S06, PRDE,actvstrat=,-0.973159, actvprof=,0.004587, id=,S07, PRDE,actvstrat=,0.767634, actvprof=,0.000000, best_B_id=,B09, best_B_prof=,5.195513, best_B_strat=,-0.247459, best_S_id=,S00, best_S_prof=,5.287674, best_S_strat=,0.776691, 
t=,1479600, id=,B02, PRDE,actvstrat=,0.500053, actvprof=,0.001113, id=,B03, PRDE,actvstrat=,0.728349, actvprof=,0.033668, id=,B05, PRDE,actvstrat=,0.408398, actvprof=,0.767690, id=,B06, PRDE,actvstrat=,0.467773, actvprof=,2.025098, id=,B09, PRDE,actvstrat=,0.491115, actvprof=,7.068922, id=,S00, PRDE,actvstrat=,0.776691, actvprof=,4.976766, id=,S02, PRDE,actvstrat=,0.821159, actvprof=,2.308912, id=,S05, PRDE,actvstrat=,0.922641, actvprof=,0.060658, id=,S06, PRDE,actvstrat=,0.984393, actvprof=,0.028103, id=,S07, PRDE,actvstrat=,0.767634, actvprof=,0.001669, best_B_id=,B09, best_B_prof=,7.068922, best_B_strat=,0.491115, best_S_id=,S00, best_S_prof=,4.976766, best_S_strat=,0.776691, 
t=,1483200, id=,B02, PRDE,actvstrat=,0.500053, actvprof=,0.000834, id=,B03, PRDE,actvstrat=,0.728349, actvprof=,0.024604, id=,B05, PRDE,actvstrat=,0.408398, actvprof=,0.761756, id=,B06, PRDE,actvstrat=,0.467773, actvprof=,2.033667, id=,B09, PRDE,actvstrat=,0.491115, actvprof=,7.101989, id=,S00, PRDE,actvstrat=,0.776691, actvprof=,5.023562, id=,S02, PRDE,actvstrat=,0.821159, actvprof=,2.373817, id=,S05, PRDE,actvstrat=,0.922641, actvprof=,0.067140, id=,S06, PRDE,actvstrat=,0.984393, actvprof=,0.027940, id=,S07, PRDE,actvstrat=,0.767634, actvprof=,0.000834, best_B_id=,B09, best_B_prof=,7.101989, best_B_strat=,0.491115, best_S_id=,S00, best_S_prof=,5.023562, best_S_strat=,0.776691, 
t=,1486800, id=,B02, PRDE,actvstrat=,0.500053, actvprof=,0.000000, id=,B03, PRDE,actvstrat=,0.932898, actvprof=,0.025599, id=,B05, PRDE,actvstrat=,0.408398, actvprof=,0.575976, id=,B06, PRDE,actvstrat=,0.467773, actvprof=,1.854531, id=,B09, PRDE,actvstrat=,0.491115, actvprof=,6.789838, id=,S00, PRDE,actvstrat=,0.776691, actvprof=,5.208826, id=,S02, PRDE,actvstrat=,0.821159, actvprof=,2.408526, id=,S05, PRDE,actvstrat=,0.922641, actvprof=,0.139959, id=,S06, PRDE,actvstrat=,-0.973159, actvprof=,0.032833, id=,S07, PRDE,actvstrat=,-0.277100, actvprof=,0.000000, best_B_id=,B09, best_B_prof=,6.789838, best_B_strat=,0.491115, best_S_id=,S00, best_S_prof=,5.208826, best_S_strat=,0.776691, 
t=,1490400, id=,B02, PRDE,actvstrat=,0.500053, actvprof=,0.000000, id=,B03, PRDE,actvstrat=,0.932898, actvprof=,0.032528, id=,B05, PRDE,actvstrat=,0.408398, actvprof=,0.589110, id=,B06, PRDE,actvstrat=,0.467773, actvprof=,1.924269, id=,B09, PRDE,actvstrat=,0.491115, actvprof=,6.833567, id=,S00, PRDE,actvstrat=,0.776691, actvprof=,5.261958, id=,S02, PRDE,actvstrat=,0.821159, actvprof=,2.470843, id=,S05, PRDE,actvstrat=,0.922641, actvprof=,0.142760, id=,S06, PRDE,actvstrat=,-0.973159, actvprof=,0.032111, id=,S07, PRDE,actvstrat=,-0.277100, actvprof=,0.000973, best_B_id=,B09, best_B_prof=,6.833567, best_B_strat=,0.491115, best_S_id=,S00, best_S_prof=,5.261958, best_S_strat=,0.776691, 
t=,1494000, id=,B02, PRDE,actvstrat=,0.500053, actvprof=,0.006400, id=,B03, PRDE,actvstrat=,0.932898, actvprof=,0.021982, id=,B05, PRDE,actvstrat=,0.408398, actvprof=,0.787445, id=,B06, PRDE,actvstrat=,0.467773, actvprof=,2.071009, id=,B09, PRDE,actvstrat=,-0.247459, actvprof=,5.440608, id=,S00, PRDE,actvstrat=,0.776691, actvprof=,4.896074, id=,S02, PRDE,actvstrat=,0.821159, actvprof=,2.206517, id=,S05, PRDE,actvstrat=,0.922641, actvprof=,0.045355, id=,S06, PRDE,actvstrat=,0.984393, actvprof=,0.016695, id=,S07, PRDE,actvstrat=,0.767634, actvprof=,0.000000, best_B_id=,B09, best_B_prof=,5.440608, best_B_strat=,-0.247459, best_S_id=,S00, best_S_prof=,4.896074, best_S_strat=,0.776691, 
t=,1497600, id=,B02, PRDE,actvstrat=,0.500053, actvprof=,0.003197, id=,B03, PRDE,actvstrat=,0.932898, actvprof=,0.025299, id=,B05, PRDE,actvstrat=,0.408398, actvprof=,0.748546, id=,B06, PRDE,actvstrat=,0.467773, actvprof=,2.097874, id=,B09, PRDE,actvstrat=,-0.247459, actvprof=,5.514495, id=,S00, PRDE,actvstrat=,0.776691, actvprof=,4.970427, id=,S02, PRDE,actvstrat=,0.821159, actvprof=,2.218253, id=,S05, PRDE,actvstrat=,0.922641, actvprof=,0.045455, id=,S06, PRDE,actvstrat=,0.984393, actvprof=,0.015708, id=,S07, PRDE,actvstrat=,0.767634, actvprof=,0.000695, best_B_id=,B09, best_B_prof=,5.514495, best_B_strat=,-0.247459, best_S_id=,S00, best_S_prof=,4.970427, best_S_strat=,0.776691, 
t=,1501200, id=,B02, PRDE,actvstrat=,0.500053, actvprof=,0.005009, id=,B03, PRDE,actvstrat=,0.932898, actvprof=,0.031443, id=,B05, PRDE,actvstrat=,0.408398, actvprof=,0.609096, id=,B06, PRDE,actvstrat=,0.467773, actvprof=,2.020118, id=,B09, PRDE,actvstrat=,-0.247459, actvprof=,5.302670, id=,S00, PRDE,actvstrat=,0.776691, actvprof=,5.360268, id=,S02, PRDE,actvstrat=,0.505789, actvprof=,1.279130, id=,S05, PRDE,actvstrat=,0.922641, actvprof=,0.050364, id=,S06, PRDE,actvstrat=,0.984393, actvprof=,0.010574, id=,S07, PRDE,actvstrat=,0.767634, actvprof=,0.000000, best_B_id=,B09, best_B_prof=,5.302670, best_B_strat=,-0.247459, best_S_id=,S00, best_S_prof=,5.360268, best_S_strat=,0.776691, 
t=,1504800, id=,B02, PRDE,actvstrat=,0.500053, actvprof=,0.002502, id=,B03, PRDE,actvstrat=,0.932898, actvprof=,0.024048, id=,B05, PRDE,actvstrat=,0.408398, actvprof=,0.627619, id=,B06, PRDE,actvstrat=,0.467773, actvprof=,2.018947, id=,B09, PRDE,actvstrat=,-0.247459, actvprof=,5.278259, id=,S00, PRDE,actvstrat=,0.776691, actvprof=,5.205280, id=,S02, PRDE,actvstrat=,0.505789, actvprof=,1.283179, id=,S05, PRDE,actvstrat=,0.922641, actvprof=,0.052267, id=,S06, PRDE,actvstrat=,0.984393, actvprof=,0.009731, id=,S07, PRDE,actvstrat=,0.767634, actvprof=,0.000000, best_B_id=,B09, best_B_prof=,5.278259, best_B_strat=,-0.247459, best_S_id=,S00, best_S_prof=,5.205280, best_S_strat=,0.776691, 
t=,1508400, id=,B02, PRDE,actvstrat=,0.500053, actvprof=,0.001391, id=,B03, PRDE,actvstrat=,0.932898, actvprof=,0.021982, id=,B05, PRDE,actvstrat=,0.408398, actvprof=,0.843942, id=,B06, PRDE,actvstrat=,0.135001, actvprof=,1.911321, id=,B09, PRDE,actvstrat=,-0.247459, actvprof=,5.917887, id=,S00, PRDE,actvstrat=,0.776691, actvprof=,4.860247, id=,S02, PRDE,actvstrat=,0.821159, actvprof=,2.083559, id=,S05, PRDE,actvstrat=,0.922641, actvprof=,0.038121, id=,S06, PRDE,actvstrat=,0.984393, actvprof=,0.018921, id=,S07, PRDE,actvstrat=,0.767634, actvprof=,0.000000, best_B_id=,B09, best_B_prof=,5.917887, best_B_strat=,-0.247459, best_S_id=,S00, best_S_prof=,4.860247, best_S_strat=,0.776691, 
t=,1512000, id=,B02, PRDE,actvstrat=,0.500053, actvprof=,0.001251, id=,B03, PRDE,actvstrat=,0.932898, actvprof=,0.025855, id=,B05, PRDE,actvstrat=,0.408398, actvprof=,0.848358, id=,B06, PRDE,actvstrat=,0.135001, actvprof=,1.923574, id=,B09, PRDE,actvstrat=,-0.247459, actvprof=,5.780175, id=,S00, PRDE,actvstrat=,0.776691, actvprof=,4.830898, id=,S02, PRDE,actvstrat=,0.821159, actvprof=,2.112484, id=,S05, PRDE,actvstrat=,0.922641, actvprof=,0.039756, id=,S06, PRDE,actvstrat=,0.984393, actvprof=,0.016681, id=,S07, PRDE,actvstrat=,0.767634, actvprof=,0.000000, best_B_id=,B09, best_B_prof=,5.780175, best_B_strat=,-0.247459, best_S_id=,S00, best_S_prof=,4.830898, best_S_strat=,0.776691, 
t=,1515600, id=,B02, PRDE,actvstrat=,0.500053, actvprof=,0.000000, id=,B03, PRDE,actvstrat=,0.728349, actvprof=,0.000557, id=,B05, PRDE,actvstrat=,0.408398, actvprof=,0.452996, id=,B06, PRDE,actvstrat=,0.467773, actvprof=,1.686492, id=,B09, PRDE,actvstrat=,-0.247459, actvprof=,4.739486, id=,S00, PRDE,actvstrat=,-0.057816, actvprof=,1.579086, id=,S02, PRDE,actvstrat=,0.821159, actvprof=,2.721594, id=,S05, PRDE,actvstrat=,0.922641, actvprof=,0.087650, id=,S06, PRDE,actvstrat=,-0.973159, actvprof=,0.024486, id=,S07, PRDE,actvstrat=,0.767634, actvprof=,0.002226, best_B_id=,B09, best_B_prof=,4.739486, best_B_strat=,-0.247459, best_S_id=,S02, best_S_prof=,2.721594, best_S_strat=,0.821159, 
t=,1519200, id=,B02, PRDE,actvstrat=,0.500053, actvprof=,0.000000, id=,B03, PRDE,actvstrat=,0.728349, actvprof=,0.004448, id=,B05, PRDE,actvstrat=,0.408398, actvprof=,0.456362, id=,B06, PRDE,actvstrat=,0.467773, actvprof=,1.703955, id=,B09, PRDE,actvstrat=,-0.247459, actvprof=,4.927403, id=,S00, PRDE,actvstrat=,-0.057816, actvprof=,1.551325, id=,S02, PRDE,actvstrat=,0.821159, actvprof=,2.647678, id=,S05, PRDE,actvstrat=,0.922641, actvprof=,0.100503, id=,S06, PRDE,actvstrat=,-0.973159, actvprof=,0.019044, id=,S07, PRDE,actvstrat=,0.767634, actvprof=,0.001112, best_B_id=,B09, best_B_prof=,4.927403, best_B_strat=,-0.247459, best_S_id=,S02, best_S_prof=,2.647678, best_S_strat=,0.821159, 
t=,1522800, id=,B02, PRDE,actvstrat=,0.500053, actvprof=,0.003617, id=,B03, PRDE,actvstrat=,0.728349, actvprof=,0.057042, id=,B05, PRDE,actvstrat=,0.408398, actvprof=,0.735145, id=,B06, PRDE,actvstrat=,0.467773, actvprof=,2.060743, id=,B09, PRDE,actvstrat=,0.491115, actvprof=,6.713413, id=,S00, PRDE,actvstrat=,0.776691, actvprof=,5.147683, id=,S02, PRDE,actvstrat=,0.821159, actvprof=,2.485913, id=,S05, PRDE,actvstrat=,0.922641, actvprof=,0.171682, id=,S06, PRDE,actvstrat=,-0.973159, actvprof=,0.033947, id=,S07, PRDE,actvstrat=,0.767634, actvprof=,0.003617, best_B_id=,B09, best_B_prof=,6.713413, best_B_strat=,0.491115, best_S_id=,S00, best_S_prof=,5.147683, best_S_strat=,0.776691, 
t=,1526400, id=,B02, PRDE,actvstrat=,0.500053, actvprof=,0.004031, id=,B03, PRDE,actvstrat=,0.728349, actvprof=,0.053935, id=,B05, PRDE,actvstrat=,0.408398, actvprof=,0.688922, id=,B06, PRDE,actvstrat=,0.467773, actvprof=,1.983361, id=,B09, PRDE,actvstrat=,0.491115, actvprof=,6.685016, id=,S00, PRDE,actvstrat=,0.776691, actvprof=,5.169833, id=,S02, PRDE,actvstrat=,0.821159, actvprof=,2.467802, id=,S05, PRDE,actvstrat=,0.922641, actvprof=,0.186131, id=,S06, PRDE,actvstrat=,-0.973159, actvprof=,0.034474, id=,S07, PRDE,actvstrat=,0.767634, actvprof=,0.002641, best_B_id=,B09, best_B_prof=,6.685016, best_B_strat=,0.491115, best_S_id=,S00, best_S_prof=,5.169833, best_S_strat=,0.776691, 
t=,1530000, id=,B02, PRDE,actvstrat=,0.500053, actvprof=,0.003061, id=,B03, PRDE,actvstrat=,0.728349, actvprof=,0.038399, id=,B05, PRDE,actvstrat=,0.408398, actvprof=,0.889019, id=,B06, PRDE,actvstrat=,0.467773, actvprof=,2.350961, id=,B09, PRDE,actvstrat=,-0.247459, actvprof=,5.488821, id=,S00, PRDE,actvstrat=,0.776691, actvprof=,4.876108, id=,S02, PRDE,actvstrat=,0.821159, actvprof=,2.008153, id=,S05, PRDE,actvstrat=,0.922641, actvprof=,0.034503, id=,S06, PRDE,actvstrat=,0.984393, actvprof=,0.013634, id=,S07, PRDE,actvstrat=,0.767634, actvprof=,0.000000, best_B_id=,B09, best_B_prof=,5.488821, best_B_strat=,-0.247459, best_S_id=,S00, best_S_prof=,4.876108, best_S_strat=,0.776691, 
t=,1533600, id=,B02, PRDE,actvstrat=,0.500053, actvprof=,0.001946, id=,B03, PRDE,actvstrat=,0.728349, actvprof=,0.034613, id=,B05, PRDE,actvstrat=,0.408398, actvprof=,0.817782, id=,B06, PRDE,actvstrat=,0.467773, actvprof=,2.158371, id=,B09, PRDE,actvstrat=,-0.247459, actvprof=,5.632450, id=,S00, PRDE,actvstrat=,0.776691, actvprof=,4.992042, id=,S02, PRDE,actvstrat=,0.821159, actvprof=,2.104436, id=,S05, PRDE,actvstrat=,0.922641, actvprof=,0.033084, id=,S06, PRDE,actvstrat=,0.984393, actvprof=,0.012789, id=,S07, PRDE,actvstrat=,0.767634, actvprof=,0.000000, best_B_id=,B09, best_B_prof=,5.632450, best_B_strat=,-0.247459, best_S_id=,S00, best_S_prof=,4.992042, best_S_strat=,0.776691, 
t=,1537200, id=,B02, PRDE,actvstrat=,0.500053, actvprof=,0.002782, id=,B03, PRDE,actvstrat=,0.932898, actvprof=,0.029216, id=,B05, PRDE,actvstrat=,0.408398, actvprof=,0.749603, id=,B06, PRDE,actvstrat=,0.467773, actvprof=,2.154762, id=,B09, PRDE,actvstrat=,-0.247459, actvprof=,5.392471, id=,S00, PRDE,actvstrat=,0.776691, actvprof=,5.087231, id=,S02, PRDE,actvstrat=,0.821159, actvprof=,2.258271, id=,S05, PRDE,actvstrat=,0.922641, actvprof=,0.047302, id=,S06, PRDE,actvstrat=,0.984393, actvprof=,0.021147, id=,S07, PRDE,actvstrat=,0.767634, actvprof=,0.001113, best_B_id=,B09, best_B_prof=,5.392471, best_B_strat=,-0.247459, best_S_id=,S00, best_S_prof=,5.087231, best_S_strat=,0.776691, 
t=,1540800, id=,B02, PRDE,actvstrat=,0.500053, actvprof=,0.003058, id=,B03, PRDE,actvstrat=,0.932898, actvprof=,0.024883, id=,B05, PRDE,actvstrat=,0.408398, actvprof=,0.787345, id=,B06, PRDE,actvstrat=,0.467773, actvprof=,2.167144, id=,B09, PRDE,actvstrat=,-0.247459, actvprof=,5.454836, id=,S00, PRDE,actvstrat=,0.776691, actvprof=,5.018349, id=,S02, PRDE,actvstrat=,0.821159, actvprof=,2.176179, id=,S05, PRDE,actvstrat=,0.922641, actvprof=,0.038644, id=,S06, PRDE,actvstrat=,0.984393, actvprof=,0.014874, id=,S07, PRDE,actvstrat=,0.767634, actvprof=,0.000556, best_B_id=,B09, best_B_prof=,5.454836, best_B_strat=,-0.247459, best_S_id=,S00, best_S_prof=,5.018349, best_S_strat=,0.776691, 
t=,1544400, id=,B02, PRDE,actvstrat=,0.500053, actvprof=,0.000557, id=,B03, PRDE,actvstrat=,0.728349, actvprof=,0.038678, id=,B05, PRDE,actvstrat=,0.408398, actvprof=,0.729312, id=,B06, PRDE,actvstrat=,0.135001, actvprof=,1.552674, id=,B09, PRDE,actvstrat=,0.491115, actvprof=,6.823418, id=,S00, PRDE,actvstrat=,0.776691, actvprof=,5.166954, id=,S02, PRDE,actvstrat=,0.821159, actvprof=,2.431410, id=,S05, PRDE,actvstrat=,-0.282758, actvprof=,0.003896, id=,S06, PRDE,actvstrat=,0.984393, actvprof=,0.076242, id=,S07, PRDE,actvstrat=,0.767634, actvprof=,0.000000, best_B_id=,B09, best_B_prof=,6.823418, best_B_strat=,0.491115, best_S_id=,S00, best_S_prof=,5.166954, best_S_strat=,0.776691, 
t=,1548000, id=,B02, PRDE,actvstrat=,0.500053, actvprof=,0.001807, id=,B03, PRDE,actvstrat=,0.728349, actvprof=,0.041286, id=,B05, PRDE,actvstrat=,0.408398, actvprof=,0.721455, id=,B06, PRDE,actvstrat=,0.135001, actvprof=,1.634463, id=,B09, PRDE,actvstrat=,0.491115, actvprof=,6.784592, id=,S00, PRDE,actvstrat=,0.776691, actvprof=,5.107176, id=,S02, PRDE,actvstrat=,0.821159, actvprof=,2.418749, id=,S05, PRDE,actvstrat=,-0.282758, actvprof=,0.010565, id=,S06, PRDE,actvstrat=,0.984393, actvprof=,0.067280, id=,S07, PRDE,actvstrat=,0.767634, actvprof=,0.000000, best_B_id=,B09, best_B_prof=,6.784592, best_B_strat=,0.491115, best_S_id=,S00, best_S_prof=,5.107176, best_S_strat=,0.776691, 
t=,1551600, id=,B02, PRDE,actvstrat=,0.500053, actvprof=,0.005843, id=,B03, PRDE,actvstrat=,0.728349, actvprof=,0.033669, id=,B05, PRDE,actvstrat=,0.408398, actvprof=,0.797206, id=,B06, PRDE,actvstrat=,0.467773, actvprof=,2.382436, id=,B09, PRDE,actvstrat=,-0.247459, actvprof=,5.523680, id=,S00, PRDE,actvstrat=,0.776691, actvprof=,4.902610, id=,S02, PRDE,actvstrat=,0.821159, actvprof=,2.217708, id=,S05, PRDE,actvstrat=,0.922641, actvprof=,0.045912, id=,S06, PRDE,actvstrat=,0.984393, actvprof=,0.009461, id=,S07, PRDE,actvstrat=,0.767634, actvprof=,0.000000, best_B_id=,B09, best_B_prof=,5.523680, best_B_strat=,-0.247459, best_S_id=,S00, best_S_prof=,4.902610, best_S_strat=,0.776691, 
t=,1555200, id=,B02, PRDE,actvstrat=,0.500053, actvprof=,0.006672, id=,B03, PRDE,actvstrat=,0.728349, actvprof=,0.031416, id=,B05, PRDE,actvstrat=,0.408398, actvprof=,0.810976, id=,B06, PRDE,actvstrat=,0.467773, actvprof=,2.306292, id=,B09, PRDE,actvstrat=,-0.247459, actvprof=,5.447330, id=,S00, PRDE,actvstrat=,0.776691, actvprof=,4.864884, id=,S02, PRDE,actvstrat=,0.821159, actvprof=,2.231922, id=,S05, PRDE,actvstrat=,0.922641, actvprof=,0.046151, id=,S06, PRDE,actvstrat=,0.984393, actvprof=,0.013623, id=,S07, PRDE,actvstrat=,0.767634, actvprof=,0.001112, best_B_id=,B09, best_B_prof=,5.447330, best_B_strat=,-0.247459, best_S_id=,S00, best_S_prof=,4.864884, best_S_strat=,0.776691, 
t=,1558800, id=,B02, PRDE,actvstrat=,0.500053, actvprof=,0.001113, id=,B03, PRDE,actvstrat=,0.728349, actvprof=,0.037009, id=,B05, PRDE,actvstrat=,0.408398, actvprof=,0.785809, id=,B06, PRDE,actvstrat=,0.467773, actvprof=,2.161809, id=,B09, PRDE,actvstrat=,-0.247459, actvprof=,5.491757, id=,S00, PRDE,actvstrat=,0.776691, actvprof=,4.954435, id=,S02, PRDE,actvstrat=,0.821159, actvprof=,2.145113, id=,S05, PRDE,actvstrat=,0.922641, actvprof=,0.085983, id=,S06, PRDE,actvstrat=,-0.973159, actvprof=,0.016417, id=,S07, PRDE,actvstrat=,-0.836165, actvprof=,0.000000, best_B_id=,B09, best_B_prof=,5.491757, best_B_strat=,-0.247459, best_S_id=,S00, best_S_prof=,4.954435, best_S_strat=,0.776691, 
t=,1562400, id=,B02, PRDE,actvstrat=,0.500053, actvprof=,0.002085, id=,B03, PRDE,actvstrat=,0.728349, actvprof=,0.031833, id=,B05, PRDE,actvstrat=,0.408398, actvprof=,0.773577, id=,B06, PRDE,actvstrat=,0.467773, actvprof=,2.167685, id=,B09, PRDE,actvstrat=,-0.247459, actvprof=,5.272976, id=,S00, PRDE,actvstrat=,0.776691, actvprof=,4.896127, id=,S02, PRDE,actvstrat=,0.821159, actvprof=,2.201186, id=,S05, PRDE,actvstrat=,0.922641, actvprof=,0.105924, id=,S06, PRDE,actvstrat=,-0.973159, actvprof=,0.015152, id=,S07, PRDE,actvstrat=,-0.836165, actvprof=,0.000000, best_B_id=,B09, best_B_prof=,5.272976, best_B_strat=,-0.247459, best_S_id=,S00, best_S_prof=,4.896127, best_S_strat=,0.776691, 
t=,1566000, id=,B02, PRDE,actvstrat=,0.500053, actvprof=,0.000000, id=,B03, PRDE,actvstrat=,0.728349, actvprof=,0.018087, id=,B05, PRDE,actvstrat=,0.363371, actvprof=,0.437710, id=,B06, PRDE,actvstrat=,0.467773, actvprof=,1.766425, id=,B09, PRDE,actvstrat=,-0.247459, actvprof=,5.044383, id=,S00, PRDE,actvstrat=,0.231120, actvprof=,3.161644, id=,S02, PRDE,actvstrat=,0.505789, actvprof=,1.402454, id=,S05, PRDE,actvstrat=,0.922641, actvprof=,0.072071, id=,S06, PRDE,actvstrat=,-0.973159, actvprof=,0.008348, id=,S07, PRDE,actvstrat=,0.767634, actvprof=,0.001391, best_B_id=,B09, best_B_prof=,5.044383, best_B_strat=,-0.247459, best_S_id=,S00, best_S_prof=,3.161644, best_S_strat=,0.231120, 
t=,1569600, id=,B02, PRDE,actvstrat=,0.500053, actvprof=,0.000417, id=,B03, PRDE,actvstrat=,0.728349, actvprof=,0.020295, id=,B05, PRDE,actvstrat=,0.363371, actvprof=,0.405213, id=,B06, PRDE,actvstrat=,0.467773, actvprof=,1.721494, id=,B09, PRDE,actvstrat=,-0.247459, actvprof=,4.929974, id=,S00, PRDE,actvstrat=,0.231120, actvprof=,3.111034, id=,S02, PRDE,actvstrat=,0.505789, actvprof=,1.444448, id=,S05, PRDE,actvstrat=,0.922641, actvprof=,0.086464, id=,S06, PRDE,actvstrat=,-0.973159, actvprof=,0.012233, id=,S07, PRDE,actvstrat=,0.767634, actvprof=,0.000695, best_B_id=,B09, best_B_prof=,4.929974, best_B_strat=,-0.247459, best_S_id=,S00, best_S_prof=,3.111034, best_S_strat=,0.231120, 
t=,1573200, id=,B02, PRDE,actvstrat=,0.500053, actvprof=,0.003896, id=,B03, PRDE,actvstrat=,0.932898, actvprof=,0.025322, id=,B05, PRDE,actvstrat=,0.408398, actvprof=,0.888778, id=,B06, PRDE,actvstrat=,0.135001, actvprof=,1.850461, id=,B09, PRDE,actvstrat=,-0.247459, actvprof=,5.624287, id=,S00, PRDE,actvstrat=,0.776691, actvprof=,4.845980, id=,S02, PRDE,actvstrat=,0.821159, actvprof=,2.081699, id=,S05, PRDE,actvstrat=,0.922641, actvprof=,0.065949, id=,S06, PRDE,actvstrat=,-0.973159, actvprof=,0.005565, id=,S07, PRDE,actvstrat=,-0.780049, actvprof=,0.000000, best_B_id=,B09, best_B_prof=,5.624287, best_B_strat=,-0.247459, best_S_id=,S00, best_S_prof=,4.845980, best_S_strat=,0.776691, 
t=,1576800, id=,B02, PRDE,actvstrat=,0.500053, actvprof=,0.001946, id=,B03, PRDE,actvstrat=,0.932898, actvprof=,0.023632, id=,B05, PRDE,actvstrat=,0.408398, actvprof=,0.827391, id=,B06, PRDE,actvstrat=,0.135001, actvprof=,1.777528, id=,B09, PRDE,actvstrat=,-0.247459, actvprof=,5.435172, id=,S00, PRDE,actvstrat=,0.776691, actvprof=,4.957949, id=,S02, PRDE,actvstrat=,0.821159, actvprof=,2.156470, id=,S05, PRDE,actvstrat=,0.922641, actvprof=,0.057550, id=,S06, PRDE,actvstrat=,-0.973159, actvprof=,0.008202, id=,S07, PRDE,actvstrat=,-0.780049, actvprof=,0.000000, best_B_id=,B09, best_B_prof=,5.435172, best_B_strat=,-0.247459, best_S_id=,S00, best_S_prof=,4.957949, best_S_strat=,0.776691, 
t=,1580400, id=,B02, PRDE,actvstrat=,0.500053, actvprof=,0.000000, id=,B03, PRDE,actvstrat=,0.932898, actvprof=,0.027826, id=,B05, PRDE,actvstrat=,0.408398, actvprof=,0.729888, id=,B06, PRDE,actvstrat=,0.467773, actvprof=,2.277319, id=,B09, PRDE,actvstrat=,-0.247459, actvprof=,5.432006, id=,S00, PRDE,actvstrat=,0.776691, actvprof=,5.214125, id=,S02, PRDE,actvstrat=,0.821159, actvprof=,2.105908, id=,S05, PRDE,actvstrat=,0.922641, actvprof=,0.019200, id=,S06, PRDE,actvstrat=,0.984393, actvprof=,0.023374, id=,S07, PRDE,actvstrat=,0.767634, actvprof=,0.000000, best_B_id=,B09, best_B_prof=,5.432006, best_B_strat=,-0.247459, best_S_id=,S00, best_S_prof=,5.214125, best_S_strat=,0.776691, 
t=,1584000, id=,B02, PRDE,actvstrat=,0.500053, actvprof=,0.000000, id=,B03, PRDE,actvstrat=,0.932898, actvprof=,0.030721, id=,B05, PRDE,actvstrat=,0.408398, actvprof=,0.739258, id=,B06, PRDE,actvstrat=,0.467773, actvprof=,2.228339, id=,B09, PRDE,actvstrat=,-0.247459, actvprof=,5.448239, id=,S00, PRDE,actvstrat=,0.776691, actvprof=,5.109054, id=,S02, PRDE,actvstrat=,0.821159, actvprof=,2.179685, id=,S05, PRDE,actvstrat=,0.922641, actvprof=,0.028914, id=,S06, PRDE,actvstrat=,0.984393, actvprof=,0.018627, id=,S07, PRDE,actvstrat=,0.767634, actvprof=,0.000000, best_B_id=,B09, best_B_prof=,5.448239, best_B_strat=,-0.247459, best_S_id=,S00, best_S_prof=,5.109054, best_S_strat=,0.776691, 
t=,1587600, id=,B02, PRDE,actvstrat=,0.500053, actvprof=,0.000000, id=,B03, PRDE,actvstrat=,0.932898, actvprof=,0.003896, id=,B05, PRDE,actvstrat=,0.408398, actvprof=,0.389576, id=,B06, PRDE,actvstrat=,0.467773, actvprof=,1.515451, id=,B09, PRDE,actvstrat=,-0.247459, actvprof=,4.619816, id=,S00, PRDE,actvstrat=,0.231120, actvprof=,3.104365, id=,S02, PRDE,actvstrat=,0.505789, actvprof=,1.488737, id=,S05, PRDE,actvstrat=,0.922641, actvprof=,0.102403, id=,S06, PRDE,actvstrat=,-0.973159, actvprof=,0.006678, id=,S07, PRDE,actvstrat=,0.767634, actvprof=,0.003339, best_B_id=,B09, best_B_prof=,4.619816, best_B_strat=,-0.247459, best_S_id=,S00, best_S_prof=,3.104365, best_S_strat=,0.231120, 
t=,1591200, id=,B02, PRDE,actvstrat=,0.500053, actvprof=,0.000834, id=,B03, PRDE,actvstrat=,0.932898, actvprof=,0.008897, id=,B05, PRDE,actvstrat=,0.408398, actvprof=,0.399380, id=,B06, PRDE,actvstrat=,0.467773, actvprof=,1.551507, id=,B09, PRDE,actvstrat=,-0.247459, actvprof=,4.915168, id=,S00, PRDE,actvstrat=,0.231120, actvprof=,3.200462, id=,S02, PRDE,actvstrat=,0.505789, actvprof=,1.489508, id=,S05, PRDE,actvstrat=,0.922641, actvprof=,0.102451, id=,S06, PRDE,actvstrat=,-0.973159, actvprof=,0.005004, id=,S07, PRDE,actvstrat=,0.767634, actvprof=,0.001946, best_B_id=,B09, best_B_prof=,4.915168, best_B_strat=,-0.247459, best_S_id=,S00, best_S_prof=,3.200462, best_S_strat=,0.231120, 
t=,1594800, id=,B02, PRDE,actvstrat=,0.273808, actvprof=,0.003061, id=,B03, PRDE,actvstrat=,0.728349, actvprof=,0.028105, id=,B05, PRDE,actvstrat=,0.408398, actvprof=,0.812266, id=,B06, PRDE,actvstrat=,0.467773, actvprof=,2.239784, id=,B09, PRDE,actvstrat=,-0.247459, actvprof=,5.727046, id=,S00, PRDE,actvstrat=,0.776691, actvprof=,4.836865, id=,S02, PRDE,actvstrat=,0.821159, actvprof=,2.246741, id=,S05, PRDE,actvstrat=,0.922641, actvprof=,0.057602, id=,S06, PRDE,actvstrat=,0.984393, actvprof=,0.006678, id=,S07, PRDE,actvstrat=,0.767634, actvprof=,0.000000, best_B_id=,B09, best_B_prof=,5.727046, best_B_strat=,-0.247459, best_S_id=,S00, best_S_prof=,4.836865, best_S_strat=,0.776691, 
t=,1598400, id=,B02, PRDE,actvstrat=,0.273808, actvprof=,0.002780, id=,B03, PRDE,actvstrat=,0.728349, actvprof=,0.026134, id=,B05, PRDE,actvstrat=,0.408398, actvprof=,0.771508, id=,B06, PRDE,actvstrat=,0.467773, actvprof=,2.143125, id=,B09, PRDE,actvstrat=,-0.247459, actvprof=,5.667042, id=,S00, PRDE,actvstrat=,0.776691, actvprof=,4.990061, id=,S02, PRDE,actvstrat=,0.821159, actvprof=,2.266428, id=,S05, PRDE,actvstrat=,0.922641, actvprof=,0.057967, id=,S06, PRDE,actvstrat=,0.984393, actvprof=,0.013206, id=,S07, PRDE,actvstrat=,0.767634, actvprof=,0.000278, best_B_id=,B09, best_B_prof=,5.667042, best_B_strat=,-0.247459, best_S_id=,S00, best_S_prof=,4.990061, best_S_strat=,0.776691, 
t=,1602000, id=,B02, PRDE,actvstrat=,0.500053, actvprof=,0.004174, id=,B03, PRDE,actvstrat=,0.932898, actvprof=,0.040906, id=,B05, PRDE,actvstrat=,0.408398, actvprof=,0.815338, id=,B06, PRDE,actvstrat=,0.467773, actvprof=,2.184717, id=,B09, PRDE,actvstrat=,-0.247459, actvprof=,5.321961, id=,S00, PRDE,actvstrat=,0.776691, actvprof=,5.115205, id=,S02, PRDE,actvstrat=,0.821159, actvprof=,2.230076, id=,S05, PRDE,actvstrat=,0.922641, actvprof=,0.033114, id=,S06, PRDE,actvstrat=,0.984393, actvprof=,0.020314, id=,S07, PRDE,actvstrat=,0.767634, actvprof=,0.000000, best_B_id=,B09, best_B_prof=,5.321961, best_B_strat=,-0.247459, best_S_id=,S00, best_S_prof=,5.115205, best_S_strat=,0.776691, 
t=,1605600, id=,B02, PRDE,actvstrat=,0.500053, actvprof=,0.004031, id=,B03, PRDE,actvstrat=,0.932898, actvprof=,0.039758, id=,B05, PRDE,actvstrat=,0.408398, actvprof=,0.764708, id=,B06, PRDE,actvstrat=,0.467773, actvprof=,2.203764, id=,B09, PRDE,actvstrat=,-0.247459, actvprof=,5.423432, id=,S00, PRDE,actvstrat=,0.776691, actvprof=,5.113573, id=,S02, PRDE,actvstrat=,0.821159, actvprof=,2.205850, id=,S05, PRDE,actvstrat=,0.922641, actvprof=,0.030166, id=,S06, PRDE,actvstrat=,0.984393, actvprof=,0.018489, id=,S07, PRDE,actvstrat=,0.767634, actvprof=,0.000000, best_B_id=,B09, best_B_prof=,5.423432, best_B_strat=,-0.247459, best_S_id=,S00, best_S_prof=,5.113573, best_S_strat=,0.776691, 
t=,1609200, id=,B02, PRDE,actvstrat=,0.500053, actvprof=,0.001113, id=,B03, PRDE,actvstrat=,0.932898, actvprof=,0.021149, id=,B05, PRDE,actvstrat=,0.408398, actvprof=,0.667863, id=,B06, PRDE,actvstrat=,0.467773, actvprof=,2.064532, id=,B09, PRDE,actvstrat=,-0.247459, actvprof=,5.315913, id=,S00, PRDE,actvstrat=,0.776691, actvprof=,5.055725, id=,S02, PRDE,actvstrat=,0.821159, actvprof=,2.349766, id=,S05, PRDE,actvstrat=,0.922641, actvprof=,0.049255, id=,S06, PRDE,actvstrat=,0.984393, actvprof=,0.013914, id=,S07, PRDE,actvstrat=,0.767634, actvprof=,0.000000, best_B_id=,B09, best_B_prof=,5.315913, best_B_strat=,-0.247459, best_S_id=,S00, best_S_prof=,5.055725, best_S_strat=,0.776691, 
t=,1612800, id=,B02, PRDE,actvstrat=,0.500053, actvprof=,0.000834, id=,B03, PRDE,actvstrat=,0.932898, actvprof=,0.028776, id=,B05, PRDE,actvstrat=,0.408398, actvprof=,0.683112, id=,B06, PRDE,actvstrat=,0.467773, actvprof=,2.166941, id=,B09, PRDE,actvstrat=,-0.247459, actvprof=,5.334918, id=,S00, PRDE,actvstrat=,0.776691, actvprof=,4.963474, id=,S02, PRDE,actvstrat=,0.821159, actvprof=,2.219905, id=,S05, PRDE,actvstrat=,0.922641, actvprof=,0.047404, id=,S06, PRDE,actvstrat=,0.984393, actvprof=,0.018211, id=,S07, PRDE,actvstrat=,0.767634, actvprof=,0.000000, best_B_id=,B09, best_B_prof=,5.334918, best_B_strat=,-0.247459, best_S_id=,S00, best_S_prof=,4.963474, best_S_strat=,0.776691, 
t=,1616400, id=,B02, PRDE,actvstrat=,0.500053, actvprof=,0.000000, id=,B03, PRDE,actvstrat=,0.932898, actvprof=,0.002226, id=,B05, PRDE,actvstrat=,0.363371, actvprof=,1.095589, id=,B06, PRDE,actvstrat=,-0.994229, actvprof=,1.996382, id=,B09, PRDE,actvstrat=,-0.247459, actvprof=,6.200640, id=,S00, PRDE,actvstrat=,0.776691, actvprof=,4.403228, id=,S02, PRDE,actvstrat=,0.821159, actvprof=,1.666899, id=,S05, PRDE,actvstrat=,0.922641, actvprof=,0.006122, id=,S06, PRDE,actvstrat=,0.984393, actvprof=,0.005287, id=,S07, PRDE,actvstrat=,0.767634, actvprof=,0.000000, best_B_id=,B09, best_B_prof=,6.200640, best_B_strat=,-0.247459, best_S_id=,S00, best_S_prof=,4.403228, best_S_strat=,0.776691, 
t=,1620000, id=,B02, PRDE,actvstrat=,0.500053, actvprof=,0.000000, id=,B03, PRDE,actvstrat=,0.932898, actvprof=,0.004170, id=,B05, PRDE,actvstrat=,0.363371, actvprof=,1.111281, id=,B06, PRDE,actvstrat=,-0.994229, actvprof=,2.043094, id=,B09, PRDE,actvstrat=,-0.247459, actvprof=,6.071314, id=,S00, PRDE,actvstrat=,0.776691, actvprof=,4.581775, id=,S02, PRDE,actvstrat=,0.821159, actvprof=,1.672482, id=,S05, PRDE,actvstrat=,0.922641, actvprof=,0.014736, id=,S06, PRDE,actvstrat=,0.984393, actvprof=,0.003058, id=,S07, PRDE,actvstrat=,0.767634, actvprof=,0.000000, best_B_id=,B09, best_B_prof=,6.071314, best_B_strat=,-0.247459, best_S_id=,S00, best_S_prof=,4.581775, best_S_strat=,0.776691, 
t=,1623600, id=,B02, PRDE,actvstrat=,0.500053, actvprof=,0.000278, id=,B03, PRDE,actvstrat=,0.728349, actvprof=,0.040072, id=,B05, PRDE,actvstrat=,0.408398, actvprof=,0.709336, id=,B06, PRDE,actvstrat=,0.467773, actvprof=,2.161124, id=,B09, PRDE,actvstrat=,-0.247459, actvprof=,5.157646, id=,S00, PRDE,actvstrat=,0.776691, actvprof=,5.000417, id=,S02, PRDE,actvstrat=,0.821159, actvprof=,2.284402, id=,S05, PRDE,actvstrat=,0.922641, actvprof=,0.106303, id=,S06, PRDE,actvstrat=,-0.973159, actvprof=,0.013914, id=,S07, PRDE,actvstrat=,0.767634, actvprof=,0.001670, best_B_id=,B09, best_B_prof=,5.157646, best_B_strat=,-0.247459, best_S_id=,S00, best_S_prof=,5.000417, best_S_strat=,0.776691, 
t=,1627200, id=,B02, PRDE,actvstrat=,0.500053, actvprof=,0.002641, id=,B03, PRDE,actvstrat=,0.728349, actvprof=,0.036839, id=,B05, PRDE,actvstrat=,0.408398, actvprof=,0.723014, id=,B06, PRDE,actvstrat=,0.467773, actvprof=,2.169876, id=,B09, PRDE,actvstrat=,-0.247459, actvprof=,5.166470, id=,S00, PRDE,actvstrat=,0.776691, actvprof=,5.028984, id=,S02, PRDE,actvstrat=,0.821159, actvprof=,2.270522, id=,S05, PRDE,actvstrat=,0.922641, actvprof=,0.091610, id=,S06, PRDE,actvstrat=,-0.973159, actvprof=,0.012511, id=,S07, PRDE,actvstrat=,0.767634, actvprof=,0.001529, best_B_id=,B09, best_B_prof=,5.166470, best_B_strat=,-0.247459, best_S_id=,S00, best_S_prof=,5.028984, best_S_strat=,0.776691, 
t=,1630800, id=,B02, PRDE,actvstrat=,0.500053, actvprof=,0.001113, id=,B03, PRDE,actvstrat=,0.728349, actvprof=,0.042855, id=,B05, PRDE,actvstrat=,0.408398, actvprof=,0.829553, id=,B06, PRDE,actvstrat=,0.467773, actvprof=,2.132183, id=,B09, PRDE,actvstrat=,-0.247459, actvprof=,5.539724, id=,S00, PRDE,actvstrat=,0.776691, actvprof=,4.966467, id=,S02, PRDE,actvstrat=,0.821159, actvprof=,2.206484, id=,S05, PRDE,actvstrat=,0.922641, actvprof=,0.052595, id=,S06, PRDE,actvstrat=,0.984393, actvprof=,0.010853, id=,S07, PRDE,actvstrat=,-0.447365, actvprof=,0.000000, best_B_id=,B09, best_B_prof=,5.539724, best_B_strat=,-0.247459, best_S_id=,S00, best_S_prof=,4.966467, best_S_strat=,0.776691, 
t=,1634400, id=,B02, PRDE,actvstrat=,0.500053, actvprof=,0.000973, id=,B03, PRDE,actvstrat=,0.728349, actvprof=,0.035031, id=,B05, PRDE,actvstrat=,0.408398, actvprof=,0.833803, id=,B06, PRDE,actvstrat=,0.467773, actvprof=,2.206282, id=,B09, PRDE,actvstrat=,-0.247459, actvprof=,5.574716, id=,S00, PRDE,actvstrat=,0.776691, actvprof=,4.982658, id=,S02, PRDE,actvstrat=,0.821159, actvprof=,2.125237, id=,S05, PRDE,actvstrat=,0.922641, actvprof=,0.047960, id=,S06, PRDE,actvstrat=,0.984393, actvprof=,0.011260, id=,S07, PRDE,actvstrat=,-0.447365, actvprof=,0.000000, best_B_id=,B09, best_B_prof=,5.574716, best_B_strat=,-0.247459, best_S_id=,S00, best_S_prof=,4.982658, best_S_strat=,0.776691, 
t=,1638000, id=,B02, PRDE,actvstrat=,0.500053, actvprof=,0.000000, id=,B03, PRDE,actvstrat=,0.932898, actvprof=,0.040351, id=,B05, PRDE,actvstrat=,0.408398, actvprof=,0.697092, id=,B06, PRDE,actvstrat=,0.467773, actvprof=,2.069013, id=,B09, PRDE,actvstrat=,-0.247459, actvprof=,5.123417, id=,S00, PRDE,actvstrat=,0.776691, actvprof=,5.009322, id=,S02, PRDE,actvstrat=,0.821159, actvprof=,2.424377, id=,S05, PRDE,actvstrat=,0.922641, actvprof=,0.066231, id=,S06, PRDE,actvstrat=,-0.973159, actvprof=,0.008627, id=,S07, PRDE,actvstrat=,0.767634, actvprof=,0.000000, best_B_id=,B09, best_B_prof=,5.123417, best_B_strat=,-0.247459, best_S_id=,S00, best_S_prof=,5.009322, best_S_strat=,0.776691, 
t=,1641600, id=,B02, PRDE,actvstrat=,0.500053, actvprof=,0.000000, id=,B03, PRDE,actvstrat=,0.932898, actvprof=,0.033224, id=,B05, PRDE,actvstrat=,0.408398, actvprof=,0.724960, id=,B06, PRDE,actvstrat=,0.467773, actvprof=,2.105512, id=,B09, PRDE,actvstrat=,-0.247459, actvprof=,5.402377, id=,S00, PRDE,actvstrat=,0.776691, actvprof=,5.022312, id=,S02, PRDE,actvstrat=,0.821159, actvprof=,2.308473, id=,S05, PRDE,actvstrat=,0.922641, actvprof=,0.069368, id=,S06, PRDE,actvstrat=,-0.973159, actvprof=,0.009870, id=,S07, PRDE,actvstrat=,0.767634, actvprof=,0.000000, best_B_id=,B09, best_B_prof=,5.402377, best_B_strat=,-0.247459, best_S_id=,S00, best_S_prof=,5.022312, best_S_strat=,0.776691, 
t=,1645200, id=,B02, PRDE,actvstrat=,0.273808, actvprof=,0.003061, id=,B03, PRDE,actvstrat=,0.932898, actvprof=,0.020871, id=,B05, PRDE,actvstrat=,0.408398, actvprof=,0.741060, id=,B06, PRDE,actvstrat=,0.467773, actvprof=,2.052038, id=,B09, PRDE,actvstrat=,-0.247459, actvprof=,5.779045, id=,S00, PRDE,actvstrat=,0.776691, actvprof=,4.986503, id=,S02, PRDE,actvstrat=,0.821159, actvprof=,2.162237, id=,S05, PRDE,actvstrat=,0.922641, actvprof=,0.032559, id=,S06, PRDE,actvstrat=,0.984393, actvprof=,0.011409, id=,S07, PRDE,actvstrat=,0.767634, actvprof=,0.000000, best_B_id=,B09, best_B_prof=,5.779045, best_B_strat=,-0.247459, best_S_id=,S00, best_S_prof=,4.986503, best_S_strat=,0.776691, 
t=,1648800, id=,B02, PRDE,actvstrat=,0.273808, actvprof=,0.001529, id=,B03, PRDE,actvstrat=,0.932898, actvprof=,0.026135, id=,B05, PRDE,actvstrat=,0.408398, actvprof=,0.766803, id=,B06, PRDE,actvstrat=,0.467773, actvprof=,2.147633, id=,B09, PRDE,actvstrat=,-0.247459, actvprof=,5.558212, id=,S00, PRDE,actvstrat=,0.776691, actvprof=,4.904011, id=,S02, PRDE,actvstrat=,0.821159, actvprof=,2.209217, id=,S05, PRDE,actvstrat=,0.922641, actvprof=,0.035727, id=,S06, PRDE,actvstrat=,0.984393, actvprof=,0.015709, id=,S07, PRDE,actvstrat=,0.767634, actvprof=,0.000000, best_B_id=,B09, best_B_prof=,5.558212, best_B_strat=,-0.247459, best_S_id=,S00, best_S_prof=,4.904011, best_S_strat=,0.776691, 
t=,1652400, id=,B02, PRDE,actvstrat=,0.500053, actvprof=,0.002505, id=,B03, PRDE,actvstrat=,0.728349, actvprof=,0.019480, id=,B05, PRDE,actvstrat=,0.408398, actvprof=,0.875470, id=,B06, PRDE,actvstrat=,0.467773, actvprof=,2.263253, id=,B09, PRDE,actvstrat=,-0.247459, actvprof=,5.929873, id=,S00, PRDE,actvstrat=,0.776691, actvprof=,4.834562, id=,S02, PRDE,actvstrat=,0.821159, actvprof=,2.069848, id=,S05, PRDE,actvstrat=,0.922641, actvprof=,0.032281, id=,S06, PRDE,actvstrat=,0.984393, actvprof=,0.023097, id=,S07, PRDE,actvstrat=,0.767634, actvprof=,0.000000, best_B_id=,B09, best_B_prof=,5.929873, best_B_strat=,-0.247459, best_S_id=,S00, best_S_prof=,4.834562, best_S_strat=,0.776691, 
t=,1656000, id=,B02, PRDE,actvstrat=,0.500053, actvprof=,0.003892, id=,B03, PRDE,actvstrat=,0.728349, actvprof=,0.024328, id=,B05, PRDE,actvstrat=,0.408398, actvprof=,0.864669, id=,B06, PRDE,actvstrat=,0.467773, actvprof=,2.321540, id=,B09, PRDE,actvstrat=,-0.247459, actvprof=,5.762007, id=,S00, PRDE,actvstrat=,0.776691, actvprof=,4.917495, id=,S02, PRDE,actvstrat=,0.821159, actvprof=,2.093140, id=,S05, PRDE,actvstrat=,0.922641, actvprof=,0.037395, id=,S06, PRDE,actvstrat=,0.984393, actvprof=,0.016960, id=,S07, PRDE,actvstrat=,0.767634, actvprof=,0.000000, best_B_id=,B09, best_B_prof=,5.762007, best_B_strat=,-0.247459, best_S_id=,S00, best_S_prof=,4.917495, best_S_strat=,0.776691, 
t=,1659600, id=,B02, PRDE,actvstrat=,0.500053, actvprof=,0.006122, id=,B03, PRDE,actvstrat=,0.932898, actvprof=,0.016140, id=,B05, PRDE,actvstrat=,0.408398, actvprof=,0.535133, id=,B06, PRDE,actvstrat=,0.467773, actvprof=,2.027271, id=,B09, PRDE,actvstrat=,-0.247459, actvprof=,5.315431, id=,S00, PRDE,actvstrat=,0.776691, actvprof=,5.201336, id=,S02, PRDE,actvstrat=,0.505789, actvprof=,1.176012, id=,S05, PRDE,actvstrat=,0.932746, actvprof=,0.046751, id=,S06, PRDE,actvstrat=,0.984393, actvprof=,0.020314, id=,S07, PRDE,actvstrat=,0.767634, actvprof=,0.000000, best_B_id=,B09, best_B_prof=,5.315431, best_B_strat=,-0.247459, best_S_id=,S00, best_S_prof=,5.201336, best_S_strat=,0.776691, 
t=,1663200, id=,B02, PRDE,actvstrat=,0.500053, actvprof=,0.003058, id=,B03, PRDE,actvstrat=,0.932898, actvprof=,0.017099, id=,B05, PRDE,actvstrat=,0.408398, actvprof=,0.550354, id=,B06, PRDE,actvstrat=,0.467773, actvprof=,2.027094, id=,B09, PRDE,actvstrat=,-0.247459, actvprof=,5.205080, id=,S00, PRDE,actvstrat=,0.776691, actvprof=,5.177555, id=,S02, PRDE,actvstrat=,0.505789, actvprof=,1.305892, id=,S05, PRDE,actvstrat=,0.932746, actvprof=,0.045596, id=,S06, PRDE,actvstrat=,0.984393, actvprof=,0.013345, id=,S07, PRDE,actvstrat=,0.767634, actvprof=,0.000000, best_B_id=,B09, best_B_prof=,5.205080, best_B_strat=,-0.247459, best_S_id=,S00, best_S_prof=,5.177555, best_S_strat=,0.776691, 
t=,1666800, id=,B02, PRDE,actvstrat=,0.500053, actvprof=,0.002783, id=,B03, PRDE,actvstrat=,0.728349, actvprof=,0.030889, id=,B05, PRDE,actvstrat=,0.408398, actvprof=,0.795881, id=,B06, PRDE,actvstrat=,0.467773, actvprof=,2.108251, id=,B09, PRDE,actvstrat=,-0.247459, actvprof=,5.385836, id=,S00, PRDE,actvstrat=,0.776691, actvprof=,4.857660, id=,S02, PRDE,actvstrat=,0.821159, actvprof=,2.176708, id=,S05, PRDE,actvstrat=,0.922641, actvprof=,0.038403, id=,S06, PRDE,actvstrat=,0.984393, actvprof=,0.013636, id=,S07, PRDE,actvstrat=,0.767634, actvprof=,0.001113, best_B_id=,B09, best_B_prof=,5.385836, best_B_strat=,-0.247459, best_S_id=,S00, best_S_prof=,4.857660, best_S_strat=,0.776691, 
t=,1670400, id=,B02, PRDE,actvstrat=,0.500053, actvprof=,0.001807, id=,B03, PRDE,actvstrat=,0.728349, actvprof=,0.026552, id=,B05, PRDE,actvstrat=,0.408398, actvprof=,0.764579, id=,B06, PRDE,actvstrat=,0.467773, actvprof=,2.097727, id=,B09, PRDE,actvstrat=,-0.247459, actvprof=,5.497046, id=,S00, PRDE,actvstrat=,0.776691, actvprof=,4.892472, id=,S02, PRDE,actvstrat=,0.821159, actvprof=,2.243275, id=,S05, PRDE,actvstrat=,0.922641, actvprof=,0.048655, id=,S06, PRDE,actvstrat=,0.984393, actvprof=,0.017933, id=,S07, PRDE,actvstrat=,0.767634, actvprof=,0.000556, best_B_id=,B09, best_B_prof=,5.497046, best_B_strat=,-0.247459, best_S_id=,S00, best_S_prof=,4.892472, best_S_strat=,0.776691, 
t=,1674000, id=,B02, PRDE,actvstrat=,0.500053, actvprof=,0.003339, id=,B03, PRDE,actvstrat=,0.932898, actvprof=,0.026437, id=,B05, PRDE,actvstrat=,0.408398, actvprof=,0.687909, id=,B06, PRDE,actvstrat=,0.467773, actvprof=,2.154446, id=,B09, PRDE,actvstrat=,-0.247459, actvprof=,5.690831, id=,S00, PRDE,actvstrat=,0.776691, actvprof=,5.252539, id=,S02, PRDE,actvstrat=,0.821159, actvprof=,2.196466, id=,S05, PRDE,actvstrat=,0.922641, actvprof=,0.048142, id=,S06, PRDE,actvstrat=,0.984393, actvprof=,0.014471, id=,S07, PRDE,actvstrat=,0.767634, actvprof=,0.000000, best_B_id=,B09, best_B_prof=,5.690831, best_B_strat=,-0.247459, best_S_id=,S00, best_S_prof=,5.252539, best_S_strat=,0.776691, 
t=,1677600, id=,B02, PRDE,actvstrat=,0.500053, actvprof=,0.002780, id=,B03, PRDE,actvstrat=,0.932898, actvprof=,0.029749, id=,B05, PRDE,actvstrat=,0.408398, actvprof=,0.714946, id=,B06, PRDE,actvstrat=,0.467773, actvprof=,2.159156, id=,B09, PRDE,actvstrat=,-0.247459, actvprof=,5.574438, id=,S00, PRDE,actvstrat=,0.776691, actvprof=,5.151837, id=,S02, PRDE,actvstrat=,0.821159, actvprof=,2.187793, id=,S05, PRDE,actvstrat=,0.922641, actvprof=,0.045874, id=,S06, PRDE,actvstrat=,0.984393, actvprof=,0.013067, id=,S07, PRDE,actvstrat=,0.767634, actvprof=,0.000000, best_B_id=,B09, best_B_prof=,5.574438, best_B_strat=,-0.247459, best_S_id=,S00, best_S_prof=,5.151837, best_S_strat=,0.776691, 
t=,1681200, id=,B02, PRDE,actvstrat=,0.500053, actvprof=,0.000000, id=,B03, PRDE,actvstrat=,0.728349, actvprof=,0.017810, id=,B05, PRDE,actvstrat=,0.408398, actvprof=,0.539593, id=,B06, PRDE,actvstrat=,0.467773, actvprof=,1.949380, id=,B09, PRDE,actvstrat=,-0.247459, actvprof=,5.173023, id=,S00, PRDE,actvstrat=,0.231120, actvprof=,2.648151, id=,S02, PRDE,actvstrat=,0.821159, actvprof=,2.489251, id=,S05, PRDE,actvstrat=,0.922641, actvprof=,0.038125, id=,S06, PRDE,actvstrat=,0.984393, actvprof=,0.015027, id=,S07, PRDE,actvstrat=,0.767634, actvprof=,0.000000, best_B_id=,B09, best_B_prof=,5.173023, best_B_strat=,-0.247459, best_S_id=,S00, best_S_prof=,2.648151, best_S_strat=,0.231120, 
t=,1684800, id=,B02, PRDE,actvstrat=,0.500053, actvprof=,0.000000, id=,B03, PRDE,actvstrat=,0.728349, actvprof=,0.011121, id=,B05, PRDE,actvstrat=,0.408398, actvprof=,0.576636, id=,B06, PRDE,actvstrat=,0.467773, actvprof=,1.964287, id=,B09, PRDE,actvstrat=,-0.247459, actvprof=,5.133142, id=,S00, PRDE,actvstrat=,0.231120, actvprof=,2.539532, id=,S02, PRDE,actvstrat=,0.821159, actvprof=,2.500330, id=,S05, PRDE,actvstrat=,0.922641, actvprof=,0.047543, id=,S06, PRDE,actvstrat=,0.984393, actvprof=,0.011677, id=,S07, PRDE,actvstrat=,0.767634, actvprof=,0.000417, best_B_id=,B09, best_B_prof=,5.133142, best_B_strat=,-0.247459, best_S_id=,S00, best_S_prof=,2.539532, best_S_strat=,0.231120, 
t=,1688400, id=,B02, PRDE,actvstrat=,0.500053, actvprof=,0.001391, id=,B03, PRDE,actvstrat=,0.932898, actvprof=,0.025880, id=,B05, PRDE,actvstrat=,0.408398, actvprof=,0.805900, id=,B06, PRDE,actvstrat=,0.467773, actvprof=,2.323918, id=,B09, PRDE,actvstrat=,-0.247459, actvprof=,5.597050, id=,S00, PRDE,actvstrat=,0.776691, actvprof=,4.991512, id=,S02, PRDE,actvstrat=,0.821159, actvprof=,2.120217, id=,S05, PRDE,actvstrat=,0.922641, actvprof=,0.033950, id=,S06, PRDE,actvstrat=,0.984393, actvprof=,0.003339, id=,S07, PRDE,actvstrat=,0.767634, actvprof=,0.000000, best_B_id=,B09, best_B_prof=,5.597050, best_B_strat=,-0.247459, best_S_id=,S00, best_S_prof=,4.991512, best_S_strat=,0.776691, 
t=,1692000, id=,B02, PRDE,actvstrat=,0.500053, actvprof=,0.001112, id=,B03, PRDE,actvstrat=,0.932898, actvprof=,0.024467, id=,B05, PRDE,actvstrat=,0.408398, actvprof=,0.805038, id=,B06, PRDE,actvstrat=,0.467773, actvprof=,2.243430, id=,B09, PRDE,actvstrat=,-0.247459, actvprof=,5.527668, id=,S00, PRDE,actvstrat=,0.776691, actvprof=,4.972857, id=,S02, PRDE,actvstrat=,0.821159, actvprof=,2.162384, id=,S05, PRDE,actvstrat=,0.922641, actvprof=,0.052548, id=,S06, PRDE,actvstrat=,0.984393, actvprof=,0.003197, id=,S07, PRDE,actvstrat=,0.767634, actvprof=,0.000000, best_B_id=,B09, best_B_prof=,5.527668, best_B_strat=,-0.247459, best_S_id=,S00, best_S_prof=,4.972857, best_S_strat=,0.776691, 
t=,1695600, id=,B02, PRDE,actvstrat=,0.500053, actvprof=,0.002505, id=,B03, PRDE,actvstrat=,0.728349, actvprof=,0.038960, id=,B05, PRDE,actvstrat=,0.408398, actvprof=,0.778928, id=,B06, PRDE,actvstrat=,0.467773, actvprof=,2.224356, id=,B09, PRDE,actvstrat=,-0.247459, actvprof=,5.071798, id=,S00, PRDE,actvstrat=,0.776691, actvprof=,4.860021, id=,S02, PRDE,actvstrat=,0.821159, actvprof=,2.173986, id=,S05, PRDE,actvstrat=,0.922641, actvprof=,0.071242, id=,S06, PRDE,actvstrat=,-0.973159, actvprof=,0.013914, id=,S07, PRDE,actvstrat=,0.767634, actvprof=,0.003061, best_B_id=,B09, best_B_prof=,5.071798, best_B_strat=,-0.247459, best_S_id=,S00, best_S_prof=,4.860021, best_S_strat=,0.776691, 
t=,1699200, id=,B02, PRDE,actvstrat=,0.500053, actvprof=,0.002641, id=,B03, PRDE,actvstrat=,0.728349, actvprof=,0.029193, id=,B05, PRDE,actvstrat=,0.408398, actvprof=,0.786137, id=,B06, PRDE,actvstrat=,0.467773, actvprof=,2.189507, id=,B09, PRDE,actvstrat=,-0.247459, actvprof=,5.193511, id=,S00, PRDE,actvstrat=,0.776691, actvprof=,4.901993, id=,S02, PRDE,actvstrat=,0.821159, actvprof=,2.171852, id=,S05, PRDE,actvstrat=,0.922641, actvprof=,0.070203, id=,S06, PRDE,actvstrat=,-0.973159, actvprof=,0.016265, id=,S07, PRDE,actvstrat=,0.767634, actvprof=,0.002224, best_B_id=,B09, best_B_prof=,5.193511, best_B_strat=,-0.247459, best_S_id=,S00, best_S_prof=,4.901993, best_S_strat=,0.776691, 
t=,1702800, id=,B02, PRDE,actvstrat=,0.500053, actvprof=,0.002783, id=,B03, PRDE,actvstrat=,0.932898, actvprof=,0.019480, id=,B05, PRDE,actvstrat=,0.408398, actvprof=,0.606676, id=,B06, PRDE,actvstrat=,0.467773, actvprof=,1.802218, id=,B09, PRDE,actvstrat=,-0.247459, actvprof=,5.030960, id=,S00, PRDE,actvstrat=,0.231120, actvprof=,2.650452, id=,S02, PRDE,actvstrat=,0.821159, actvprof=,2.578652, id=,S05, PRDE,actvstrat=,0.922641, actvprof=,0.093228, id=,S06, PRDE,actvstrat=,-0.973159, actvprof=,0.008349, id=,S07, PRDE,actvstrat=,0.767634, actvprof=,0.000000, best_B_id=,B09, best_B_prof=,5.030960, best_B_strat=,-0.247459, best_S_id=,S00, best_S_prof=,2.650452, best_S_strat=,0.231120, 
t=,1706400, id=,B02, PRDE,actvstrat=,0.500053, actvprof=,0.002363, id=,B03, PRDE,actvstrat=,0.932898, actvprof=,0.019184, id=,B05, PRDE,actvstrat=,0.408398, actvprof=,0.570805, id=,B06, PRDE,actvstrat=,0.467773, actvprof=,1.803193, id=,B09, PRDE,actvstrat=,-0.247459, actvprof=,4.936504, id=,S00, PRDE,actvstrat=,0.231120, actvprof=,2.611023, id=,S02, PRDE,actvstrat=,0.821159, actvprof=,2.501199, id=,S05, PRDE,actvstrat=,0.922641, actvprof=,0.086469, id=,S06, PRDE,actvstrat=,-0.973159, actvprof=,0.013485, id=,S07, PRDE,actvstrat=,0.767634, actvprof=,0.001112, best_B_id=,B09, best_B_prof=,4.936504, best_B_strat=,-0.247459, best_S_id=,S00, best_S_prof=,2.611023, best_S_strat=,0.231120, 
t=,1710000, id=,B02, PRDE,actvstrat=,0.500053, actvprof=,0.000000, id=,B03, PRDE,actvstrat=,0.932898, actvprof=,0.023098, id=,B05, PRDE,actvstrat=,0.408398, actvprof=,0.726898, id=,B06, PRDE,actvstrat=,0.467773, actvprof=,2.100547, id=,B09, PRDE,actvstrat=,-0.247459, actvprof=,5.486802, id=,S00, PRDE,actvstrat=,0.776691, actvprof=,5.066581, id=,S02, PRDE,actvstrat=,0.821159, actvprof=,2.200175, id=,S05, PRDE,actvstrat=,0.922641, actvprof=,0.034786, id=,S06, PRDE,actvstrat=,0.984393, actvprof=,0.020872, id=,S07, PRDE,actvstrat=,0.767634, actvprof=,0.000000, best_B_id=,B09, best_B_prof=,5.486802, best_B_strat=,-0.247459, best_S_id=,S00, best_S_prof=,5.066581, best_S_strat=,0.776691, 
t=,1713600, id=,B02, PRDE,actvstrat=,0.500053, actvprof=,0.000834, id=,B03, PRDE,actvstrat=,0.932898, actvprof=,0.026552, id=,B05, PRDE,actvstrat=,0.408398, actvprof=,0.738872, id=,B06, PRDE,actvstrat=,0.467773, actvprof=,2.123474, id=,B09, PRDE,actvstrat=,-0.247459, actvprof=,5.521450, id=,S00, PRDE,actvstrat=,0.776691, actvprof=,5.026969, id=,S02, PRDE,actvstrat=,0.821159, actvprof=,2.225095, id=,S05, PRDE,actvstrat=,0.922641, actvprof=,0.044624, id=,S06, PRDE,actvstrat=,0.984393, actvprof=,0.018489, id=,S07, PRDE,actvstrat=,0.767634, actvprof=,0.000000, best_B_id=,B09, best_B_prof=,5.521450, best_B_strat=,-0.247459, best_S_id=,S00, best_S_prof=,5.026969, best_S_strat=,0.776691, 
t=,1717200, id=,B02, PRDE,actvstrat=,0.500053, actvprof=,0.001670, id=,B03, PRDE,actvstrat=,0.728349, actvprof=,0.024768, id=,B05, PRDE,actvstrat=,0.408398, actvprof=,0.825703, id=,B06, PRDE,actvstrat=,0.467773, actvprof=,2.214399, id=,B09, PRDE,actvstrat=,-0.247459, actvprof=,5.450143, id=,S00, PRDE,actvstrat=,0.776691, actvprof=,4.965352, id=,S02, PRDE,actvstrat=,0.821159, actvprof=,2.282860, id=,S05, PRDE,actvstrat=,0.922641, actvprof=,0.050093, id=,S06, PRDE,actvstrat=,0.984393, actvprof=,0.018368, id=,S07, PRDE,actvstrat=,-0.737356, actvprof=,0.000000, best_B_id=,B09, best_B_prof=,5.450143, best_B_strat=,-0.247459, best_S_id=,S00, best_S_prof=,4.965352, best_S_strat=,0.776691, 
t=,1720800, id=,B02, PRDE,actvstrat=,0.500053, actvprof=,0.001390, id=,B03, PRDE,actvstrat=,0.728349, actvprof=,0.020992, id=,B05, PRDE,actvstrat=,0.408398, actvprof=,0.849680, id=,B06, PRDE,actvstrat=,0.467773, actvprof=,2.291855, id=,B09, PRDE,actvstrat=,-0.247459, actvprof=,5.490804, id=,S00, PRDE,actvstrat=,0.776691, actvprof=,5.006325, id=,S02, PRDE,actvstrat=,0.821159, actvprof=,2.196766, id=,S05, PRDE,actvstrat=,0.922641, actvprof=,0.045459, id=,S06, PRDE,actvstrat=,0.984393, actvprof=,0.014319, id=,S07, PRDE,actvstrat=,-0.737356, actvprof=,0.000000, best_B_id=,B09, best_B_prof=,5.490804, best_B_strat=,-0.247459, best_S_id=,S00, best_S_prof=,5.006325, best_S_strat=,0.776691, 
t=,1724400, id=,B02, PRDE,actvstrat=,0.500053, actvprof=,0.000557, id=,B03, PRDE,actvstrat=,0.728349, actvprof=,0.033952, id=,B05, PRDE,actvstrat=,0.408398, actvprof=,0.849080, id=,B06, PRDE,actvstrat=,0.467773, actvprof=,2.278685, id=,B09, PRDE,actvstrat=,-0.247459, actvprof=,5.498567, id=,S00, PRDE,actvstrat=,0.776691, actvprof=,4.952272, id=,S02, PRDE,actvstrat=,0.821159, actvprof=,2.182952, id=,S05, PRDE,actvstrat=,0.922641, actvprof=,0.042023, id=,S06, PRDE,actvstrat=,0.984393, actvprof=,0.011688, id=,S07, PRDE,actvstrat=,0.767634, actvprof=,0.000000, best_B_id=,B09, best_B_prof=,5.498567, best_B_strat=,-0.247459, best_S_id=,S00, best_S_prof=,4.952272, best_S_strat=,0.776691, 
t=,1728000, id=,B02, PRDE,actvstrat=,0.500053, actvprof=,0.001807, id=,B03, PRDE,actvstrat=,0.728349, actvprof=,0.041010, id=,B05, PRDE,actvstrat=,0.408398, actvprof=,0.813952, id=,B06, PRDE,actvstrat=,0.467773, actvprof=,2.267666, id=,B09, PRDE,actvstrat=,-0.247459, actvprof=,5.475234, id=,S00, PRDE,actvstrat=,0.776691, actvprof=,4.924583, id=,S02, PRDE,actvstrat=,0.821159, actvprof=,2.121001, id=,S05, PRDE,actvstrat=,0.922641, actvprof=,0.046432, id=,S06, PRDE,actvstrat=,0.984393, actvprof=,0.015153, id=,S07, PRDE,actvstrat=,0.767634, actvprof=,0.000000, best_B_id=,B09, best_B_prof=,5.475234, best_B_strat=,-0.247459, best_S_id=,S00, best_S_prof=,4.924583, best_S_strat=,0.776691, 
t=,1731600, id=,B02, PRDE,actvstrat=,0.500053, actvprof=,0.001948, id=,B03, PRDE,actvstrat=,0.728349, actvprof=,0.034509, id=,B05, PRDE,actvstrat=,0.408398, actvprof=,0.785072, id=,B06, PRDE,actvstrat=,0.467773, actvprof=,2.143434, id=,B09, PRDE,actvstrat=,-0.247459, actvprof=,5.662205, id=,S00, PRDE,actvstrat=,0.776691, actvprof=,4.947820, id=,S02, PRDE,actvstrat=,0.821159, actvprof=,2.134528, id=,S05, PRDE,actvstrat=,0.922641, actvprof=,0.047589, id=,S06, PRDE,actvstrat=,0.984393, actvprof=,0.018646, id=,S07, PRDE,actvstrat=,0.767634, actvprof=,0.000000, best_B_id=,B09, best_B_prof=,5.662205, best_B_strat=,-0.247459, best_S_id=,S00, best_S_prof=,4.947820, best_S_strat=,0.776691, 
t=,1735200, id=,B02, PRDE,actvstrat=,0.500053, actvprof=,0.003475, id=,B03, PRDE,actvstrat=,0.728349, actvprof=,0.031835, id=,B05, PRDE,actvstrat=,0.408398, actvprof=,0.805611, id=,B06, PRDE,actvstrat=,0.467773, actvprof=,2.181752, id=,B09, PRDE,actvstrat=,-0.247459, actvprof=,5.616337, id=,S00, PRDE,actvstrat=,0.776691, actvprof=,4.961283, id=,S02, PRDE,actvstrat=,0.821159, actvprof=,2.161039, id=,S05, PRDE,actvstrat=,0.922641, actvprof=,0.044903, id=,S06, PRDE,actvstrat=,0.984393, actvprof=,0.012373, id=,S07, PRDE,actvstrat=,0.767634, actvprof=,0.000000, best_B_id=,B09, best_B_prof=,5.616337, best_B_strat=,-0.247459, best_S_id=,S00, best_S_prof=,4.961283, best_S_strat=,0.776691, 
t=,1738800, id=,B02, PRDE,actvstrat=,0.500053, actvprof=,0.008906, id=,B03, PRDE,actvstrat=,0.728349, actvprof=,0.028665, id=,B05, PRDE,actvstrat=,0.408398, actvprof=,0.741390, id=,B06, PRDE,actvstrat=,0.467773, actvprof=,2.205803, id=,B09, PRDE,actvstrat=,-0.247459, actvprof=,5.249565, id=,S00, PRDE,actvstrat=,0.776691, actvprof=,5.028595, id=,S02, PRDE,actvstrat=,0.821159, actvprof=,2.270646, id=,S05, PRDE,actvstrat=,0.922641, actvprof=,0.097405, id=,S06, PRDE,actvstrat=,-0.973159, actvprof=,0.008349, id=,S07, PRDE,actvstrat=,0.767634, actvprof=,0.000000, best_B_id=,B09, best_B_prof=,5.249565, best_B_strat=,-0.247459, best_S_id=,S00, best_S_prof=,5.028595, best_S_strat=,0.776691, 
t=,1742400, id=,B02, PRDE,actvstrat=,0.500053, actvprof=,0.007507, id=,B03, PRDE,actvstrat=,0.728349, actvprof=,0.029055, id=,B05, PRDE,actvstrat=,0.408398, actvprof=,0.725119, id=,B06, PRDE,actvstrat=,0.467773, actvprof=,2.185784, id=,B09, PRDE,actvstrat=,-0.247459, actvprof=,5.193027, id=,S00, PRDE,actvstrat=,0.776691, actvprof=,5.012303, id=,S02, PRDE,actvstrat=,0.821159, actvprof=,2.306313, id=,S05, PRDE,actvstrat=,0.922641, actvprof=,0.084940, id=,S06, PRDE,actvstrat=,-0.973159, actvprof=,0.011260, id=,S07, PRDE,actvstrat=,0.767634, actvprof=,0.000973, best_B_id=,B09, best_B_prof=,5.193027, best_B_strat=,-0.247459, best_S_id=,S00, best_S_prof=,5.012303, best_S_strat=,0.776691, 
t=,1746000, id=,B02, PRDE,actvstrat=,0.500053, actvprof=,0.001392, id=,B03, PRDE,actvstrat=,0.932898, actvprof=,0.025326, id=,B05, PRDE,actvstrat=,0.408398, actvprof=,0.760892, id=,B06, PRDE,actvstrat=,0.360276, actvprof=,1.935906, id=,B09, PRDE,actvstrat=,-0.247459, actvprof=,5.112506, id=,S00, PRDE,actvstrat=,0.776691, actvprof=,5.025396, id=,S02, PRDE,actvstrat=,0.821159, actvprof=,2.277946, id=,S05, PRDE,actvstrat=,-0.705202, actvprof=,0.000000, id=,S06, PRDE,actvstrat=,0.984393, actvprof=,0.030892, id=,S07, PRDE,actvstrat=,0.767634, actvprof=,0.000000, best_B_id=,B09, best_B_prof=,5.112506, best_B_strat=,-0.247459, best_S_id=,S00, best_S_prof=,5.025396, best_S_strat=,0.776691, 
t=,1749600, id=,B02, PRDE,actvstrat=,0.500053, actvprof=,0.001946, id=,B03, PRDE,actvstrat=,0.932898, actvprof=,0.025441, id=,B05, PRDE,actvstrat=,0.408398, actvprof=,0.726803, id=,B06, PRDE,actvstrat=,0.360276, actvprof=,1.896805, id=,B09, PRDE,actvstrat=,-0.247459, actvprof=,5.291701, id=,S00, PRDE,actvstrat=,0.776691, actvprof=,5.076079, id=,S02, PRDE,actvstrat=,0.821159, actvprof=,2.325268, id=,S05, PRDE,actvstrat=,-0.705202, actvprof=,0.000000, id=,S06, PRDE,actvstrat=,0.984393, actvprof=,0.025719, id=,S07, PRDE,actvstrat=,0.767634, actvprof=,0.000000, best_B_id=,B09, best_B_prof=,5.291701, best_B_strat=,-0.247459, best_S_id=,S00, best_S_prof=,5.076079, best_S_strat=,0.776691, 
t=,1753200, id=,B02, PRDE,actvstrat=,0.500053, actvprof=,0.000000, id=,B03, PRDE,actvstrat=,0.728349, actvprof=,0.029223, id=,B05, PRDE,actvstrat=,0.408398, actvprof=,0.775664, id=,B06, PRDE,actvstrat=,0.467773, actvprof=,2.167518, id=,B09, PRDE,actvstrat=,-0.247459, actvprof=,5.458872, id=,S00, PRDE,actvstrat=,0.776691, actvprof=,4.869122, id=,S02, PRDE,actvstrat=,0.821159, actvprof=,2.252404, id=,S05, PRDE,actvstrat=,0.922641, actvprof=,0.074588, id=,S06, PRDE,actvstrat=,-0.973159, actvprof=,0.004453, id=,S07, PRDE,actvstrat=,0.767634, actvprof=,0.003340, best_B_id=,B09, best_B_prof=,5.458872, best_B_strat=,-0.247459, best_S_id=,S00, best_S_prof=,4.869122, best_S_strat=,0.776691, 
t=,1756800, id=,B02, PRDE,actvstrat=,0.500053, actvprof=,0.001112, id=,B03, PRDE,actvstrat=,0.728349, actvprof=,0.035729, id=,B05, PRDE,actvstrat=,0.408398, actvprof=,0.764210, id=,B06, PRDE,actvstrat=,0.467773, actvprof=,2.221311, id=,B09, PRDE,actvstrat=,-0.247459, actvprof=,5.498641, id=,S00, PRDE,actvstrat=,0.776691, actvprof=,4.896671, id=,S02, PRDE,actvstrat=,0.821159, actvprof=,2.224508, id=,S05, PRDE,actvstrat=,0.922641, actvprof=,0.078826, id=,S06, PRDE,actvstrat=,-0.973159, actvprof=,0.006395, id=,S07, PRDE,actvstrat=,0.767634, actvprof=,0.001668, best_B_id=,B09, best_B_prof=,5.498641, best_B_strat=,-0.247459, best_S_id=,S00, best_S_prof=,4.896671, best_S_strat=,0.776691, 
t=,1760400, id=,B02, PRDE,actvstrat=,0.500053, actvprof=,0.003896, id=,B03, PRDE,actvstrat=,0.728349, actvprof=,0.043139, id=,B05, PRDE,actvstrat=,0.408398, actvprof=,0.594759, id=,B06, PRDE,actvstrat=,0.467773, actvprof=,1.864989, id=,B09, PRDE,actvstrat=,-0.247459, actvprof=,5.281307, id=,S00, PRDE,actvstrat=,0.894361, actvprof=,5.903898, id=,S02, PRDE,actvstrat=,0.505789, actvprof=,1.314482, id=,S05, PRDE,actvstrat=,0.922641, actvprof=,0.088504, id=,S06, PRDE,actvstrat=,-0.973159, actvprof=,0.005566, id=,S07, PRDE,actvstrat=,0.767634, actvprof=,0.000000, best_B_id=,B09, best_B_prof=,5.281307, best_B_strat=,-0.247459, best_S_id=,S00, best_S_prof=,5.903898, best_S_strat=,0.894361, 
t=,1764000, id=,B02, PRDE,actvstrat=,0.500053, actvprof=,0.005422, id=,B03, PRDE,actvstrat=,0.728349, actvprof=,0.039205, id=,B05, PRDE,actvstrat=,0.408398, actvprof=,0.638950, id=,B06, PRDE,actvstrat=,0.467773, actvprof=,1.890297, id=,B09, PRDE,actvstrat=,-0.247459, actvprof=,5.105067, id=,S00, PRDE,actvstrat=,0.894361, actvprof=,5.946295, id=,S02, PRDE,actvstrat=,0.505789, actvprof=,1.288605, id=,S05, PRDE,actvstrat=,0.922641, actvprof=,0.089114, id=,S06, PRDE,actvstrat=,-0.973159, actvprof=,0.012373, id=,S07, PRDE,actvstrat=,0.767634, actvprof=,0.000000, best_B_id=,B09, best_B_prof=,5.105067, best_B_strat=,-0.247459, best_S_id=,S00, best_S_prof=,5.946295, best_S_strat=,0.894361, 
t=,1767600, id=,B02, PRDE,actvstrat=,0.500053, actvprof=,0.002227, id=,B03, PRDE,actvstrat=,0.932898, actvprof=,0.033120, id=,B05, PRDE,actvstrat=,0.408398, actvprof=,0.671862, id=,B06, PRDE,actvstrat=,0.467773, actvprof=,2.162538, id=,B09, PRDE,actvstrat=,-0.247459, actvprof=,5.344002, id=,S00, PRDE,actvstrat=,0.776691, actvprof=,5.402171, id=,S02, PRDE,actvstrat=,0.821159, actvprof=,2.261898, id=,S05, PRDE,actvstrat=,0.922641, actvprof=,0.082939, id=,S06, PRDE,actvstrat=,-0.973159, actvprof=,0.002783, id=,S07, PRDE,actvstrat=,0.284540, actvprof=,0.000000, best_B_id=,B09, best_B_prof=,5.344002, best_B_strat=,-0.247459, best_S_id=,S00, best_S_prof=,5.402171, best_S_strat=,0.776691, 
t=,1771200, id=,B02, PRDE,actvstrat=,0.500053, actvprof=,0.003198, id=,B03, PRDE,actvstrat=,0.932898, actvprof=,0.034617, id=,B05, PRDE,actvstrat=,0.408398, actvprof=,0.670235, id=,B06, PRDE,actvstrat=,0.467773, actvprof=,2.098151, id=,B09, PRDE,actvstrat=,-0.247459, actvprof=,5.442514, id=,S00, PRDE,actvstrat=,0.776691, actvprof=,5.271514, id=,S02, PRDE,actvstrat=,0.821159, actvprof=,2.252885, id=,S05, PRDE,actvstrat=,0.922641, actvprof=,0.084388, id=,S06, PRDE,actvstrat=,-0.973159, actvprof=,0.005700, id=,S07, PRDE,actvstrat=,0.284540, actvprof=,0.000000, best_B_id=,B09, best_B_prof=,5.442514, best_B_strat=,-0.247459, best_S_id=,S00, best_S_prof=,5.271514, best_S_strat=,0.776691, 
t=,1774800, id=,B02, PRDE,actvstrat=,0.500053, actvprof=,0.000835, id=,B03, PRDE,actvstrat=,0.728349, actvprof=,0.022265, id=,B05, PRDE,actvstrat=,0.408398, actvprof=,0.750884, id=,B06, PRDE,actvstrat=,0.467773, actvprof=,2.096518, id=,B09, PRDE,actvstrat=,-0.247459, actvprof=,5.648883, id=,S00, PRDE,actvstrat=,0.776691, actvprof=,4.950878, id=,S02, PRDE,actvstrat=,0.821159, actvprof=,2.296346, id=,S05, PRDE,actvstrat=,0.922641, actvprof=,0.030614, id=,S06, PRDE,actvstrat=,0.984393, actvprof=,0.019760, id=,S07, PRDE,actvstrat=,0.767634, actvprof=,0.000000, best_B_id=,B09, best_B_prof=,5.648883, best_B_strat=,-0.247459, best_S_id=,S00, best_S_prof=,4.950878, best_S_strat=,0.776691, 
t=,1778400, id=,B02, PRDE,actvstrat=,0.500053, actvprof=,0.000417, id=,B03, PRDE,actvstrat=,0.728349, actvprof=,0.025024, id=,B05, PRDE,actvstrat=,0.408398, actvprof=,0.776449, id=,B06, PRDE,actvstrat=,0.467773, actvprof=,2.196163, id=,B09, PRDE,actvstrat=,-0.247459, actvprof=,5.584596, id=,S00, PRDE,actvstrat=,0.776691, actvprof=,4.933825, id=,S02, PRDE,actvstrat=,0.821159, actvprof=,2.228834, id=,S05, PRDE,actvstrat=,0.922641, actvprof=,0.036980, id=,S06, PRDE,actvstrat=,0.984393, actvprof=,0.012651, id=,S07, PRDE,actvstrat=,0.767634, actvprof=,0.000000, best_B_id=,B09, best_B_prof=,5.584596, best_B_strat=,-0.247459, best_S_id=,S00, best_S_prof=,4.933825, best_S_strat=,0.776691, 
t=,1782000, id=,B02, PRDE,actvstrat=,0.500053, actvprof=,0.004453, id=,B03, PRDE,actvstrat=,0.728349, actvprof=,0.029223, id=,B05, PRDE,actvstrat=,0.408398, actvprof=,0.746451, id=,B06, PRDE,actvstrat=,0.467773, actvprof=,2.152797, id=,B09, PRDE,actvstrat=,-0.247459, actvprof=,5.329251, id=,S00, PRDE,actvstrat=,0.776691, actvprof=,5.047871, id=,S02, PRDE,actvstrat=,0.821159, actvprof=,2.320623, id=,S05, PRDE,actvstrat=,0.922641, actvprof=,0.117451, id=,S06, PRDE,actvstrat=,-0.973159, actvprof=,0.011411, id=,S07, PRDE,actvstrat=,0.767634, actvprof=,0.000557, best_B_id=,B09, best_B_prof=,5.329251, best_B_strat=,-0.247459, best_S_id=,S00, best_S_prof=,5.047871, best_S_strat=,0.776691, 
t=,1785600, id=,B02, PRDE,actvstrat=,0.500053, actvprof=,0.004310, id=,B03, PRDE,actvstrat=,0.728349, actvprof=,0.028778, id=,B05, PRDE,actvstrat=,0.408398, actvprof=,0.753788, id=,B06, PRDE,actvstrat=,0.467773, actvprof=,2.156541, id=,B09, PRDE,actvstrat=,-0.247459, actvprof=,5.327263, id=,S00, PRDE,actvstrat=,0.776691, actvprof=,4.905881, id=,S02, PRDE,actvstrat=,0.821159, actvprof=,2.259141, id=,S05, PRDE,actvstrat=,0.922641, actvprof=,0.086473, id=,S06, PRDE,actvstrat=,-0.973159, actvprof=,0.008480, id=,S07, PRDE,actvstrat=,0.767634, actvprof=,0.000278, best_B_id=,B09, best_B_prof=,5.327263, best_B_strat=,-0.247459, best_S_id=,S00, best_S_prof=,4.905881, best_S_strat=,0.776691, 
t=,1789200, id=,B02, PRDE,actvstrat=,0.273808, actvprof=,0.002783, id=,B03, PRDE,actvstrat=,0.728349, actvprof=,0.035068, id=,B05, PRDE,actvstrat=,0.408398, actvprof=,0.731979, id=,B06, PRDE,actvstrat=,0.863475, actvprof=,2.612023, id=,B09, PRDE,actvstrat=,-0.247459, actvprof=,5.160868, id=,S00, PRDE,actvstrat=,0.776691, actvprof=,5.301141, id=,S02, PRDE,actvstrat=,0.821159, actvprof=,2.397996, id=,S05, PRDE,actvstrat=,0.922641, actvprof=,0.116616, id=,S06, PRDE,actvstrat=,-0.973159, actvprof=,0.016699, id=,S07, PRDE,actvstrat=,0.767634, actvprof=,0.002505, best_B_id=,B09, best_B_prof=,5.160868, best_B_strat=,-0.247459, best_S_id=,S00, best_S_prof=,5.301141, best_S_strat=,0.776691, 
t=,1792800, id=,B02, PRDE,actvstrat=,0.273808, actvprof=,0.001390, id=,B03, PRDE,actvstrat=,0.728349, actvprof=,0.039344, id=,B05, PRDE,actvstrat=,0.408398, actvprof=,0.670513, id=,B06, PRDE,actvstrat=,0.863475, actvprof=,2.502989, id=,B09, PRDE,actvstrat=,-0.247459, actvprof=,5.016822, id=,S00, PRDE,actvstrat=,0.776691, actvprof=,5.311414, id=,S02, PRDE,actvstrat=,0.821159, actvprof=,2.521201, id=,S05, PRDE,actvstrat=,0.922641, actvprof=,0.116224, id=,S06, PRDE,actvstrat=,-0.973159, actvprof=,0.015154, id=,S07, PRDE,actvstrat=,0.767634, actvprof=,0.001946, best_B_id=,B09, best_B_prof=,5.016822, best_B_strat=,-0.247459, best_S_id=,S00, best_S_prof=,5.311414, best_S_strat=,0.776691, 
t=,1796400, id=,B02, PRDE,actvstrat=,0.500053, actvprof=,0.001670, id=,B03, PRDE,actvstrat=,0.728349, actvprof=,0.031172, id=,B05, PRDE,actvstrat=,0.408398, actvprof=,0.739493, id=,B06, PRDE,actvstrat=,0.467773, actvprof=,2.142221, id=,B09, PRDE,actvstrat=,-0.247459, actvprof=,5.160312, id=,S00, PRDE,actvstrat=,0.776691, actvprof=,5.135263, id=,S02, PRDE,actvstrat=,0.821159, actvprof=,2.261898, id=,S05, PRDE,actvstrat=,0.922641, actvprof=,0.072085, id=,S06, PRDE,actvstrat=,-0.973159, actvprof=,0.016142, id=,S07, PRDE,actvstrat=,0.284540, actvprof=,0.000000, best_B_id=,B09, best_B_prof=,5.160312, best_B_strat=,-0.247459, best_S_id=,S00, best_S_prof=,5.135263, best_S_strat=,0.776691, 
t=,1800000, id=,B02, PRDE,actvstrat=,0.500053, actvprof=,0.004449, id=,B03, PRDE,actvstrat=,0.728349, actvprof=,0.025997, id=,B05, PRDE,actvstrat=,0.408398, actvprof=,0.750869, id=,B06, PRDE,actvstrat=,0.467773, actvprof=,2.161824, id=,B09, PRDE,actvstrat=,-0.247459, actvprof=,5.246768, id=,S00, PRDE,actvstrat=,0.776691, actvprof=,5.028778, id=,S02, PRDE,actvstrat=,0.821159, actvprof=,2.247046, id=,S05, PRDE,actvstrat=,0.922641, actvprof=,0.085639, id=,S06, PRDE,actvstrat=,-0.973159, actvprof=,0.015015, id=,S07, PRDE,actvstrat=,0.284540, actvprof=,0.000000, best_B_id=,B09, best_B_prof=,5.246768, best_B_strat=,-0.247459, best_S_id=,S00, best_S_prof=,5.028778, best_S_strat=,0.776691, 
t=,1803600, id=,B02, PRDE,actvstrat=,0.500053, actvprof=,0.000835, id=,B03, PRDE,actvstrat=,0.932898, actvprof=,0.025327, id=,B05, PRDE,actvstrat=,0.363371, actvprof=,0.580844, id=,B06, PRDE,actvstrat=,0.467773, actvprof=,1.911190, id=,B09, PRDE,actvstrat=,0.491115, actvprof=,6.762778, id=,S00, PRDE,actvstrat=,0.776691, actvprof=,5.153839, id=,S02, PRDE,actvstrat=,0.821159, actvprof=,2.478396, id=,S05, PRDE,actvstrat=,0.922641, actvprof=,0.146394, id=,S06, PRDE,actvstrat=,-0.973159, actvprof=,0.042026, id=,S07, PRDE,actvstrat=,0.767634, actvprof=,0.008071, best_B_id=,B09, best_B_prof=,6.762778, best_B_strat=,0.491115, best_S_id=,S00, best_S_prof=,5.153839, best_S_strat=,0.776691, 
t=,1807200, id=,B02, PRDE,actvstrat=,0.500053, actvprof=,0.001807, id=,B03, PRDE,actvstrat=,0.932898, actvprof=,0.032114, id=,B05, PRDE,actvstrat=,0.363371, actvprof=,0.598629, id=,B06, PRDE,actvstrat=,0.467773, actvprof=,1.942278, id=,B09, PRDE,actvstrat=,0.491115, actvprof=,6.684044, id=,S00, PRDE,actvstrat=,0.776691, actvprof=,5.230846, id=,S02, PRDE,actvstrat=,0.821159, actvprof=,2.457633, id=,S05, PRDE,actvstrat=,0.922641, actvprof=,0.171970, id=,S06, PRDE,actvstrat=,-0.973159, actvprof=,0.045182, id=,S07, PRDE,actvstrat=,0.767634, actvprof=,0.005144, best_B_id=,B09, best_B_prof=,6.684044, best_B_strat=,0.491115, best_S_id=,S00, best_S_prof=,5.230846, best_S_strat=,0.776691, 
t=,1810800, id=,B02, PRDE,actvstrat=,0.500053, actvprof=,0.002227, id=,B03, PRDE,actvstrat=,0.728349, actvprof=,0.035068, id=,B05, PRDE,actvstrat=,0.408398, actvprof=,0.770387, id=,B06, PRDE,actvstrat=,0.467773, actvprof=,2.183412, id=,B09, PRDE,actvstrat=,-0.247459, actvprof=,5.178124, id=,S00, PRDE,actvstrat=,0.776691, actvprof=,5.045088, id=,S02, PRDE,actvstrat=,0.821159, actvprof=,2.338992, id=,S05, PRDE,actvstrat=,0.922641, actvprof=,0.067632, id=,S06, PRDE,actvstrat=,-0.973159, actvprof=,0.013916, id=,S07, PRDE,actvstrat=,0.767634, actvprof=,0.000000, best_B_id=,B09, best_B_prof=,5.178124, best_B_strat=,-0.247459, best_S_id=,S00, best_S_prof=,5.045088, best_S_strat=,0.776691, 
t=,1814400, id=,B02, PRDE,actvstrat=,0.500053, actvprof=,0.001529, id=,B03, PRDE,actvstrat=,0.728349, actvprof=,0.036147, id=,B05, PRDE,actvstrat=,0.408398, actvprof=,0.778818, id=,B06, PRDE,actvstrat=,0.467773, actvprof=,2.157946, id=,B09, PRDE,actvstrat=,-0.247459, actvprof=,5.380268, id=,S00, PRDE,actvstrat=,0.776691, actvprof=,4.994196, id=,S02, PRDE,actvstrat=,0.821159, actvprof=,2.270000, id=,S05, PRDE,actvstrat=,0.922641, actvprof=,0.085222, id=,S06, PRDE,actvstrat=,-0.973159, actvprof=,0.012790, id=,S07, PRDE,actvstrat=,0.767634, actvprof=,0.000000, best_B_id=,B09, best_B_prof=,5.380268, best_B_strat=,-0.247459, best_S_id=,S00, best_S_prof=,4.994196, best_S_strat=,0.776691, 
t=,1818000, id=,B02, PRDE,actvstrat=,0.500053, actvprof=,0.000000, id=,B03, PRDE,actvstrat=,0.728349, actvprof=,0.004453, id=,B05, PRDE,actvstrat=,0.408398, actvprof=,0.404971, id=,B06, PRDE,actvstrat=,0.467773, actvprof=,1.589268, id=,B09, PRDE,actvstrat=,-0.247459, actvprof=,4.710745, id=,S00, PRDE,actvstrat=,-0.401565, actvprof=,0.914594, id=,S02, PRDE,actvstrat=,0.821159, actvprof=,2.760204, id=,S05, PRDE,actvstrat=,0.922641, actvprof=,0.085169, id=,S06, PRDE,actvstrat=,-0.973159, actvprof=,0.005567, id=,S07, PRDE,actvstrat=,0.767634, actvprof=,0.004175, best_B_id=,B09, best_B_prof=,4.710745, best_B_strat=,-0.247459, best_S_id=,S02, best_S_prof=,2.760204, best_S_strat=,0.821159, 
t=,1821600, id=,B02, PRDE,actvstrat=,0.500053, actvprof=,0.000000, id=,B03, PRDE,actvstrat=,0.728349, actvprof=,0.003059, id=,B05, PRDE,actvstrat=,0.408398, actvprof=,0.416108, id=,B06, PRDE,actvstrat=,0.467773, actvprof=,1.629674, id=,B09, PRDE,actvstrat=,-0.247459, actvprof=,4.787532, id=,S00, PRDE,actvstrat=,-0.401565, actvprof=,0.917578, id=,S02, PRDE,actvstrat=,0.821159, actvprof=,2.759407, id=,S05, PRDE,actvstrat=,0.922641, actvprof=,0.089116, id=,S06, PRDE,actvstrat=,-0.973159, actvprof=,0.006951, id=,S07, PRDE,actvstrat=,0.767634, actvprof=,0.003059, best_B_id=,B09, best_B_prof=,4.787532, best_B_strat=,-0.247459, best_S_id=,S02, best_S_prof=,2.759407, best_S_strat=,0.821159, 
t=,1825200, id=,B02, PRDE,actvstrat=,0.500053, actvprof=,0.002505, id=,B03, PRDE,actvstrat=,0.728349, actvprof=,0.020318, id=,B05, PRDE,actvstrat=,0.408398, actvprof=,0.821354, id=,B06, PRDE,actvstrat=,0.467773, actvprof=,2.260601, id=,B09, PRDE,actvstrat=,-0.247459, actvprof=,5.433013, id=,S00, PRDE,actvstrat=,0.776691, actvprof=,4.958737, id=,S02, PRDE,actvstrat=,0.821159, actvprof=,2.276466, id=,S05, PRDE,actvstrat=,0.922641, actvprof=,0.042585, id=,S06, PRDE,actvstrat=,0.984393, actvprof=,0.012803, id=,S07, PRDE,actvstrat=,0.284540, actvprof=,0.000000, best_B_id=,B09, best_B_prof=,5.433013, best_B_strat=,-0.247459, best_S_id=,S00, best_S_prof=,4.958737, best_S_strat=,0.776691, 
t=,1828800, id=,B02, PRDE,actvstrat=,0.500053, actvprof=,0.002085, id=,B03, PRDE,actvstrat=,0.728349, actvprof=,0.029474, id=,B05, PRDE,actvstrat=,0.408398, actvprof=,0.790368, id=,B06, PRDE,actvstrat=,0.467773, actvprof=,2.181750, id=,B09, PRDE,actvstrat=,-0.247459, actvprof=,5.437622, id=,S00, PRDE,actvstrat=,0.776691, actvprof=,4.963540, id=,S02, PRDE,actvstrat=,0.821159, actvprof=,2.279486, id=,S05, PRDE,actvstrat=,0.922641, actvprof=,0.051996, id=,S06, PRDE,actvstrat=,0.984393, actvprof=,0.013069, id=,S07, PRDE,actvstrat=,0.284540, actvprof=,0.000000, best_B_id=,B09, best_B_prof=,5.437622, best_B_strat=,-0.247459, best_S_id=,S00, best_S_prof=,4.963540, best_S_strat=,0.776691, 
t=,1832400, id=,B02, PRDE,actvstrat=,0.500053, actvprof=,0.001670, id=,B03, PRDE,actvstrat=,0.932898, actvprof=,0.030338, id=,B05, PRDE,actvstrat=,0.408398, actvprof=,0.747596, id=,B06, PRDE,actvstrat=,0.467773, actvprof=,2.096386, id=,B09, PRDE,actvstrat=,-0.247459, actvprof=,5.369553, id=,S00, PRDE,actvstrat=,0.776691, actvprof=,5.372337, id=,S02, PRDE,actvstrat=,0.821159, actvprof=,2.388355, id=,S05, PRDE,actvstrat=,0.922641, actvprof=,0.089344, id=,S06, PRDE,actvstrat=,-0.973159, actvprof=,0.002783, id=,S07, PRDE,actvstrat=,0.284540, actvprof=,0.000000, best_B_id=,B09, best_B_prof=,5.369553, best_B_strat=,-0.247459, best_S_id=,S00, best_S_prof=,5.372337, best_S_strat=,0.776691, 
t=,1836000, id=,B02, PRDE,actvstrat=,0.500053, actvprof=,0.000973, id=,B03, PRDE,actvstrat=,0.932898, actvprof=,0.028640, id=,B05, PRDE,actvstrat=,0.408398, actvprof=,0.741709, id=,B06, PRDE,actvstrat=,0.467773, actvprof=,2.093468, id=,B09, PRDE,actvstrat=,-0.247459, actvprof=,5.268287, id=,S00, PRDE,actvstrat=,0.776691, actvprof=,5.288446, id=,S02, PRDE,actvstrat=,0.821159, actvprof=,2.315355, id=,S05, PRDE,actvstrat=,0.922641, actvprof=,0.083972, id=,S06, PRDE,actvstrat=,-0.973159, actvprof=,0.006673, id=,S07, PRDE,actvstrat=,0.284540, actvprof=,0.000000, best_B_id=,B09, best_B_prof=,5.268287, best_B_strat=,-0.247459, best_S_id=,S00, best_S_prof=,5.288446, best_S_strat=,0.776691, 
t=,1839600, id=,B02, PRDE,actvstrat=,0.500053, actvprof=,0.000000, id=,B03, PRDE,actvstrat=,0.932898, actvprof=,0.027276, id=,B05, PRDE,actvstrat=,0.408398, actvprof=,0.720320, id=,B06, PRDE,actvstrat=,0.467773, actvprof=,2.102509, id=,B09, PRDE,actvstrat=,-0.247459, actvprof=,5.597228, id=,S00, PRDE,actvstrat=,0.776691, actvprof=,5.176949, id=,S02, PRDE,actvstrat=,0.821159, actvprof=,2.362470, id=,S05, PRDE,actvstrat=,0.922641, actvprof=,0.074593, id=,S06, PRDE,actvstrat=,-0.973159, actvprof=,0.011133, id=,S07, PRDE,actvstrat=,0.767634, actvprof=,0.000000, best_B_id=,B09, best_B_prof=,5.597228, best_B_strat=,-0.247459, best_S_id=,S00, best_S_prof=,5.176949, best_S_strat=,0.776691, 
t=,1843200, id=,B02, PRDE,actvstrat=,0.500053, actvprof=,0.000000, id=,B03, PRDE,actvstrat=,0.932898, actvprof=,0.036981, id=,B05, PRDE,actvstrat=,0.408398, actvprof=,0.741709, id=,B06, PRDE,actvstrat=,0.467773, actvprof=,2.140737, id=,B09, PRDE,actvstrat=,-0.247459, actvprof=,5.541058, id=,S00, PRDE,actvstrat=,0.776691, actvprof=,5.044037, id=,S02, PRDE,actvstrat=,0.821159, actvprof=,2.234024, id=,S05, PRDE,actvstrat=,0.922641, actvprof=,0.068679, id=,S06, PRDE,actvstrat=,-0.973159, actvprof=,0.009871, id=,S07, PRDE,actvstrat=,0.767634, actvprof=,0.000973, best_B_id=,B09, best_B_prof=,5.541058, best_B_strat=,-0.247459, best_S_id=,S00, best_S_prof=,5.044037, best_S_strat=,0.776691, 
t=,1846800, id=,B02, PRDE,actvstrat=,0.500053, actvprof=,0.003618, id=,B03, PRDE,actvstrat=,0.728349, actvprof=,0.040636, id=,B05, PRDE,actvstrat=,0.408398, actvprof=,0.693321, id=,B06, PRDE,actvstrat=,0.467773, actvprof=,2.100283, id=,B09, PRDE,actvstrat=,-0.247459, actvprof=,5.204782, id=,S00, PRDE,actvstrat=,0.776691, actvprof=,5.027207, id=,S02, PRDE,actvstrat=,0.821159, actvprof=,2.279249, id=,S05, PRDE,actvstrat=,0.922641, actvprof=,0.124970, id=,S06, PRDE,actvstrat=,-0.973159, actvprof=,0.011133, id=,S07, PRDE,actvstrat=,0.767634, actvprof=,0.000000, best_B_id=,B09, best_B_prof=,5.204782, best_B_strat=,-0.247459, best_S_id=,S00, best_S_prof=,5.027207, best_S_strat=,0.776691, 
t=,1850400, id=,B02, PRDE,actvstrat=,0.500053, actvprof=,0.004449, id=,B03, PRDE,actvstrat=,0.728349, actvprof=,0.030725, id=,B05, PRDE,actvstrat=,0.408398, actvprof=,0.757419, id=,B06, PRDE,actvstrat=,0.467773, actvprof=,2.206636, id=,B09, PRDE,actvstrat=,-0.247459, actvprof=,5.335854, id=,S00, PRDE,actvstrat=,0.776691, actvprof=,5.038893, id=,S02, PRDE,actvstrat=,0.821159, actvprof=,2.167569, id=,S05, PRDE,actvstrat=,0.922641, actvprof=,0.101490, id=,S06, PRDE,actvstrat=,-0.973159, actvprof=,0.011122, id=,S07, PRDE,actvstrat=,0.767634, actvprof=,0.000556, best_B_id=,B09, best_B_prof=,5.335854, best_B_strat=,-0.247459, best_S_id=,S00, best_S_prof=,5.038893, best_S_strat=,0.776691, 
t=,1854000, id=,B02, PRDE,actvstrat=,-0.921562, actvprof=,0.003062, id=,B03, PRDE,actvstrat=,0.728349, actvprof=,0.020318, id=,B05, PRDE,actvstrat=,0.408398, actvprof=,0.775429, id=,B06, PRDE,actvstrat=,0.467773, actvprof=,2.149547, id=,B09, PRDE,actvstrat=,-0.247459, actvprof=,5.266014, id=,S00, PRDE,actvstrat=,0.776691, actvprof=,5.184185, id=,S02, PRDE,actvstrat=,0.821159, actvprof=,2.315989, id=,S05, PRDE,actvstrat=,0.922641, actvprof=,0.068191, id=,S06, PRDE,actvstrat=,-0.973159, actvprof=,0.013917, id=,S07, PRDE,actvstrat=,0.767634, actvprof=,0.001113, best_B_id=,B09, best_B_prof=,5.266014, best_B_strat=,-0.247459, best_S_id=,S00, best_S_prof=,5.184185, best_S_strat=,0.776691, 
t=,1857600, id=,B02, PRDE,actvstrat=,-0.921562, actvprof=,0.008759, id=,B03, PRDE,actvstrat=,0.728349, actvprof=,0.025720, id=,B05, PRDE,actvstrat=,0.408398, actvprof=,0.729474, id=,B06, PRDE,actvstrat=,0.467773, actvprof=,2.095831, id=,B09, PRDE,actvstrat=,-0.247459, actvprof=,5.210869, id=,S00, PRDE,actvstrat=,0.776691, actvprof=,5.104235, id=,S02, PRDE,actvstrat=,0.821159, actvprof=,2.296308, id=,S05, PRDE,actvstrat=,0.922641, actvprof=,0.057279, id=,S06, PRDE,actvstrat=,-0.973159, actvprof=,0.015293, id=,S07, PRDE,actvstrat=,0.767634, actvprof=,0.000556, best_B_id=,B09, best_B_prof=,5.210869, best_B_strat=,-0.247459, best_S_id=,S00, best_S_prof=,5.104235, best_S_strat=,0.776691, 
t=,1861200, id=,B02, PRDE,actvstrat=,0.500053, actvprof=,0.000000, id=,B03, PRDE,actvstrat=,0.728349, actvprof=,0.011412, id=,B05, PRDE,actvstrat=,0.408398, actvprof=,0.556104, id=,B06, PRDE,actvstrat=,-0.011823, actvprof=,1.412806, id=,B09, PRDE,actvstrat=,-0.247459, actvprof=,4.925059, id=,S00, PRDE,actvstrat=,-0.154234, actvprof=,1.009783, id=,S02, PRDE,actvstrat=,0.821159, actvprof=,2.581516, id=,S05, PRDE,actvstrat=,0.922641, actvprof=,0.066799, id=,S06, PRDE,actvstrat=,-0.973159, actvprof=,0.013917, id=,S07, PRDE,actvstrat=,0.767634, actvprof=,0.003618, best_B_id=,B09, best_B_prof=,4.925059, best_B_strat=,-0.247459, best_S_id=,S02, best_S_prof=,2.581516, best_S_strat=,0.821159, 
t=,1864800, id=,B02, PRDE,actvstrat=,0.500053, actvprof=,0.000000, id=,B03, PRDE,actvstrat=,0.728349, actvprof=,0.010566, id=,B05, PRDE,actvstrat=,0.408398, actvprof=,0.591838, id=,B06, PRDE,actvstrat=,-0.011823, actvprof=,1.390270, id=,B09, PRDE,actvstrat=,-0.247459, actvprof=,5.089916, id=,S00, PRDE,actvstrat=,-0.154234, actvprof=,1.129594, id=,S02, PRDE,actvstrat=,0.821159, actvprof=,2.520142, id=,S05, PRDE,actvstrat=,0.922641, actvprof=,0.059643, id=,S06, PRDE,actvstrat=,-0.973159, actvprof=,0.011400, id=,S07, PRDE,actvstrat=,0.767634, actvprof=,0.001807, best_B_id=,B09, best_B_prof=,5.089916, best_B_strat=,-0.247459, best_S_id=,S02, best_S_prof=,2.520142, best_S_strat=,0.821159, 
t=,1868400, id=,B02, PRDE,actvstrat=,0.500053, actvprof=,0.001392, id=,B03, PRDE,actvstrat=,0.728349, actvprof=,0.050377, id=,B05, PRDE,actvstrat=,0.408398, actvprof=,0.859751, id=,B06, PRDE,actvstrat=,0.467773, actvprof=,2.244705, id=,B09, PRDE,actvstrat=,-0.247459, actvprof=,5.368087, id=,S00, PRDE,actvstrat=,0.776691, actvprof=,4.788054, id=,S02, PRDE,actvstrat=,0.821159, actvprof=,2.314843, id=,S05, PRDE,actvstrat=,0.922641, actvprof=,0.075148, id=,S06, PRDE,actvstrat=,-0.973159, actvprof=,0.011133, id=,S07, PRDE,actvstrat=,0.767634, actvprof=,0.000000, best_B_id=,B09, best_B_prof=,5.368087, best_B_strat=,-0.247459, best_S_id=,S00, best_S_prof=,4.788054, best_S_strat=,0.776691, 
t=,1872000, id=,B02, PRDE,actvstrat=,0.500053, actvprof=,0.001529, id=,B03, PRDE,actvstrat=,0.728349, actvprof=,0.047269, id=,B05, PRDE,actvstrat=,0.408398, actvprof=,0.816783, id=,B06, PRDE,actvstrat=,0.467773, actvprof=,2.227907, id=,B09, PRDE,actvstrat=,-0.247459, actvprof=,5.422746, id=,S00, PRDE,actvstrat=,0.776691, actvprof=,4.915576, id=,S02, PRDE,actvstrat=,0.821159, actvprof=,2.235136, id=,S05, PRDE,actvstrat=,0.922641, actvprof=,0.065621, id=,S06, PRDE,actvstrat=,-0.973159, actvprof=,0.014459, id=,S07, PRDE,actvstrat=,0.767634, actvprof=,0.000000, best_B_id=,B09, best_B_prof=,5.422746, best_B_strat=,-0.247459, best_S_id=,S00, best_S_prof=,4.915576, best_S_strat=,0.776691, 
t=,1875600, id=,B02, PRDE,actvstrat=,0.500053, actvprof=,0.003062, id=,B03, PRDE,actvstrat=,0.728349, actvprof=,0.016978, id=,B05, PRDE,actvstrat=,0.408398, actvprof=,0.713640, id=,B06, PRDE,actvstrat=,0.467773, actvprof=,2.209666, id=,B09, PRDE,actvstrat=,-0.247459, actvprof=,5.534603, id=,S00, PRDE,actvstrat=,0.776691, actvprof=,4.706848, id=,S02, PRDE,actvstrat=,0.821159, actvprof=,2.109189, id=,S05, PRDE,actvstrat=,0.922641, actvprof=,0.034513, id=,S06, PRDE,actvstrat=,0.984393, actvprof=,0.019205, id=,S07, PRDE,actvstrat=,0.767634, actvprof=,0.000000, best_B_id=,B09, best_B_prof=,5.534603, best_B_strat=,-0.247459, best_S_id=,S00, best_S_prof=,4.706848, best_S_strat=,0.776691, 
t=,1879200, id=,B02, PRDE,actvstrat=,0.500053, actvprof=,0.002224, id=,B03, PRDE,actvstrat=,0.728349, actvprof=,0.023496, id=,B05, PRDE,actvstrat=,0.408398, actvprof=,0.709872, id=,B06, PRDE,actvstrat=,0.467773, actvprof=,2.175355, id=,B09, PRDE,actvstrat=,-0.247459, actvprof=,5.480025, id=,S00, PRDE,actvstrat=,0.776691, actvprof=,4.905288, id=,S02, PRDE,actvstrat=,0.821159, actvprof=,2.217202, id=,S05, PRDE,actvstrat=,0.922641, actvprof=,0.038649, id=,S06, PRDE,actvstrat=,0.984393, actvprof=,0.017934, id=,S07, PRDE,actvstrat=,0.767634, actvprof=,0.000000, best_B_id=,B09, best_B_prof=,5.480025, best_B_strat=,-0.247459, best_S_id=,S00, best_S_prof=,4.905288, best_S_strat=,0.776691, 
t=,1882800, id=,B02, PRDE,actvstrat=,-0.921562, actvprof=,0.000000, id=,B03, PRDE,actvstrat=,0.932898, actvprof=,0.043142, id=,B05, PRDE,actvstrat=,0.408398, actvprof=,0.893466, id=,B06, PRDE,actvstrat=,0.467773, actvprof=,2.232830, id=,B09, PRDE,actvstrat=,-0.247459, actvprof=,5.623547, id=,S00, PRDE,actvstrat=,0.776691, actvprof=,4.956927, id=,S02, PRDE,actvstrat=,0.944893, actvprof=,2.766126, id=,S05, PRDE,actvstrat=,0.922641, actvprof=,0.074316, id=,S06, PRDE,actvstrat=,-0.973159, actvprof=,0.019484, id=,S07, PRDE,actvstrat=,0.767634, actvprof=,0.000278, best_B_id=,B09, best_B_prof=,5.623547, best_B_strat=,-0.247459, best_S_id=,S00, best_S_prof=,4.956927, best_S_strat=,0.776691, 
t=,1886400, id=,B02, PRDE,actvstrat=,-0.921562, actvprof=,0.001251, id=,B03, PRDE,actvstrat=,0.932898, actvprof=,0.048521, id=,B05, PRDE,actvstrat=,0.408398, actvprof=,0.867123, id=,B06, PRDE,actvstrat=,0.467773, actvprof=,2.282159, id=,B09, PRDE,actvstrat=,-0.247459, actvprof=,5.610650, id=,S00, PRDE,actvstrat=,0.776691, actvprof=,4.886865, id=,S02, PRDE,actvstrat=,0.944893, actvprof=,2.752077, id=,S05, PRDE,actvstrat=,0.922641, actvprof=,0.076605, id=,S06, PRDE,actvstrat=,-0.973159, actvprof=,0.018074, id=,S07, PRDE,actvstrat=,0.767634, actvprof=,0.000139, best_B_id=,B09, best_B_prof=,5.610650, best_B_strat=,-0.247459, best_S_id=,S00, best_S_prof=,4.886865, best_S_strat=,0.776691, 
t=,1890000, id=,B02, PRDE,actvstrat=,0.500053, actvprof=,0.001670, id=,B03, PRDE,actvstrat=,0.932898, actvprof=,0.030061, id=,B05, PRDE,actvstrat=,0.408398, actvprof=,0.781017, id=,B06, PRDE,actvstrat=,0.467773, actvprof=,2.076126, id=,B09, PRDE,actvstrat=,-0.247459, actvprof=,5.673927, id=,S00, PRDE,actvstrat=,0.776691, actvprof=,5.107787, id=,S02, PRDE,actvstrat=,0.821159, actvprof=,2.230603, id=,S05, PRDE,actvstrat=,0.922641, actvprof=,0.039246, id=,S06, PRDE,actvstrat=,0.984393, actvprof=,0.010299, id=,S07, PRDE,actvstrat=,0.767634, actvprof=,0.000000, best_B_id=,B09, best_B_prof=,5.673927, best_B_strat=,-0.247459, best_S_id=,S00, best_S_prof=,5.107787, best_S_strat=,0.776691, 
t=,1893600, id=,B02, PRDE,actvstrat=,0.500053, actvprof=,0.000834, id=,B03, PRDE,actvstrat=,0.932898, actvprof=,0.034201, id=,B05, PRDE,actvstrat=,0.408398, actvprof=,0.751451, id=,B06, PRDE,actvstrat=,0.467773, actvprof=,2.154114, id=,B09, PRDE,actvstrat=,-0.247459, actvprof=,5.697821, id=,S00, PRDE,actvstrat=,0.776691, actvprof=,4.986132, id=,S02, PRDE,actvstrat=,0.821159, actvprof=,2.191790, id=,S05, PRDE,actvstrat=,0.922641, actvprof=,0.044072, id=,S06, PRDE,actvstrat=,0.984393, actvprof=,0.009315, id=,S07, PRDE,actvstrat=,0.767634, actvprof=,0.000000, best_B_id=,B09, best_B_prof=,5.697821, best_B_strat=,-0.247459, best_S_id=,S00, best_S_prof=,4.986132, best_S_strat=,0.776691, 
t=,1897200, id=,B02, PRDE,actvstrat=,-0.921562, actvprof=,0.003340, id=,B03, PRDE,actvstrat=,0.932898, actvprof=,0.024772, id=,B05, PRDE,actvstrat=,0.408398, actvprof=,0.777121, id=,B06, PRDE,actvstrat=,0.467773, actvprof=,2.260107, id=,B09, PRDE,actvstrat=,-0.247459, actvprof=,5.287036, id=,S00, PRDE,actvstrat=,0.776691, actvprof=,4.984204, id=,S02, PRDE,actvstrat=,0.821159, actvprof=,2.267901, id=,S05, PRDE,actvstrat=,0.497889, actvprof=,0.009742, id=,S06, PRDE,actvstrat=,0.984393, actvprof=,0.008072, id=,S07, PRDE,actvstrat=,0.767634, actvprof=,0.000000, best_B_id=,B09, best_B_prof=,5.287036, best_B_strat=,-0.247459, best_S_id=,S00, best_S_prof=,4.984204, best_S_strat=,0.776691, 
t=,1900800, id=,B02, PRDE,actvstrat=,-0.921562, actvprof=,0.004032, id=,B03, PRDE,actvstrat=,0.932898, actvprof=,0.031977, id=,B05, PRDE,actvstrat=,0.408398, actvprof=,0.733377, id=,B06, PRDE,actvstrat=,0.467773, actvprof=,2.168294, id=,B09, PRDE,actvstrat=,-0.247459, actvprof=,5.238191, id=,S00, PRDE,actvstrat=,0.776691, actvprof=,5.052310, id=,S02, PRDE,actvstrat=,0.821159, actvprof=,2.304543, id=,S05, PRDE,actvstrat=,0.497889, actvprof=,0.009454, id=,S06, PRDE,actvstrat=,0.984393, actvprof=,0.015293, id=,S07, PRDE,actvstrat=,0.767634, actvprof=,0.001668, best_B_id=,B09, best_B_prof=,5.238191, best_B_strat=,-0.247459, best_S_id=,S00, best_S_prof=,5.052310, best_S_strat=,0.776691, 
t=,1904400, id=,B02, PRDE,actvstrat=,-0.921562, actvprof=,0.014474, id=,B03, PRDE,actvstrat=,0.728349, actvprof=,0.058451, id=,B05, PRDE,actvstrat=,0.408398, actvprof=,0.868416, id=,B06, PRDE,actvstrat=,0.467773, actvprof=,2.157957, id=,B09, PRDE,actvstrat=,0.756621, actvprof=,7.365110, id=,S00, PRDE,actvstrat=,0.776691, actvprof=,4.992833, id=,S02, PRDE,actvstrat=,0.944893, actvprof=,2.951221, id=,S05, PRDE,actvstrat=,0.922641, actvprof=,0.190383, id=,S06, PRDE,actvstrat=,-0.973159, actvprof=,0.048988, id=,S07, PRDE,actvstrat=,0.767634, actvprof=,0.001948, best_B_id=,B09, best_B_prof=,7.365110, best_B_strat=,0.756621, best_S_id=,S00, best_S_prof=,4.992833, best_S_strat=,0.776691, 
t=,1908000, id=,B02, PRDE,actvstrat=,-0.921562, actvprof=,0.016962, id=,B03, PRDE,actvstrat=,0.728349, actvprof=,0.050607, id=,B05, PRDE,actvstrat=,0.408398, actvprof=,0.778840, id=,B06, PRDE,actvstrat=,0.467773, actvprof=,2.031351, id=,B09, PRDE,actvstrat=,0.756621, actvprof=,7.220882, id=,S00, PRDE,actvstrat=,0.776691, actvprof=,5.120295, id=,S02, PRDE,actvstrat=,0.944893, actvprof=,2.989955, id=,S05, PRDE,actvstrat=,0.922641, actvprof=,0.190887, id=,S06, PRDE,actvstrat=,-0.973159, actvprof=,0.046714, id=,S07, PRDE,actvstrat=,0.767634, actvprof=,0.001946, best_B_id=,B09, best_B_prof=,7.220882, best_B_strat=,0.756621, best_S_id=,S00, best_S_prof=,5.120295, best_S_strat=,0.776691, 
t=,1911600, id=,B02, PRDE,actvstrat=,-0.921562, actvprof=,0.007515, id=,B03, PRDE,actvstrat=,0.728349, actvprof=,0.039802, id=,B05, PRDE,actvstrat=,0.630241, actvprof=,0.828335, id=,B06, PRDE,actvstrat=,0.467773, actvprof=,1.994851, id=,B09, PRDE,actvstrat=,-0.247459, actvprof=,5.342426, id=,S00, PRDE,actvstrat=,0.776691, actvprof=,5.200473, id=,S02, PRDE,actvstrat=,0.821159, actvprof=,2.552362, id=,S05, PRDE,actvstrat=,0.922641, actvprof=,0.070976, id=,S06, PRDE,actvstrat=,-0.973159, actvprof=,0.010299, id=,S07, PRDE,actvstrat=,0.767634, actvprof=,0.000000, best_B_id=,B09, best_B_prof=,5.342426, best_B_strat=,-0.247459, best_S_id=,S00, best_S_prof=,5.200473, best_S_strat=,0.776691, 
t=,1915200, id=,B02, PRDE,actvstrat=,-0.921562, actvprof=,0.007090, id=,B03, PRDE,actvstrat=,0.728349, actvprof=,0.034479, id=,B05, PRDE,actvstrat=,0.630241, actvprof=,0.854611, id=,B06, PRDE,actvstrat=,0.467773, actvprof=,1.964617, id=,B09, PRDE,actvstrat=,-0.247459, actvprof=,5.205658, id=,S00, PRDE,actvstrat=,0.776691, actvprof=,5.262521, id=,S02, PRDE,actvstrat=,0.821159, actvprof=,2.514754, id=,S05, PRDE,actvstrat=,0.922641, actvprof=,0.094262, id=,S06, PRDE,actvstrat=,-0.973159, actvprof=,0.013486, id=,S07, PRDE,actvstrat=,0.767634, actvprof=,0.000000, best_B_id=,B09, best_B_prof=,5.205658, best_B_strat=,-0.247459, best_S_id=,S00, best_S_prof=,5.262521, best_S_strat=,0.776691, 
t=,1918800, id=,B02, PRDE,actvstrat=,-0.921562, actvprof=,0.008072, id=,B03, PRDE,actvstrat=,0.728349, actvprof=,0.050102, id=,B05, PRDE,actvstrat=,0.408398, actvprof=,1.272581, id=,B06, PRDE,actvstrat=,-0.236522, actvprof=,1.566510, id=,B09, PRDE,actvstrat=,-0.247459, actvprof=,6.210093, id=,S00, PRDE,actvstrat=,0.776691, actvprof=,4.326273, id=,S02, PRDE,actvstrat=,0.944893, actvprof=,2.245943, id=,S05, PRDE,actvstrat=,0.922641, actvprof=,0.017814, id=,S06, PRDE,actvstrat=,0.984393, actvprof=,0.004732, id=,S07, PRDE,actvstrat=,0.767634, actvprof=,0.000000, best_B_id=,B09, best_B_prof=,6.210093, best_B_strat=,-0.247459, best_S_id=,S00, best_S_prof=,4.326273, best_S_strat=,0.776691, 
t=,1922400, id=,B02, PRDE,actvstrat=,-0.921562, actvprof=,0.006534, id=,B03, PRDE,actvstrat=,0.728349, actvprof=,0.055056, id=,B05, PRDE,actvstrat=,0.408398, actvprof=,1.283246, id=,B06, PRDE,actvstrat=,-0.236522, actvprof=,1.552407, id=,B09, PRDE,actvstrat=,-0.247459, actvprof=,6.305143, id=,S00, PRDE,actvstrat=,0.776691, actvprof=,4.319379, id=,S02, PRDE,actvstrat=,0.944893, actvprof=,2.233097, id=,S05, PRDE,actvstrat=,0.922641, actvprof=,0.016266, id=,S06, PRDE,actvstrat=,0.984393, actvprof=,0.010844, id=,S07, PRDE,actvstrat=,0.767634, actvprof=,0.000000, best_B_id=,B09, best_B_prof=,6.305143, best_B_strat=,-0.247459, best_S_id=,S00, best_S_prof=,4.319379, best_S_strat=,0.776691, 
t=,1926000, id=,B02, PRDE,actvstrat=,0.500053, actvprof=,0.003340, id=,B03, PRDE,actvstrat=,0.728349, actvprof=,0.039247, id=,B05, PRDE,actvstrat=,0.630241, actvprof=,0.864265, id=,B06, PRDE,actvstrat=,0.467773, actvprof=,2.135471, id=,B09, PRDE,actvstrat=,-0.247459, actvprof=,5.281895, id=,S00, PRDE,actvstrat=,0.776691, actvprof=,5.114887, id=,S02, PRDE,actvstrat=,0.821159, actvprof=,2.222037, id=,S05, PRDE,actvstrat=,0.922641, actvprof=,0.053164, id=,S06, PRDE,actvstrat=,0.984393, actvprof=,0.012526, id=,S07, PRDE,actvstrat=,0.767634, actvprof=,0.000000, best_B_id=,B09, best_B_prof=,5.281895, best_B_strat=,-0.247459, best_S_id=,S00, best_S_prof=,5.114887, best_S_strat=,0.776691, 
t=,1929600, id=,B02, PRDE,actvstrat=,0.500053, actvprof=,0.002642, id=,B03, PRDE,actvstrat=,0.728349, actvprof=,0.029336, id=,B05, PRDE,actvstrat=,0.630241, actvprof=,0.929143, id=,B06, PRDE,actvstrat=,0.467773, actvprof=,2.123696, id=,B09, PRDE,actvstrat=,-0.247459, actvprof=,5.349628, id=,S00, PRDE,actvstrat=,0.776691, actvprof=,5.138718, id=,S02, PRDE,actvstrat=,0.821159, actvprof=,2.336413, id=,S05, PRDE,actvstrat=,0.922641, actvprof=,0.059366, id=,S06, PRDE,actvstrat=,0.984393, actvprof=,0.013625, id=,S07, PRDE,actvstrat=,0.767634, actvprof=,0.000000, best_B_id=,B09, best_B_prof=,5.349628, best_B_strat=,-0.247459, best_S_id=,S00, best_S_prof=,5.138718, best_S_strat=,0.776691, 
t=,1933200, id=,B02, PRDE,actvstrat=,0.500053, actvprof=,0.001948, id=,B03, PRDE,actvstrat=,0.728349, actvprof=,0.015031, id=,B05, PRDE,actvstrat=,0.408398, actvprof=,0.728710, id=,B06, PRDE,actvstrat=,0.467773, actvprof=,2.115708, id=,B09, PRDE,actvstrat=,-0.247459, actvprof=,5.289132, id=,S00, PRDE,actvstrat=,0.697978, actvprof=,4.420136, id=,S02, PRDE,actvstrat=,0.821159, actvprof=,2.345344, id=,S05, PRDE,actvstrat=,0.922641, actvprof=,0.078494, id=,S06, PRDE,actvstrat=,-0.973159, actvprof=,0.008350, id=,S07, PRDE,actvstrat=,0.767634, actvprof=,0.001113, best_B_id=,B09, best_B_prof=,5.289132, best_B_strat=,-0.247459, best_S_id=,S00, best_S_prof=,4.420136, best_S_strat=,0.697978, 
t=,1936800, id=,B02, PRDE,actvstrat=,0.500053, actvprof=,0.002920, id=,B03, PRDE,actvstrat=,0.728349, actvprof=,0.020020, id=,B05, PRDE,actvstrat=,0.408398, actvprof=,0.724629, id=,B06, PRDE,actvstrat=,0.467773, actvprof=,2.063356, id=,B09, PRDE,actvstrat=,-0.247459, actvprof=,5.286647, id=,S00, PRDE,actvstrat=,0.697978, actvprof=,4.566606, id=,S02, PRDE,actvstrat=,0.821159, actvprof=,2.373117, id=,S05, PRDE,actvstrat=,0.922641, actvprof=,0.090231, id=,S06, PRDE,actvstrat=,-0.973159, actvprof=,0.006952, id=,S07, PRDE,actvstrat=,0.767634, actvprof=,0.000556, best_B_id=,B09, best_B_prof=,5.286647, best_B_strat=,-0.247459, best_S_id=,S00, best_S_prof=,4.566606, best_S_strat=,0.697978, 
t=,1940400, id=,B02, PRDE,actvstrat=,-0.921562, actvprof=,0.011134, id=,B03, PRDE,actvstrat=,0.728349, actvprof=,0.033680, id=,B05, PRDE,actvstrat=,0.408398, actvprof=,0.729834, id=,B06, PRDE,actvstrat=,0.467773, actvprof=,2.182820, id=,B09, PRDE,actvstrat=,-0.247459, actvprof=,5.336247, id=,S00, PRDE,actvstrat=,0.776691, actvprof=,5.045371, id=,S02, PRDE,actvstrat=,0.821159, actvprof=,2.337861, id=,S05, PRDE,actvstrat=,0.922641, actvprof=,0.040361, id=,S06, PRDE,actvstrat=,0.984393, actvprof=,0.012804, id=,S07, PRDE,actvstrat=,0.767634, actvprof=,0.000000, best_B_id=,B09, best_B_prof=,5.336247, best_B_strat=,-0.247459, best_S_id=,S00, best_S_prof=,5.045371, best_S_strat=,0.776691, 
t=,1944000, id=,B02, PRDE,actvstrat=,-0.921562, actvprof=,0.009732, id=,B03, PRDE,actvstrat=,0.728349, actvprof=,0.028084, id=,B05, PRDE,actvstrat=,0.408398, actvprof=,0.775236, id=,B06, PRDE,actvstrat=,0.467773, actvprof=,2.199746, id=,B09, PRDE,actvstrat=,-0.247459, actvprof=,5.474338, id=,S00, PRDE,actvstrat=,0.776691, actvprof=,5.048209, id=,S02, PRDE,actvstrat=,0.821159, actvprof=,2.257304, id=,S05, PRDE,actvstrat=,0.922641, actvprof=,0.045741, id=,S06, PRDE,actvstrat=,0.984393, actvprof=,0.009871, id=,S07, PRDE,actvstrat=,0.767634, actvprof=,0.000000, best_B_id=,B09, best_B_prof=,5.474338, best_B_strat=,-0.247459, best_S_id=,S00, best_S_prof=,5.048209, best_S_strat=,0.776691, 
t=,1947600, id=,B02, PRDE,actvstrat=,0.500053, actvprof=,0.000000, id=,B03, PRDE,actvstrat=,0.728349, actvprof=,0.005567, id=,B05, PRDE,actvstrat=,0.630241, actvprof=,0.451205, id=,B06, PRDE,actvstrat=,0.467773, actvprof=,1.530925, id=,B09, PRDE,actvstrat=,-0.247459, actvprof=,4.615320, id=,S00, PRDE,actvstrat=,-0.808065, actvprof=,0.432277, id=,S02, PRDE,actvstrat=,0.821159, actvprof=,2.855592, id=,S05, PRDE,actvstrat=,0.922641, actvprof=,0.052608, id=,S06, PRDE,actvstrat=,0.984393, actvprof=,0.020041, id=,S07, PRDE,actvstrat=,0.767634, actvprof=,0.000000, best_B_id=,B09, best_B_prof=,4.615320, best_B_strat=,-0.247459, best_S_id=,S02, best_S_prof=,2.855592, best_S_strat=,0.821159, 
t=,1951200, id=,B02, PRDE,actvstrat=,0.500053, actvprof=,0.000000, id=,B03, PRDE,actvstrat=,0.728349, actvprof=,0.003615, id=,B05, PRDE,actvstrat=,0.630241, actvprof=,0.434335, id=,B06, PRDE,actvstrat=,0.467773, actvprof=,1.557573, id=,B09, PRDE,actvstrat=,-0.247459, actvprof=,4.730695, id=,S00, PRDE,actvstrat=,-0.808065, actvprof=,0.426828, id=,S02, PRDE,actvstrat=,0.821159, actvprof=,2.853349, id=,S05, PRDE,actvstrat=,0.922641, actvprof=,0.054361, id=,S06, PRDE,actvstrat=,0.984393, actvprof=,0.022106, id=,S07, PRDE,actvstrat=,0.767634, actvprof=,0.000000, best_B_id=,B09, best_B_prof=,4.730695, best_B_strat=,-0.247459, best_S_id=,S02, best_S_prof=,2.853349, best_S_strat=,0.821159, 
t=,1954800, id=,B02, PRDE,actvstrat=,0.500053, actvprof=,0.002227, id=,B03, PRDE,actvstrat=,0.728349, actvprof=,0.034794, id=,B05, PRDE,actvstrat=,0.408398, actvprof=,0.806380, id=,B06, PRDE,actvstrat=,0.467773, actvprof=,2.212047, id=,B09, PRDE,actvstrat=,-0.247459, actvprof=,5.245783, id=,S00, PRDE,actvstrat=,0.776691, actvprof=,4.932361, id=,S02, PRDE,actvstrat=,0.821159, actvprof=,2.252686, id=,S05, PRDE,actvstrat=,0.497889, actvprof=,0.010021, id=,S06, PRDE,actvstrat=,0.984393, actvprof=,0.015309, id=,S07, PRDE,actvstrat=,0.284540, actvprof=,0.000000, best_B_id=,B09, best_B_prof=,5.245783, best_B_strat=,-0.247459, best_S_id=,S00, best_S_prof=,4.932361, best_S_strat=,0.776691, 
t=,1958400, id=,B02, PRDE,actvstrat=,0.500053, actvprof=,0.001251, id=,B03, PRDE,actvstrat=,0.728349, actvprof=,0.037399, id=,B05, PRDE,actvstrat=,0.408398, actvprof=,0.808881, id=,B06, PRDE,actvstrat=,0.467773, actvprof=,2.187650, id=,B09, PRDE,actvstrat=,-0.247459, actvprof=,5.450425, id=,S00, PRDE,actvstrat=,0.776691, actvprof=,4.977720, id=,S02, PRDE,actvstrat=,0.821159, actvprof=,2.255775, id=,S05, PRDE,actvstrat=,0.497889, actvprof=,0.014459, id=,S06, PRDE,actvstrat=,0.984393, actvprof=,0.023357, id=,S07, PRDE,actvstrat=,0.284540, actvprof=,0.000000, best_B_id=,B09, best_B_prof=,5.450425, best_B_strat=,-0.247459, best_S_id=,S00, best_S_prof=,4.977720, best_S_strat=,0.776691, 
t=,1962000, id=,B02, PRDE,actvstrat=,0.500053, actvprof=,0.003062, id=,B03, PRDE,actvstrat=,0.728349, actvprof=,0.041474, id=,B05, PRDE,actvstrat=,0.408398, actvprof=,0.826421, id=,B06, PRDE,actvstrat=,0.467773, actvprof=,2.163336, id=,B09, PRDE,actvstrat=,-0.247459, actvprof=,5.553360, id=,S00, PRDE,actvstrat=,0.776691, actvprof=,4.910093, id=,S02, PRDE,actvstrat=,0.821159, actvprof=,2.286645, id=,S05, PRDE,actvstrat=,0.922641, actvprof=,0.034794, id=,S06, PRDE,actvstrat=,0.984393, actvprof=,0.013361, id=,S07, PRDE,actvstrat=,0.284540, actvprof=,0.000000, best_B_id=,B09, best_B_prof=,5.553360, best_B_strat=,-0.247459, best_S_id=,S00, best_S_prof=,4.910093, best_S_strat=,0.776691, 
t=,1965600, id=,B02, PRDE,actvstrat=,0.500053, actvprof=,0.003615, id=,B03, PRDE,actvstrat=,0.728349, actvprof=,0.037956, id=,B05, PRDE,actvstrat=,0.408398, actvprof=,0.839057, id=,B06, PRDE,actvstrat=,0.467773, actvprof=,2.205044, id=,B09, PRDE,actvstrat=,-0.247459, actvprof=,5.552373, id=,S00, PRDE,actvstrat=,0.776691, actvprof=,4.891833, id=,S02, PRDE,actvstrat=,0.821159, actvprof=,2.234658, id=,S05, PRDE,actvstrat=,0.922641, actvprof=,0.042266, id=,S06, PRDE,actvstrat=,0.984393, actvprof=,0.015433, id=,S07, PRDE,actvstrat=,0.284540, actvprof=,0.000278, best_B_id=,B09, best_B_prof=,5.552373, best_B_strat=,-0.247459, best_S_id=,S00, best_S_prof=,4.891833, best_S_strat=,0.776691, 
t=,1969200, id=,B02, PRDE,actvstrat=,0.500053, actvprof=,0.008072, id=,B03, PRDE,actvstrat=,0.728349, actvprof=,0.022825, id=,B05, PRDE,actvstrat=,0.408398, actvprof=,0.735132, id=,B06, PRDE,actvstrat=,0.467773, actvprof=,2.036437, id=,B09, PRDE,actvstrat=,-0.247459, actvprof=,4.838346, id=,S00, PRDE,actvstrat=,0.776691, actvprof=,4.935213, id=,S02, PRDE,actvstrat=,0.821159, actvprof=,2.214026, id=,S05, PRDE,actvstrat=,0.497889, actvprof=,0.032846, id=,S06, PRDE,actvstrat=,-0.973159, actvprof=,0.022268, id=,S07, PRDE,actvstrat=,0.767634, actvprof=,0.001392, best_B_id=,B09, best_B_prof=,4.838346, best_B_strat=,-0.247459, best_S_id=,S00, best_S_prof=,4.935213, best_S_strat=,0.776691, 
t=,1972800, id=,B02, PRDE,actvstrat=,0.500053, actvprof=,0.004449, id=,B03, PRDE,actvstrat=,0.728349, actvprof=,0.032255, id=,B05, PRDE,actvstrat=,0.408398, actvprof=,0.692100, id=,B06, PRDE,actvstrat=,0.467773, actvprof=,1.972861, id=,B09, PRDE,actvstrat=,-0.247459, actvprof=,4.940355, id=,S00, PRDE,actvstrat=,0.776691, actvprof=,5.127770, id=,S02, PRDE,actvstrat=,0.821159, actvprof=,2.335039, id=,S05, PRDE,actvstrat=,0.497889, actvprof=,0.031004, id=,S06, PRDE,actvstrat=,-0.973159, actvprof=,0.017935, id=,S07, PRDE,actvstrat=,0.767634, actvprof=,0.000695, best_B_id=,B09, best_B_prof=,4.940355, best_B_strat=,-0.247459, best_S_id=,S00, best_S_prof=,5.127770, best_S_strat=,0.776691, 
t=,1976400, id=,B02, PRDE,actvstrat=,-0.921562, actvprof=,0.000000, id=,B03, PRDE,actvstrat=,0.932898, actvprof=,0.002227, id=,B05, PRDE,actvstrat=,0.408398, actvprof=,0.277519, id=,B06, PRDE,actvstrat=,0.467773, actvprof=,1.392882, id=,B09, PRDE,actvstrat=,-0.247459, actvprof=,4.367650, id=,S00, PRDE,actvstrat=,-0.802955, actvprof=,0.565615, id=,S02, PRDE,actvstrat=,0.821159, actvprof=,2.998149, id=,S05, PRDE,actvstrat=,0.497889, actvprof=,0.014753, id=,S06, PRDE,actvstrat=,-0.973159, actvprof=,0.015588, id=,S07, PRDE,actvstrat=,0.767634, actvprof=,0.002505, best_B_id=,B09, best_B_prof=,4.367650, best_B_strat=,-0.247459, best_S_id=,S02, best_S_prof=,2.998149, best_S_strat=,0.821159, 
t=,1980000, id=,B02, PRDE,actvstrat=,-0.921562, actvprof=,0.000000, id=,B03, PRDE,actvstrat=,0.932898, actvprof=,0.002225, id=,B05, PRDE,actvstrat=,0.408398, actvprof=,0.316021, id=,B06, PRDE,actvstrat=,0.467773, actvprof=,1.462068, id=,B09, PRDE,actvstrat=,-0.247459, actvprof=,4.336988, id=,S00, PRDE,actvstrat=,-0.802955, actvprof=,0.481192, id=,S02, PRDE,actvstrat=,0.821159, actvprof=,2.942628, id=,S05, PRDE,actvstrat=,0.497889, actvprof=,0.023497, id=,S06, PRDE,actvstrat=,-0.973159, actvprof=,0.011957, id=,S07, PRDE,actvstrat=,0.767634, actvprof=,0.001390, best_B_id=,B09, best_B_prof=,4.336988, best_B_strat=,-0.247459, best_S_id=,S02, best_S_prof=,2.942628, best_S_strat=,0.821159, 
t=,1983600, id=,B02, PRDE,actvstrat=,-0.921562, actvprof=,0.014196, id=,B03, PRDE,actvstrat=,0.728349, actvprof=,0.018650, id=,B05, PRDE,actvstrat=,0.408398, actvprof=,0.775772, id=,B06, PRDE,actvstrat=,0.467773, actvprof=,2.131355, id=,B09, PRDE,actvstrat=,-0.247459, actvprof=,5.422054, id=,S00, PRDE,actvstrat=,0.776691, actvprof=,4.949688, id=,S02, PRDE,actvstrat=,0.821159, actvprof=,2.310337, id=,S05, PRDE,actvstrat=,0.922641, actvprof=,0.084898, id=,S06, PRDE,actvstrat=,-0.973159, actvprof=,0.011134, id=,S07, PRDE,actvstrat=,0.767634, actvprof=,0.000000, best_B_id=,B09, best_B_prof=,5.422054, best_B_strat=,-0.247459, best_S_id=,S00, best_S_prof=,4.949688, best_S_strat=,0.776691, 
t=,1987200, id=,B02, PRDE,actvstrat=,-0.921562, actvprof=,0.012235, id=,B03, PRDE,actvstrat=,0.728349, actvprof=,0.029058, id=,B05, PRDE,actvstrat=,0.408398, actvprof=,0.792626, id=,B06, PRDE,actvstrat=,0.467773, actvprof=,2.162793, id=,B09, PRDE,actvstrat=,-0.247459, actvprof=,5.532947, id=,S00, PRDE,actvstrat=,0.776691, actvprof=,4.978763, id=,S02, PRDE,actvstrat=,0.821159, actvprof=,2.259143, id=,S05, PRDE,actvstrat=,0.922641, actvprof=,0.078693, id=,S06, PRDE,actvstrat=,-0.973159, actvprof=,0.008203, id=,S07, PRDE,actvstrat=,0.767634, actvprof=,0.000556, best_B_id=,B09, best_B_prof=,5.532947, best_B_strat=,-0.247459, best_S_id=,S00, best_S_prof=,4.978763, best_S_strat=,0.776691, 
t=,1990800, id=,B02, PRDE,actvstrat=,-0.921562, actvprof=,0.006402, id=,B03, PRDE,actvstrat=,0.932898, actvprof=,0.016423, id=,B05, PRDE,actvstrat=,0.408398, actvprof=,0.757679, id=,B06, PRDE,actvstrat=,0.467773, actvprof=,2.327873, id=,B09, PRDE,actvstrat=,-0.247459, actvprof=,5.433745, id=,S00, PRDE,actvstrat=,0.776691, actvprof=,5.108349, id=,S02, PRDE,actvstrat=,0.821159, actvprof=,2.142489, id=,S05, PRDE,actvstrat=,0.922641, actvprof=,0.049825, id=,S06, PRDE,actvstrat=,-0.973159, actvprof=,0.005567, id=,S07, PRDE,actvstrat=,0.767634, actvprof=,0.000000, best_B_id=,B09, best_B_prof=,5.433745, best_B_strat=,-0.247459, best_S_id=,S00, best_S_prof=,5.108349, best_S_strat=,0.776691, 
t=,1994400, id=,B02, PRDE,actvstrat=,-0.921562, actvprof=,0.004032, id=,B03, PRDE,actvstrat=,0.932898, actvprof=,0.027250, id=,B05, PRDE,actvstrat=,0.408398, actvprof=,0.745216, id=,B06, PRDE,actvstrat=,0.467773, actvprof=,2.161681, id=,B09, PRDE,actvstrat=,-0.247459, actvprof=,5.372643, id=,S00, PRDE,actvstrat=,0.776691, actvprof=,5.163398, id=,S02, PRDE,actvstrat=,0.821159, actvprof=,2.266790, id=,S05, PRDE,actvstrat=,0.922641, actvprof=,0.071741, id=,S06, PRDE,actvstrat=,-0.973159, actvprof=,0.006952, id=,S07, PRDE,actvstrat=,0.767634, actvprof=,0.000000, best_B_id=,B09, best_B_prof=,5.372643, best_B_strat=,-0.247459, best_S_id=,S00, best_S_prof=,5.163398, best_S_strat=,0.776691, 
t=,1998000, id=,B02, PRDE,actvstrat=,-0.921562, actvprof=,0.006402, id=,B03, PRDE,actvstrat=,0.728349, actvprof=,0.043423, id=,B05, PRDE,actvstrat=,0.630241, actvprof=,0.876815, id=,B06, PRDE,actvstrat=,0.467773, actvprof=,1.890579, id=,B09, PRDE,actvstrat=,-0.247459, actvprof=,4.963327, id=,S00, PRDE,actvstrat=,0.776691, actvprof=,5.228041, id=,S02, PRDE,actvstrat=,0.821159, actvprof=,2.377977, id=,S05, PRDE,actvstrat=,0.922641, actvprof=,0.075991, id=,S06, PRDE,actvstrat=,-0.973159, actvprof=,0.002784, id=,S07, PRDE,actvstrat=,0.767634, actvprof=,0.000000, best_B_id=,B09, best_B_prof=,4.963327, best_B_strat=,-0.247459, best_S_id=,S00, best_S_prof=,5.228041, best_S_strat=,0.776691, 
t=,2001600, id=,B02, PRDE,actvstrat=,-0.921562, actvprof=,0.012652, id=,B03, PRDE,actvstrat=,0.728349, actvprof=,0.049774, id=,B05, PRDE,actvstrat=,0.630241, actvprof=,0.886896, id=,B06, PRDE,actvstrat=,0.467773, actvprof=,2.027668, id=,B09, PRDE,actvstrat=,-0.247459, actvprof=,5.053876, id=,S00, PRDE,actvstrat=,0.776691, actvprof=,5.113104, id=,S02, PRDE,actvstrat=,0.821159, actvprof=,2.414042, id=,S05, PRDE,actvstrat=,0.922641, actvprof=,0.076190, id=,S06, PRDE,actvstrat=,-0.973159, actvprof=,0.011262, id=,S07, PRDE,actvstrat=,0.767634, actvprof=,0.001668, best_B_id=,B09, best_B_prof=,5.053876, best_B_strat=,-0.247459, best_S_id=,S00, best_S_prof=,5.113104, best_S_strat=,0.776691, 
t=,2005200, id=,B02, PRDE,actvstrat=,-0.921562, actvprof=,0.014196, id=,B03, PRDE,actvstrat=,0.728349, actvprof=,0.033403, id=,B05, PRDE,actvstrat=,0.408398, actvprof=,0.743493, id=,B06, PRDE,actvstrat=,0.467773, actvprof=,2.001113, id=,B09, PRDE,actvstrat=,-0.247459, actvprof=,5.513987, id=,S00, PRDE,actvstrat=,0.776691, actvprof=,5.118163, id=,S02, PRDE,actvstrat=,0.821159, actvprof=,2.322338, id=,S05, PRDE,actvstrat=,0.922641, actvprof=,0.104662, id=,S06, PRDE,actvstrat=,-0.973159, actvprof=,0.015866, id=,S07, PRDE,actvstrat=,0.767634, actvprof=,0.000000, best_B_id=,B09, best_B_prof=,5.513987, best_B_strat=,-0.247459, best_S_id=,S00, best_S_prof=,5.118163, best_S_strat=,0.776691, 
t=,2008800, id=,B02, PRDE,actvstrat=,-0.921562, actvprof=,0.010845, id=,B03, PRDE,actvstrat=,0.728349, actvprof=,0.034619, id=,B05, PRDE,actvstrat=,0.408398, actvprof=,0.768851, id=,B06, PRDE,actvstrat=,0.467773, actvprof=,2.084101, id=,B09, PRDE,actvstrat=,-0.247459, actvprof=,5.443688, id=,S00, PRDE,actvstrat=,0.776691, actvprof=,5.154361, id=,S02, PRDE,actvstrat=,0.821159, actvprof=,2.257058, id=,S05, PRDE,actvstrat=,0.922641, actvprof=,0.090510, id=,S06, PRDE,actvstrat=,-0.973159, actvprof=,0.016267, id=,S07, PRDE,actvstrat=,0.767634, actvprof=,0.000000, best_B_id=,B09, best_B_prof=,5.443688, best_B_strat=,-0.247459, best_S_id=,S00, best_S_prof=,5.154361, best_S_strat=,0.776691, 
t=,2012400, id=,B02, PRDE,actvstrat=,0.500053, actvprof=,0.000000, id=,B03, PRDE,actvstrat=,0.728349, actvprof=,0.007794, id=,B05, PRDE,actvstrat=,0.630241, actvprof=,0.653575, id=,B06, PRDE,actvstrat=,0.467773, actvprof=,1.768103, id=,B09, PRDE,actvstrat=,-0.247459, actvprof=,4.951636, id=,S00, PRDE,actvstrat=,0.141005, actvprof=,2.520772, id=,S02, PRDE,actvstrat=,0.821159, actvprof=,2.499617, id=,S05, PRDE,actvstrat=,0.922641, actvprof=,0.041196, id=,S06, PRDE,actvstrat=,0.984393, actvprof=,0.020598, id=,S07, PRDE,actvstrat=,0.767634, actvprof=,0.000000, best_B_id=,B09, best_B_prof=,4.951636, best_B_strat=,-0.247459, best_S_id=,S00, best_S_prof=,2.520772, best_S_strat=,0.141005, 
t=,2016000, id=,B02, PRDE,actvstrat=,0.500053, actvprof=,0.000973, id=,B03, PRDE,actvstrat=,0.728349, actvprof=,0.009871, id=,B05, PRDE,actvstrat=,0.630241, actvprof=,0.638864, id=,B06, PRDE,actvstrat=,0.467773, actvprof=,1.776863, id=,B09, PRDE,actvstrat=,-0.247459, actvprof=,4.896802, id=,S00, PRDE,actvstrat=,0.141005, actvprof=,2.609125, id=,S02, PRDE,actvstrat=,0.821159, actvprof=,2.469395, id=,S05, PRDE,actvstrat=,0.922641, actvprof=,0.066181, id=,S06, PRDE,actvstrat=,0.984393, actvprof=,0.023636, id=,S07, PRDE,actvstrat=,0.767634, actvprof=,0.000000, best_B_id=,B09, best_B_prof=,4.896802, best_B_strat=,-0.247459, best_S_id=,S00, best_S_prof=,2.609125, best_S_strat=,0.141005, 
t=,2019600, id=,B02, PRDE,actvstrat=,-0.921562, actvprof=,0.009743, id=,B03, PRDE,actvstrat=,0.728349, actvprof=,0.016145, id=,B05, PRDE,actvstrat=,0.630241, actvprof=,0.884076, id=,B06, PRDE,actvstrat=,0.467773, actvprof=,2.107475, id=,B09, PRDE,actvstrat=,-0.247459, actvprof=,5.083161, id=,S00, PRDE,actvstrat=,0.776691, actvprof=,4.996590, id=,S02, PRDE,actvstrat=,0.821159, actvprof=,2.373032, id=,S05, PRDE,actvstrat=,0.922641, actvprof=,0.063466, id=,S06, PRDE,actvstrat=,0.984393, actvprof=,0.022547, id=,S07, PRDE,actvstrat=,0.767634, actvprof=,0.000000, best_B_id=,B09, best_B_prof=,5.083161, best_B_strat=,-0.247459, best_S_id=,S00, best_S_prof=,4.996590, best_S_strat=,0.776691, 
t=,2023200, id=,B02, PRDE,actvstrat=,-0.921562, actvprof=,0.006535, id=,B03, PRDE,actvstrat=,0.728349, actvprof=,0.017657, id=,B05, PRDE,actvstrat=,0.630241, actvprof=,0.917351, id=,B06, PRDE,actvstrat=,0.467773, actvprof=,2.107905, id=,B09, PRDE,actvstrat=,-0.247459, actvprof=,5.234795, id=,S00, PRDE,actvstrat=,0.776691, actvprof=,5.075461, id=,S02, PRDE,actvstrat=,0.821159, actvprof=,2.370263, id=,S05, PRDE,actvstrat=,0.922641, actvprof=,0.060063, id=,S06, PRDE,actvstrat=,0.984393, actvprof=,0.021133, id=,S07, PRDE,actvstrat=,0.767634, actvprof=,0.000695, best_B_id=,B09, best_B_prof=,5.234795, best_B_strat=,-0.247459, best_S_id=,S00, best_S_prof=,5.075461, best_S_strat=,0.776691, 
t=,2026800, id=,B02, PRDE,actvstrat=,0.500053, actvprof=,0.000278, id=,B03, PRDE,actvstrat=,0.728349, actvprof=,0.027280, id=,B05, PRDE,actvstrat=,0.408398, actvprof=,0.764391, id=,B06, PRDE,actvstrat=,0.467773, actvprof=,2.311825, id=,B09, PRDE,actvstrat=,-0.247459, actvprof=,5.475170, id=,S00, PRDE,actvstrat=,0.776691, actvprof=,4.997216, id=,S02, PRDE,actvstrat=,0.821159, actvprof=,2.150930, id=,S05, PRDE,actvstrat=,0.922641, actvprof=,0.052333, id=,S06, PRDE,actvstrat=,0.984393, actvprof=,0.013640, id=,S07, PRDE,actvstrat=,0.767634, actvprof=,0.000000, best_B_id=,B09, best_B_prof=,5.475170, best_B_strat=,-0.247459, best_S_id=,S00, best_S_prof=,4.997216, best_S_strat=,0.776691, 
t=,2030400, id=,B02, PRDE,actvstrat=,0.500053, actvprof=,0.001390, id=,B03, PRDE,actvstrat=,0.728349, actvprof=,0.031422, id=,B05, PRDE,actvstrat=,0.408398, actvprof=,0.778739, id=,B06, PRDE,actvstrat=,0.467773, actvprof=,2.248624, id=,B09, PRDE,actvstrat=,-0.247459, actvprof=,5.491908, id=,S00, PRDE,actvstrat=,0.776691, actvprof=,4.920333, id=,S02, PRDE,actvstrat=,0.821159, actvprof=,2.195929, id=,S05, PRDE,actvstrat=,0.922641, actvprof=,0.044352, id=,S06, PRDE,actvstrat=,0.984393, actvprof=,0.012930, id=,S07, PRDE,actvstrat=,0.767634, actvprof=,0.000000, best_B_id=,B09, best_B_prof=,5.491908, best_B_strat=,-0.247459, best_S_id=,S00, best_S_prof=,4.920333, best_S_strat=,0.776691, 
t=,2034000, id=,B02, PRDE,actvstrat=,-0.921562, actvprof=,0.001670, id=,B03, PRDE,actvstrat=,0.728349, actvprof=,0.028950, id=,B05, PRDE,actvstrat=,0.630241, actvprof=,0.858201, id=,B06, PRDE,actvstrat=,0.467773, actvprof=,2.050440, id=,B09, PRDE,actvstrat=,-0.247459, actvprof=,5.509965, id=,S00, PRDE,actvstrat=,0.776691, actvprof=,5.197083, id=,S02, PRDE,actvstrat=,0.821159, actvprof=,2.247244, id=,S05, PRDE,actvstrat=,0.922641, actvprof=,0.060962, id=,S06, PRDE,actvstrat=,0.984393, actvprof=,0.022826, id=,S07, PRDE,actvstrat=,0.767634, actvprof=,0.000000, best_B_id=,B09, best_B_prof=,5.509965, best_B_strat=,-0.247459, best_S_id=,S00, best_S_prof=,5.197083, best_S_strat=,0.776691, 
t=,2037600, id=,B02, PRDE,actvstrat=,-0.921562, actvprof=,0.005422, id=,B03, PRDE,actvstrat=,0.728349, actvprof=,0.026556, id=,B05, PRDE,actvstrat=,0.630241, actvprof=,0.889272, id=,B06, PRDE,actvstrat=,0.467773, actvprof=,2.086925, id=,B09, PRDE,actvstrat=,-0.247459, actvprof=,5.613703, id=,S00, PRDE,actvstrat=,0.776691, actvprof=,5.180468, id=,S02, PRDE,actvstrat=,0.821159, actvprof=,2.291168, id=,S05, PRDE,actvstrat=,0.922641, actvprof=,0.058256, id=,S06, PRDE,actvstrat=,0.984393, actvprof=,0.016823, id=,S07, PRDE,actvstrat=,0.767634, actvprof=,0.000000, best_B_id=,B09, best_B_prof=,5.613703, best_B_strat=,-0.247459, best_S_id=,S00, best_S_prof=,5.180468, best_S_strat=,0.776691, 
t=,2041200, id=,B02, PRDE,actvstrat=,-0.921562, actvprof=,0.010300, id=,B03, PRDE,actvstrat=,0.728349, actvprof=,0.039806, id=,B05, PRDE,actvstrat=,0.408398, actvprof=,0.757711, id=,B06, PRDE,actvstrat=,0.467773, actvprof=,2.158724, id=,B09, PRDE,actvstrat=,-0.247459, actvprof=,5.648035, id=,S00, PRDE,actvstrat=,0.776691, actvprof=,4.994154, id=,S02, PRDE,actvstrat=,0.821159, actvprof=,2.245296, id=,S05, PRDE,actvstrat=,0.922641, actvprof=,0.102160, id=,S06, PRDE,actvstrat=,-0.973159, actvprof=,0.011135, id=,S07, PRDE,actvstrat=,0.767634, actvprof=,0.001949, best_B_id=,B09, best_B_prof=,5.648035, best_B_strat=,-0.247459, best_S_id=,S00, best_S_prof=,4.994154, best_S_strat=,0.776691, 
t=,2044800, id=,B02, PRDE,actvstrat=,-0.921562, actvprof=,0.008342, id=,B03, PRDE,actvstrat=,0.728349, actvprof=,0.033647, id=,B05, PRDE,actvstrat=,0.408398, actvprof=,0.760247, id=,B06, PRDE,actvstrat=,0.467773, actvprof=,2.171181, id=,B09, PRDE,actvstrat=,-0.247459, actvprof=,5.479951, id=,S00, PRDE,actvstrat=,0.776691, actvprof=,4.927840, id=,S02, PRDE,actvstrat=,0.821159, actvprof=,2.245287, id=,S05, PRDE,actvstrat=,0.922641, actvprof=,0.092876, id=,S06, PRDE,actvstrat=,-0.973159, actvprof=,0.009732, id=,S07, PRDE,actvstrat=,0.767634, actvprof=,0.000973, best_B_id=,B09, best_B_prof=,5.479951, best_B_strat=,-0.247459, best_S_id=,S00, best_S_prof=,4.927840, best_S_strat=,0.776691, 
t=,2048400, id=,B02, PRDE,actvstrat=,-0.921562, actvprof=,0.008351, id=,B03, PRDE,actvstrat=,0.728349, actvprof=,0.029507, id=,B05, PRDE,actvstrat=,0.408398, actvprof=,0.792506, id=,B06, PRDE,actvstrat=,0.467773, actvprof=,2.248914, id=,B09, PRDE,actvstrat=,-0.247459, actvprof=,5.389990, id=,S00, PRDE,actvstrat=,0.776691, actvprof=,4.921223, id=,S02, PRDE,actvstrat=,0.821159, actvprof=,2.176818, id=,S05, PRDE,actvstrat=,0.922641, actvprof=,0.040085, id=,S06, PRDE,actvstrat=,0.984393, actvprof=,0.019486, id=,S07, PRDE,actvstrat=,0.284540, actvprof=,0.000000, best_B_id=,B09, best_B_prof=,5.389990, best_B_strat=,-0.247459, best_S_id=,S00, best_S_prof=,4.921223, best_S_strat=,0.776691, 
t=,2052000, id=,B02, PRDE,actvstrat=,-0.921562, actvprof=,0.007508, id=,B03, PRDE,actvstrat=,0.728349, actvprof=,0.032256, id=,B05, PRDE,actvstrat=,0.408398, actvprof=,0.761081, id=,B06, PRDE,actvstrat=,0.467773, actvprof=,2.171181, id=,B09, PRDE,actvstrat=,-0.247459, actvprof=,5.408765, id=,S00, PRDE,actvstrat=,0.776691, actvprof=,4.936878, id=,S02, PRDE,actvstrat=,0.821159, actvprof=,2.238335, id=,S05, PRDE,actvstrat=,0.922641, actvprof=,0.043240, id=,S06, PRDE,actvstrat=,0.984393, actvprof=,0.018492, id=,S07, PRDE,actvstrat=,0.284540, actvprof=,0.000000, best_B_id=,B09, best_B_prof=,5.408765, best_B_strat=,-0.247459, best_S_id=,S00, best_S_prof=,4.936878, best_S_strat=,0.776691, 
t=,2055600, id=,B02, PRDE,actvstrat=,0.500053, actvprof=,0.001392, id=,B03, PRDE,actvstrat=,0.728349, actvprof=,0.021991, id=,B05, PRDE,actvstrat=,0.408398, actvprof=,0.749360, id=,B06, PRDE,actvstrat=,0.467773, actvprof=,2.107505, id=,B09, PRDE,actvstrat=,-0.247459, actvprof=,5.139183, id=,S00, PRDE,actvstrat=,0.776691, actvprof=,4.860261, id=,S02, PRDE,actvstrat=,0.821159, actvprof=,2.300690, id=,S05, PRDE,actvstrat=,0.922641, actvprof=,0.091304, id=,S06, PRDE,actvstrat=,-0.973159, actvprof=,0.011135, id=,S07, PRDE,actvstrat=,0.767634, actvprof=,0.000000, best_B_id=,B09, best_B_prof=,5.139183, best_B_strat=,-0.247459, best_S_id=,S00, best_S_prof=,4.860261, best_S_strat=,0.776691, 
t=,2059200, id=,B02, PRDE,actvstrat=,0.500053, actvprof=,0.004032, id=,B03, PRDE,actvstrat=,0.728349, actvprof=,0.029197, id=,B05, PRDE,actvstrat=,0.408398, actvprof=,0.770536, id=,B06, PRDE,actvstrat=,0.467773, actvprof=,2.158946, id=,B09, PRDE,actvstrat=,-0.247459, actvprof=,5.269173, id=,S00, PRDE,actvstrat=,0.776691, actvprof=,4.883071, id=,S02, PRDE,actvstrat=,0.821159, actvprof=,2.258912, id=,S05, PRDE,actvstrat=,0.922641, actvprof=,0.087871, id=,S06, PRDE,actvstrat=,-0.973159, actvprof=,0.016823, id=,S07, PRDE,actvstrat=,0.767634, actvprof=,0.000000, best_B_id=,B09, best_B_prof=,5.269173, best_B_strat=,-0.247459, best_S_id=,S00, best_S_prof=,4.883071, best_S_strat=,0.776691, 
t=,2062800, id=,B02, PRDE,actvstrat=,0.500053, actvprof=,0.006959, id=,B03, PRDE,actvstrat=,0.728349, actvprof=,0.045373, id=,B05, PRDE,actvstrat=,0.408398, actvprof=,0.905789, id=,B06, PRDE,actvstrat=,0.008808, actvprof=,1.790978, id=,B09, PRDE,actvstrat=,-0.247459, actvprof=,5.815251, id=,S00, PRDE,actvstrat=,0.776691, actvprof=,4.723796, id=,S02, PRDE,actvstrat=,0.821159, actvprof=,1.949644, id=,S05, PRDE,actvstrat=,0.922641, actvprof=,0.081282, id=,S06, PRDE,actvstrat=,-0.973159, actvprof=,0.002784, id=,S07, PRDE,actvstrat=,0.767634, actvprof=,0.000000, best_B_id=,B09, best_B_prof=,5.815251, best_B_strat=,-0.247459, best_S_id=,S00, best_S_prof=,4.723796, best_S_strat=,0.776691, 
t=,2066400, id=,B02, PRDE,actvstrat=,0.500053, actvprof=,0.009176, id=,B03, PRDE,actvstrat=,0.728349, actvprof=,0.036983, id=,B05, PRDE,actvstrat=,0.408398, actvprof=,0.921105, id=,B06, PRDE,actvstrat=,0.008808, actvprof=,1.790072, id=,B09, PRDE,actvstrat=,-0.247459, actvprof=,5.836815, id=,S00, PRDE,actvstrat=,0.776691, actvprof=,4.746505, id=,S02, PRDE,actvstrat=,0.821159, actvprof=,1.938143, id=,S05, PRDE,actvstrat=,0.922641, actvprof=,0.071464, id=,S06, PRDE,actvstrat=,-0.973159, actvprof=,0.005561, id=,S07, PRDE,actvstrat=,0.767634, actvprof=,0.000000, best_B_id=,B09, best_B_prof=,5.836815, best_B_strat=,-0.247459, best_S_id=,S00, best_S_prof=,4.746505, best_S_strat=,0.776691, 
t=,2070000, id=,B02, PRDE,actvstrat=,0.500053, actvprof=,0.006124, id=,B03, PRDE,actvstrat=,0.728349, actvprof=,0.023661, id=,B05, PRDE,actvstrat=,0.408398, actvprof=,0.766618, id=,B06, PRDE,actvstrat=,0.467773, actvprof=,2.140630, id=,B09, PRDE,actvstrat=,-0.247459, actvprof=,5.683109, id=,S00, PRDE,actvstrat=,0.776691, actvprof=,4.895613, id=,S02, PRDE,actvstrat=,0.821159, actvprof=,2.285937, id=,S05, PRDE,actvstrat=,0.922641, actvprof=,0.038693, id=,S06, PRDE,actvstrat=,0.984393, actvprof=,0.021156, id=,S07, PRDE,actvstrat=,0.767634, actvprof=,0.000000, best_B_id=,B09, best_B_prof=,5.683109, best_B_strat=,-0.247459, best_S_id=,S00, best_S_prof=,4.895613, best_S_strat=,0.776691, 
t=,2073600, id=,B02, PRDE,actvstrat=,0.500053, actvprof=,0.005144, id=,B03, PRDE,actvstrat=,0.728349, actvprof=,0.035176, id=,B05, PRDE,actvstrat=,0.408398, actvprof=,0.747873, id=,B06, PRDE,actvstrat=,0.467773, actvprof=,2.151160, id=,B09, PRDE,actvstrat=,-0.247459, actvprof=,5.529865, id=,S00, PRDE,actvstrat=,0.776691, actvprof=,4.869446, id=,S02, PRDE,actvstrat=,0.821159, actvprof=,2.225961, id=,S05, PRDE,actvstrat=,0.922641, actvprof=,0.049497, id=,S06, PRDE,actvstrat=,0.984393, actvprof=,0.020994, id=,S07, PRDE,actvstrat=,0.767634, actvprof=,0.000000, best_B_id=,B09, best_B_prof=,5.529865, best_B_strat=,-0.247459, best_S_id=,S00, best_S_prof=,4.869446, best_S_strat=,0.776691, 
t=,2077200, id=,B02, PRDE,actvstrat=,0.500053, actvprof=,0.000000, id=,B03, PRDE,actvstrat=,0.728349, actvprof=,0.021712, id=,B05, PRDE,actvstrat=,0.408398, actvprof=,0.863478, id=,B06, PRDE,actvstrat=,0.467773, actvprof=,2.190149, id=,B09, PRDE,actvstrat=,-0.247459, actvprof=,5.468135, id=,S00, PRDE,actvstrat=,0.776691, actvprof=,4.861306, id=,S02, PRDE,actvstrat=,0.821159, actvprof=,2.197108, id=,S05, PRDE,actvstrat=,0.922641, actvprof=,0.053445, id=,S06, PRDE,actvstrat=,0.984393, actvprof=,0.015588, id=,S07, PRDE,actvstrat=,0.767634, actvprof=,0.000000, best_B_id=,B09, best_B_prof=,5.468135, best_B_strat=,-0.247459, best_S_id=,S00, best_S_prof=,4.861306, best_S_strat=,0.776691, 
t=,2080800, id=,B02, PRDE,actvstrat=,0.500053, actvprof=,0.000973, id=,B03, PRDE,actvstrat=,0.728349, actvprof=,0.024192, id=,B05, PRDE,actvstrat=,0.408398, actvprof=,0.803626, id=,B06, PRDE,actvstrat=,0.467773, actvprof=,2.174100, id=,B09, PRDE,actvstrat=,-0.247459, actvprof=,5.572966, id=,S00, PRDE,actvstrat=,0.776691, actvprof=,4.983316, id=,S02, PRDE,actvstrat=,0.821159, actvprof=,2.277821, id=,S05, PRDE,actvstrat=,0.922641, actvprof=,0.043657, id=,S06, PRDE,actvstrat=,0.984393, actvprof=,0.018075, id=,S07, PRDE,actvstrat=,0.767634, actvprof=,0.000278, best_B_id=,B09, best_B_prof=,5.572966, best_B_strat=,-0.247459, best_S_id=,S00, best_S_prof=,4.983316, best_S_strat=,0.776691, 
t=,2084400, id=,B02, PRDE,actvstrat=,-0.921562, actvprof=,0.007516, id=,B03, PRDE,actvstrat=,0.728349, actvprof=,0.041477, id=,B05, PRDE,actvstrat=,0.630241, actvprof=,0.869904, id=,B06, PRDE,actvstrat=,0.467773, actvprof=,2.004816, id=,B09, PRDE,actvstrat=,-0.247459, actvprof=,5.086086, id=,S00, PRDE,actvstrat=,0.776691, actvprof=,4.991440, id=,S02, PRDE,actvstrat=,0.821159, actvprof=,2.421535, id=,S05, PRDE,actvstrat=,0.922641, actvprof=,0.072376, id=,S06, PRDE,actvstrat=,-0.973159, actvprof=,0.012805, id=,S07, PRDE,actvstrat=,0.767634, actvprof=,0.001392, best_B_id=,B09, best_B_prof=,5.086086, best_B_strat=,-0.247459, best_S_id=,S00, best_S_prof=,4.991440, best_S_strat=,0.776691, 
t=,2088000, id=,B02, PRDE,actvstrat=,-0.921562, actvprof=,0.006952, id=,B03, PRDE,actvstrat=,0.728349, actvprof=,0.034898, id=,B05, PRDE,actvstrat=,0.630241, actvprof=,0.891225, id=,B06, PRDE,actvstrat=,0.467773, actvprof=,1.992812, id=,B09, PRDE,actvstrat=,-0.247459, actvprof=,5.141296, id=,S00, PRDE,actvstrat=,0.776691, actvprof=,5.103895, id=,S02, PRDE,actvstrat=,0.821159, actvprof=,2.365152, id=,S05, PRDE,actvstrat=,0.922641, actvprof=,0.079668, id=,S06, PRDE,actvstrat=,-0.973159, actvprof=,0.012096, id=,S07, PRDE,actvstrat=,0.767634, actvprof=,0.002503, best_B_id=,B09, best_B_prof=,5.141296, best_B_strat=,-0.247459, best_S_id=,S00, best_S_prof=,5.103895, best_S_strat=,0.776691, 
t=,2091600, id=,B02, PRDE,actvstrat=,-0.921562, actvprof=,0.006681, id=,B03, PRDE,actvstrat=,0.728349, actvprof=,0.031177, id=,B05, PRDE,actvstrat=,0.408398, actvprof=,0.759391, id=,B06, PRDE,actvstrat=,0.467773, actvprof=,2.217490, id=,B09, PRDE,actvstrat=,0.050105, actvprof=,6.123011, id=,S00, PRDE,actvstrat=,0.776691, actvprof=,4.704441, id=,S02, PRDE,actvstrat=,0.821159, actvprof=,2.131195, id=,S05, PRDE,actvstrat=,0.922641, actvprof=,0.103275, id=,S06, PRDE,actvstrat=,-0.973159, actvprof=,0.024218, id=,S07, PRDE,actvstrat=,0.767634, actvprof=,0.000835, best_B_id=,B09, best_B_prof=,6.123011, best_B_strat=,0.050105, best_S_id=,S00, best_S_prof=,4.704441, best_S_strat=,0.776691, 
t=,2095200, id=,B02, PRDE,actvstrat=,-0.921562, actvprof=,0.005839, id=,B03, PRDE,actvstrat=,0.728349, actvprof=,0.026000, id=,B05, PRDE,actvstrat=,0.408398, actvprof=,0.737167, id=,B06, PRDE,actvstrat=,0.467773, actvprof=,2.145876, id=,B09, PRDE,actvstrat=,0.050105, actvprof=,6.112424, id=,S00, PRDE,actvstrat=,0.776691, actvprof=,4.846227, id=,S02, PRDE,actvstrat=,0.821159, actvprof=,2.218592, id=,S05, PRDE,actvstrat=,0.922641, actvprof=,0.096074, id=,S06, PRDE,actvstrat=,-0.973159, actvprof=,0.024887, id=,S07, PRDE,actvstrat=,0.767634, actvprof=,0.003059, best_B_id=,B09, best_B_prof=,6.112424, best_B_strat=,0.050105, best_S_id=,S00, best_S_prof=,4.846227, best_S_strat=,0.776691, 
t=,2098800, id=,B02, PRDE,actvstrat=,0.500053, actvprof=,0.004454, id=,B03, PRDE,actvstrat=,0.728349, actvprof=,0.043147, id=,B05, PRDE,actvstrat=,0.408398, actvprof=,0.741019, id=,B06, PRDE,actvstrat=,0.467773, actvprof=,2.075800, id=,B09, PRDE,actvstrat=,-0.247459, actvprof=,5.478030, id=,S00, PRDE,actvstrat=,0.776691, actvprof=,5.275377, id=,S02, PRDE,actvstrat=,0.821159, actvprof=,2.328838, id=,S05, PRDE,actvstrat=,0.922641, actvprof=,0.099378, id=,S06, PRDE,actvstrat=,-0.973159, actvprof=,0.017259, id=,S07, PRDE,actvstrat=,0.767634, actvprof=,0.000000, best_B_id=,B09, best_B_prof=,5.478030, best_B_strat=,-0.247459, best_S_id=,S00, best_S_prof=,5.275377, best_S_strat=,0.776691, 
t=,2102400, id=,B02, PRDE,actvstrat=,0.500053, actvprof=,0.002364, id=,B03, PRDE,actvstrat=,0.728349, actvprof=,0.042128, id=,B05, PRDE,actvstrat=,0.408398, actvprof=,0.749124, id=,B06, PRDE,actvstrat=,0.467773, actvprof=,2.047578, id=,B09, PRDE,actvstrat=,-0.247459, actvprof=,5.447139, id=,S00, PRDE,actvstrat=,0.776691, actvprof=,5.154191, id=,S02, PRDE,actvstrat=,0.821159, actvprof=,2.260859, id=,S05, PRDE,actvstrat=,0.922641, actvprof=,0.096630, id=,S06, PRDE,actvstrat=,-0.973159, actvprof=,0.016962, id=,S07, PRDE,actvstrat=,0.767634, actvprof=,0.001390, best_B_id=,B09, best_B_prof=,5.447139, best_B_strat=,-0.247459, best_S_id=,S00, best_S_prof=,5.154191, best_S_strat=,0.776691, 
t=,2106000, id=,B02, PRDE,actvstrat=,-0.921562, actvprof=,0.006681, id=,B03, PRDE,actvstrat=,0.728349, actvprof=,0.013640, id=,B05, PRDE,actvstrat=,0.408398, actvprof=,0.724327, id=,B06, PRDE,actvstrat=,0.467773, actvprof=,2.066364, id=,B09, PRDE,actvstrat=,-0.247459, actvprof=,5.524873, id=,S00, PRDE,actvstrat=,0.776691, actvprof=,5.186928, id=,S02, PRDE,actvstrat=,0.821159, actvprof=,2.348635, id=,S05, PRDE,actvstrat=,0.922641, actvprof=,0.049829, id=,S06, PRDE,actvstrat=,0.984393, actvprof=,0.011135, id=,S07, PRDE,actvstrat=,0.767634, actvprof=,0.002227, best_B_id=,B09, best_B_prof=,5.524873, best_B_strat=,-0.247459, best_S_id=,S00, best_S_prof=,5.186928, best_S_strat=,0.776691, 
t=,2109600, id=,B02, PRDE,actvstrat=,-0.921562, actvprof=,0.006396, id=,B03, PRDE,actvstrat=,0.728349, actvprof=,0.024888, id=,B05, PRDE,actvstrat=,0.408398, actvprof=,0.756503, id=,B06, PRDE,actvstrat=,0.467773, actvprof=,2.192206, id=,B09, PRDE,actvstrat=,-0.247459, actvprof=,5.592926, id=,S00, PRDE,actvstrat=,0.776691, actvprof=,5.037054, id=,S02, PRDE,actvstrat=,0.821159, actvprof=,2.222933, id=,S05, PRDE,actvstrat=,0.922641, actvprof=,0.046300, id=,S06, PRDE,actvstrat=,0.984393, actvprof=,0.015016, id=,S07, PRDE,actvstrat=,0.767634, actvprof=,0.001807, best_B_id=,B09, best_B_prof=,5.592926, best_B_strat=,-0.247459, best_S_id=,S00, best_S_prof=,5.037054, best_S_strat=,0.776691, 
t=,2113200, id=,B02, PRDE,actvstrat=,0.500053, actvprof=,0.001670, id=,B03, PRDE,actvstrat=,0.728349, actvprof=,0.016981, id=,B05, PRDE,actvstrat=,0.408398, actvprof=,0.773588, id=,B06, PRDE,actvstrat=,0.467773, actvprof=,2.103637, id=,B09, PRDE,actvstrat=,-0.247459, actvprof=,5.495010, id=,S00, PRDE,actvstrat=,0.776691, actvprof=,5.085251, id=,S02, PRDE,actvstrat=,0.821159, actvprof=,2.247275, id=,S05, PRDE,actvstrat=,0.922641, actvprof=,0.087130, id=,S06, PRDE,actvstrat=,-0.973159, actvprof=,0.022270, id=,S07, PRDE,actvstrat=,0.767634, actvprof=,0.000000, best_B_id=,B09, best_B_prof=,5.495010, best_B_strat=,-0.247459, best_S_id=,S00, best_S_prof=,5.085251, best_S_strat=,0.776691, 
t=,2116800, id=,B02, PRDE,actvstrat=,0.500053, actvprof=,0.000834, id=,B03, PRDE,actvstrat=,0.728349, actvprof=,0.028364, id=,B05, PRDE,actvstrat=,0.408398, actvprof=,0.771659, id=,B06, PRDE,actvstrat=,0.467773, actvprof=,2.113232, id=,B09, PRDE,actvstrat=,-0.247459, actvprof=,5.473632, id=,S00, PRDE,actvstrat=,0.776691, actvprof=,5.033160, id=,S02, PRDE,actvstrat=,0.821159, actvprof=,2.183724, id=,S05, PRDE,actvstrat=,0.922641, actvprof=,0.095241, id=,S06, PRDE,actvstrat=,-0.973159, actvprof=,0.018075, id=,S07, PRDE,actvstrat=,0.767634, actvprof=,0.000000, best_B_id=,B09, best_B_prof=,5.473632, best_B_strat=,-0.247459, best_S_id=,S00, best_S_prof=,5.033160, best_S_strat=,0.776691, 
t=,2120400, id=,B02, PRDE,actvstrat=,-0.921562, actvprof=,0.006403, id=,B03, PRDE,actvstrat=,0.728349, actvprof=,0.033127, id=,B05, PRDE,actvstrat=,0.408398, actvprof=,0.784477, id=,B06, PRDE,actvstrat=,0.467773, actvprof=,2.117365, id=,B09, PRDE,actvstrat=,-0.247459, actvprof=,5.418407, id=,S00, PRDE,actvstrat=,0.776691, actvprof=,4.765603, id=,S02, PRDE,actvstrat=,0.821159, actvprof=,2.215912, id=,S05, PRDE,actvstrat=,0.922641, actvprof=,0.096320, id=,S06, PRDE,actvstrat=,-0.973159, actvprof=,0.011970, id=,S07, PRDE,actvstrat=,0.767634, actvprof=,0.001670, best_B_id=,B09, best_B_prof=,5.418407, best_B_strat=,-0.247459, best_S_id=,S00, best_S_prof=,4.765603, best_S_strat=,0.776691, 
t=,2124000, id=,B02, PRDE,actvstrat=,-0.921562, actvprof=,0.004032, id=,B03, PRDE,actvstrat=,0.728349, actvprof=,0.035316, id=,B05, PRDE,actvstrat=,0.408398, actvprof=,0.761798, id=,B06, PRDE,actvstrat=,0.467773, actvprof=,2.087400, id=,B09, PRDE,actvstrat=,-0.247459, actvprof=,5.423236, id=,S00, PRDE,actvstrat=,0.776691, actvprof=,4.902255, id=,S02, PRDE,actvstrat=,0.821159, actvprof=,2.193765, id=,S05, PRDE,actvstrat=,0.922641, actvprof=,0.106643, id=,S06, PRDE,actvstrat=,-0.973159, actvprof=,0.007369, id=,S07, PRDE,actvstrat=,0.767634, actvprof=,0.001112, best_B_id=,B09, best_B_prof=,5.423236, best_B_strat=,-0.247459, best_S_id=,S00, best_S_prof=,4.902255, best_S_strat=,0.776691, 
t=,2127600, id=,B02, PRDE,actvstrat=,-0.921562, actvprof=,0.011971, id=,B03, PRDE,actvstrat=,0.728349, actvprof=,0.014476, id=,B05, PRDE,actvstrat=,0.630241, actvprof=,0.866334, id=,B06, PRDE,actvstrat=,0.467773, actvprof=,1.972913, id=,B09, PRDE,actvstrat=,-0.247459, actvprof=,5.125064, id=,S00, PRDE,actvstrat=,0.776691, actvprof=,5.137035, id=,S02, PRDE,actvstrat=,0.821159, actvprof=,2.373509, id=,S05, PRDE,actvstrat=,0.922641, actvprof=,0.078505, id=,S06, PRDE,actvstrat=,-0.973159, actvprof=,0.008352, id=,S07, PRDE,actvstrat=,0.767634, actvprof=,0.000000, best_B_id=,B09, best_B_prof=,5.125064, best_B_strat=,-0.247459, best_S_id=,S00, best_S_prof=,5.137035, best_S_strat=,0.776691, 
t=,2131200, id=,B02, PRDE,actvstrat=,-0.921562, actvprof=,0.007647, id=,B03, PRDE,actvstrat=,0.728349, actvprof=,0.020300, id=,B05, PRDE,actvstrat=,0.630241, actvprof=,0.853152, id=,B06, PRDE,actvstrat=,0.467773, actvprof=,1.985498, id=,B09, PRDE,actvstrat=,-0.247459, actvprof=,5.137268, id=,S00, PRDE,actvstrat=,0.776691, actvprof=,5.043972, id=,S02, PRDE,actvstrat=,0.821159, actvprof=,2.465744, id=,S05, PRDE,actvstrat=,0.922641, actvprof=,0.078558, id=,S06, PRDE,actvstrat=,-0.973159, actvprof=,0.013487, id=,S07, PRDE,actvstrat=,0.767634, actvprof=,0.000417, best_B_id=,B09, best_B_prof=,5.137268, best_B_strat=,-0.247459, best_S_id=,S00, best_S_prof=,5.043972, best_S_strat=,0.776691, 
t=,2134800, id=,B02, PRDE,actvstrat=,-0.921562, actvprof=,0.004733, id=,B03, PRDE,actvstrat=,0.932898, actvprof=,0.013363, id=,B05, PRDE,actvstrat=,0.630241, actvprof=,0.781715, id=,B06, PRDE,actvstrat=,0.467773, actvprof=,1.993820, id=,B09, PRDE,actvstrat=,-0.247459, actvprof=,5.153531, id=,S00, PRDE,actvstrat=,0.776691, actvprof=,5.305532, id=,S02, PRDE,actvstrat=,0.821159, actvprof=,2.479330, id=,S05, PRDE,actvstrat=,0.922641, actvprof=,0.077114, id=,S06, PRDE,actvstrat=,-0.973159, actvprof=,0.017260, id=,S07, PRDE,actvstrat=,0.767634, actvprof=,0.001392, best_B_id=,B09, best_B_prof=,5.153531, best_B_strat=,-0.247459, best_S_id=,S00, best_S_prof=,5.305532, best_S_strat=,0.776691, 
t=,2138400, id=,B02, PRDE,actvstrat=,-0.921562, actvprof=,0.006952, id=,B03, PRDE,actvstrat=,0.932898, actvprof=,0.016824, id=,B05, PRDE,actvstrat=,0.630241, actvprof=,0.830628, id=,B06, PRDE,actvstrat=,0.467773, actvprof=,1.984525, id=,B09, PRDE,actvstrat=,-0.247459, actvprof=,5.158263, id=,S00, PRDE,actvstrat=,0.776691, actvprof=,5.244051, id=,S02, PRDE,actvstrat=,0.821159, actvprof=,2.418470, id=,S05, PRDE,actvstrat=,0.922641, actvprof=,0.079392, id=,S06, PRDE,actvstrat=,-0.973159, actvprof=,0.010011, id=,S07, PRDE,actvstrat=,0.767634, actvprof=,0.001668, best_B_id=,B09, best_B_prof=,5.158263, best_B_strat=,-0.247459, best_S_id=,S00, best_S_prof=,5.244051, best_S_strat=,0.776691, 
t=,2142000, id=,B02, PRDE,actvstrat=,0.500053, actvprof=,0.001392, id=,B03, PRDE,actvstrat=,0.728349, actvprof=,0.031458, id=,B05, PRDE,actvstrat=,0.408398, actvprof=,0.759455, id=,B06, PRDE,actvstrat=,0.467773, actvprof=,2.084604, id=,B09, PRDE,actvstrat=,-0.247459, actvprof=,5.380771, id=,S00, PRDE,actvstrat=,0.776691, actvprof=,4.951769, id=,S02, PRDE,actvstrat=,0.821159, actvprof=,2.352696, id=,S05, PRDE,actvstrat=,0.497889, actvprof=,0.016704, id=,S06, PRDE,actvstrat=,-0.973159, actvprof=,0.011414, id=,S07, PRDE,actvstrat=,0.767634, actvprof=,0.000000, best_B_id=,B09, best_B_prof=,5.380771, best_B_strat=,-0.247459, best_S_id=,S00, best_S_prof=,4.951769, best_S_strat=,0.776691, 
t=,2145600, id=,B02, PRDE,actvstrat=,0.500053, actvprof=,0.000695, id=,B03, PRDE,actvstrat=,0.728349, actvprof=,0.029894, id=,B05, PRDE,actvstrat=,0.408398, actvprof=,0.719539, id=,B06, PRDE,actvstrat=,0.467773, actvprof=,2.050583, id=,B09, PRDE,actvstrat=,-0.247459, actvprof=,5.202653, id=,S00, PRDE,actvstrat=,0.776691, actvprof=,5.095035, id=,S02, PRDE,actvstrat=,0.821159, actvprof=,2.369127, id=,S05, PRDE,actvstrat=,0.497889, actvprof=,0.015990, id=,S06, PRDE,actvstrat=,-0.973159, actvprof=,0.016685, id=,S07, PRDE,actvstrat=,0.767634, actvprof=,0.000000, best_B_id=,B09, best_B_prof=,5.202653, best_B_strat=,-0.247459, best_S_id=,S00, best_S_prof=,5.095035, best_S_strat=,0.776691, 
t=,2149200, id=,B02, PRDE,actvstrat=,-0.921562, actvprof=,0.008352, id=,B03, PRDE,actvstrat=,0.728349, actvprof=,0.020879, id=,B05, PRDE,actvstrat=,0.630241, actvprof=,0.862182, id=,B06, PRDE,actvstrat=,0.467773, actvprof=,1.914227, id=,B09, PRDE,actvstrat=,-0.247459, actvprof=,4.884954, id=,S00, PRDE,actvstrat=,0.776691, actvprof=,5.124650, id=,S02, PRDE,actvstrat=,0.821159, actvprof=,2.437884, id=,S05, PRDE,actvstrat=,0.922641, actvprof=,0.097437, id=,S06, PRDE,actvstrat=,-0.973159, actvprof=,0.008352, id=,S07, PRDE,actvstrat=,0.767634, actvprof=,0.000000, best_B_id=,B09, best_B_prof=,4.884954, best_B_strat=,-0.247459, best_S_id=,S00, best_S_prof=,5.124650, best_S_strat=,0.776691, 
t=,2152800, id=,B02, PRDE,actvstrat=,-0.921562, actvprof=,0.009455, id=,B03, PRDE,actvstrat=,0.728349, actvprof=,0.026001, id=,B05, PRDE,actvstrat=,0.630241, actvprof=,0.838571, id=,B06, PRDE,actvstrat=,0.467773, actvprof=,1.966491, id=,B09, PRDE,actvstrat=,-0.247459, actvprof=,5.039349, id=,S00, PRDE,actvstrat=,0.776691, actvprof=,5.093437, id=,S02, PRDE,actvstrat=,0.821159, actvprof=,2.388904, id=,S05, PRDE,actvstrat=,0.922641, actvprof=,0.091908, id=,S06, PRDE,actvstrat=,-0.973159, actvprof=,0.005562, id=,S07, PRDE,actvstrat=,0.767634, actvprof=,0.000000, best_B_id=,B09, best_B_prof=,5.039349, best_B_strat=,-0.247459, best_S_id=,S00, best_S_prof=,5.093437, best_S_strat=,0.776691, 
t=,2156400, id=,B02, PRDE,actvstrat=,-0.921562, actvprof=,0.003341, id=,B03, PRDE,actvstrat=,0.728349, actvprof=,0.016426, id=,B05, PRDE,actvstrat=,0.408398, actvprof=,0.672894, id=,B06, PRDE,actvstrat=,0.467773, actvprof=,2.029260, id=,B09, PRDE,actvstrat=,-0.097301, actvprof=,5.680480, id=,S00, PRDE,actvstrat=,0.776691, actvprof=,5.172399, id=,S02, PRDE,actvstrat=,0.821159, actvprof=,2.371135, id=,S05, PRDE,actvstrat=,0.922641, actvprof=,0.143098, id=,S06, PRDE,actvstrat=,-0.973159, actvprof=,0.016704, id=,S07, PRDE,actvstrat=,0.767634, actvprof=,0.000000, best_B_id=,B09, best_B_prof=,5.680480, best_B_strat=,-0.097301, best_S_id=,S00, best_S_prof=,5.172399, best_S_strat=,0.776691, 
t=,2160000, id=,B02, PRDE,actvstrat=,-0.921562, actvprof=,0.003476, id=,B03, PRDE,actvstrat=,0.728349, actvprof=,0.022386, id=,B05, PRDE,actvstrat=,0.408398, actvprof=,0.706206, id=,B06, PRDE,actvstrat=,0.467773, actvprof=,2.078296, id=,B09, PRDE,actvstrat=,-0.097301, actvprof=,5.570395, id=,S00, PRDE,actvstrat=,0.776691, actvprof=,5.062188, id=,S02, PRDE,actvstrat=,0.821159, actvprof=,2.328854, id=,S05, PRDE,actvstrat=,0.922641, actvprof=,0.113182, id=,S06, PRDE,actvstrat=,-0.973159, actvprof=,0.011124, id=,S07, PRDE,actvstrat=,0.767634, actvprof=,0.000000, best_B_id=,B09, best_B_prof=,5.570395, best_B_strat=,-0.097301, best_S_id=,S00, best_S_prof=,5.062188, best_S_strat=,0.776691, 
t=,2163600, id=,B02, PRDE,actvstrat=,-0.921562, actvprof=,0.001670, id=,B03, PRDE,actvstrat=,0.728349, actvprof=,0.015034, id=,B05, PRDE,actvstrat=,0.630241, actvprof=,0.402294, id=,B06, PRDE,actvstrat=,0.467773, actvprof=,1.500599, id=,B09, PRDE,actvstrat=,-0.247459, actvprof=,4.534647, id=,S00, PRDE,actvstrat=,0.776691, actvprof=,5.672485, id=,S02, PRDE,actvstrat=,-0.925942, actvprof=,0.000000, id=,S05, PRDE,actvstrat=,0.922641, actvprof=,0.099112, id=,S06, PRDE,actvstrat=,-0.973159, actvprof=,0.015312, id=,S07, PRDE,actvstrat=,0.850535, actvprof=,0.001670, best_B_id=,B09, best_B_prof=,4.534647, best_B_strat=,-0.247459, best_S_id=,S00, best_S_prof=,5.672485, best_S_strat=,0.776691, 
t=,2167200, id=,B02, PRDE,actvstrat=,-0.921562, actvprof=,0.000834, id=,B03, PRDE,actvstrat=,0.728349, actvprof=,0.008760, id=,B05, PRDE,actvstrat=,0.630241, actvprof=,0.419775, id=,B06, PRDE,actvstrat=,0.467773, actvprof=,1.516557, id=,B09, PRDE,actvstrat=,-0.247459, actvprof=,4.459013, id=,S00, PRDE,actvstrat=,0.776691, actvprof=,5.735579, id=,S02, PRDE,actvstrat=,-0.925942, actvprof=,0.000000, id=,S05, PRDE,actvstrat=,0.922641, actvprof=,0.106925, id=,S06, PRDE,actvstrat=,-0.973159, actvprof=,0.017520, id=,S07, PRDE,actvstrat=,0.850535, actvprof=,0.001808, best_B_id=,B09, best_B_prof=,4.459013, best_B_strat=,-0.247459, best_S_id=,S00, best_S_prof=,5.735579, best_S_strat=,0.776691, 
t=,2170800, id=,B02, PRDE,actvstrat=,0.500053, actvprof=,0.009466, id=,B03, PRDE,actvstrat=,0.105496, actvprof=,0.010580, id=,B05, PRDE,actvstrat=,0.408398, actvprof=,0.876985, id=,B06, PRDE,actvstrat=,0.467773, actvprof=,2.276264, id=,B09, PRDE,actvstrat=,-0.247459, actvprof=,5.299219, id=,S00, PRDE,actvstrat=,0.776691, actvprof=,4.883834, id=,S02, PRDE,actvstrat=,0.821159, actvprof=,2.043237, id=,S05, PRDE,actvstrat=,0.922641, actvprof=,0.068488, id=,S06, PRDE,actvstrat=,-0.973159, actvprof=,0.014756, id=,S07, PRDE,actvstrat=,0.767634, actvprof=,0.000000, best_B_id=,B09, best_B_prof=,5.299219, best_B_strat=,-0.247459, best_S_id=,S00, best_S_prof=,4.883834, best_S_strat=,0.776691, 
t=,2174400, id=,B02, PRDE,actvstrat=,0.500053, actvprof=,0.006813, id=,B03, PRDE,actvstrat=,0.105496, actvprof=,0.012792, id=,B05, PRDE,actvstrat=,0.408398, actvprof=,0.845679, id=,B06, PRDE,actvstrat=,0.467773, actvprof=,2.185112, id=,B09, PRDE,actvstrat=,-0.247459, actvprof=,5.355646, id=,S00, PRDE,actvstrat=,0.776691, actvprof=,4.956027, id=,S02, PRDE,actvstrat=,0.821159, actvprof=,2.145067, id=,S05, PRDE,actvstrat=,0.922641, actvprof=,0.071331, id=,S06, PRDE,actvstrat=,-0.973159, actvprof=,0.014322, id=,S07, PRDE,actvstrat=,0.767634, actvprof=,0.001390, best_B_id=,B09, best_B_prof=,5.355646, best_B_strat=,-0.247459, best_S_id=,S00, best_S_prof=,4.956027, best_S_strat=,0.776691, 
t=,2178000, id=,B02, PRDE,actvstrat=,0.500053, actvprof=,0.001670, id=,B03, PRDE,actvstrat=,0.728349, actvprof=,0.005847, id=,B05, PRDE,actvstrat=,0.408398, actvprof=,0.502255, id=,B06, PRDE,actvstrat=,0.467773, actvprof=,1.830280, id=,B09, PRDE,actvstrat=,-0.247459, actvprof=,5.120274, id=,S00, PRDE,actvstrat=,0.141005, actvprof=,2.399076, id=,S02, PRDE,actvstrat=,0.821159, actvprof=,2.590345, id=,S05, PRDE,actvstrat=,0.922641, actvprof=,0.069325, id=,S06, PRDE,actvstrat=,-0.973159, actvprof=,0.005568, id=,S07, PRDE,actvstrat=,0.767634, actvprof=,0.000557, best_B_id=,B09, best_B_prof=,5.120274, best_B_strat=,-0.247459, best_S_id=,S02, best_S_prof=,2.590345, best_S_strat=,0.821159, 
t=,2181600, id=,B02, PRDE,actvstrat=,0.500053, actvprof=,0.000834, id=,B03, PRDE,actvstrat=,0.728349, actvprof=,0.005284, id=,B05, PRDE,actvstrat=,0.408398, actvprof=,0.541867, id=,B06, PRDE,actvstrat=,0.467773, actvprof=,1.931922, id=,B09, PRDE,actvstrat=,-0.247459, actvprof=,5.193137, id=,S00, PRDE,actvstrat=,0.141005, actvprof=,2.338079, id=,S02, PRDE,actvstrat=,0.821159, actvprof=,2.538029, id=,S05, PRDE,actvstrat=,0.922641, actvprof=,0.074668, id=,S06, PRDE,actvstrat=,-0.973159, actvprof=,0.005562, id=,S07, PRDE,actvstrat=,0.767634, actvprof=,0.000278, best_B_id=,B09, best_B_prof=,5.193137, best_B_strat=,-0.247459, best_S_id=,S02, best_S_prof=,2.538029, best_S_strat=,0.821159, 
t=,2185200, id=,B02, PRDE,actvstrat=,0.500053, actvprof=,0.002227, id=,B03, PRDE,actvstrat=,0.728349, actvprof=,0.041762, id=,B05, PRDE,actvstrat=,0.408398, actvprof=,0.890374, id=,B06, PRDE,actvstrat=,0.467773, actvprof=,2.195866, id=,B09, PRDE,actvstrat=,-0.247459, actvprof=,5.230041, id=,S00, PRDE,actvstrat=,0.776691, actvprof=,4.854458, id=,S02, PRDE,actvstrat=,0.821159, actvprof=,2.230668, id=,S05, PRDE,actvstrat=,0.922641, actvprof=,0.083803, id=,S06, PRDE,actvstrat=,-0.973159, actvprof=,0.009466, id=,S07, PRDE,actvstrat=,0.767634, actvprof=,0.000000, best_B_id=,B09, best_B_prof=,5.230041, best_B_strat=,-0.247459, best_S_id=,S00, best_S_prof=,4.854458, best_S_strat=,0.776691, 
t=,2188800, id=,B02, PRDE,actvstrat=,0.500053, actvprof=,0.001112, id=,B03, PRDE,actvstrat=,0.728349, actvprof=,0.033233, id=,B05, PRDE,actvstrat=,0.408398, actvprof=,0.841937, id=,B06, PRDE,actvstrat=,0.467773, actvprof=,2.166788, id=,B09, PRDE,actvstrat=,-0.247459, actvprof=,5.321375, id=,S00, PRDE,actvstrat=,0.776691, actvprof=,4.886154, id=,S02, PRDE,actvstrat=,0.821159, actvprof=,2.224354, id=,S05, PRDE,actvstrat=,0.922641, actvprof=,0.079536, id=,S06, PRDE,actvstrat=,-0.973159, actvprof=,0.011958, id=,S07, PRDE,actvstrat=,0.767634, actvprof=,0.000000, best_B_id=,B09, best_B_prof=,5.321375, best_B_strat=,-0.247459, best_S_id=,S00, best_S_prof=,4.886154, best_S_strat=,0.776691, 
t=,2192400, id=,B02, PRDE,actvstrat=,-0.921562, actvprof=,0.000000, id=,B03, PRDE,actvstrat=,0.728349, actvprof=,0.016984, id=,B05, PRDE,actvstrat=,0.630241, actvprof=,0.510622, id=,B06, PRDE,actvstrat=,0.467773, actvprof=,1.511541, id=,B09, PRDE,actvstrat=,-0.247459, actvprof=,4.625108, id=,S00, PRDE,actvstrat=,0.141005, actvprof=,2.872178, id=,S02, PRDE,actvstrat=,0.821159, actvprof=,2.837653, id=,S05, PRDE,actvstrat=,0.497889, actvprof=,0.043155, id=,S06, PRDE,actvstrat=,-0.973159, actvprof=,0.018097, id=,S07, PRDE,actvstrat=,0.767634, actvprof=,0.007239, best_B_id=,B09, best_B_prof=,4.625108, best_B_strat=,-0.247459, best_S_id=,S00, best_S_prof=,2.872178, best_S_strat=,0.141005, 
t=,2196000, id=,B02, PRDE,actvstrat=,-0.921562, actvprof=,0.000000, id=,B03, PRDE,actvstrat=,0.728349, actvprof=,0.015017, id=,B05, PRDE,actvstrat=,0.630241, actvprof=,0.540901, id=,B06, PRDE,actvstrat=,0.467773, actvprof=,1.544002, id=,B09, PRDE,actvstrat=,-0.247459, actvprof=,4.597939, id=,S00, PRDE,actvstrat=,0.141005, actvprof=,2.845224, id=,S02, PRDE,actvstrat=,0.821159, actvprof=,2.753730, id=,S05, PRDE,actvstrat=,0.497889, actvprof=,0.042688, id=,S06, PRDE,actvstrat=,-0.973159, actvprof=,0.017103, id=,S07, PRDE,actvstrat=,0.767634, actvprof=,0.005284, best_B_id=,B09, best_B_prof=,4.597939, best_B_strat=,-0.247459, best_S_id=,S00, best_S_prof=,2.845224, best_S_strat=,0.141005, 
t=,2199600, id=,B02, PRDE,actvstrat=,-0.921562, actvprof=,0.007517, id=,B03, PRDE,actvstrat=,0.728349, actvprof=,0.023387, id=,B05, PRDE,actvstrat=,0.408398, actvprof=,0.887324, id=,B06, PRDE,actvstrat=,0.467773, actvprof=,2.251302, id=,B09, PRDE,actvstrat=,-0.247459, actvprof=,5.354567, id=,S00, PRDE,actvstrat=,0.776691, actvprof=,4.666036, id=,S02, PRDE,actvstrat=,0.821159, actvprof=,2.112092, id=,S05, PRDE,actvstrat=,0.922641, actvprof=,0.042041, id=,S06, PRDE,actvstrat=,0.984393, actvprof=,0.014756, id=,S07, PRDE,actvstrat=,0.767634, actvprof=,0.000000, best_B_id=,B09, best_B_prof=,5.354567, best_B_strat=,-0.247459, best_S_id=,S00, best_S_prof=,4.666036, best_S_strat=,0.776691, 
t=,2203200, id=,B02, PRDE,actvstrat=,-0.921562, actvprof=,0.007509, id=,B03, PRDE,actvstrat=,0.728349, actvprof=,0.021553, id=,B05, PRDE,actvstrat=,0.408398, actvprof=,0.863640, id=,B06, PRDE,actvstrat=,0.467773, actvprof=,2.212149, id=,B09, PRDE,actvstrat=,-0.247459, actvprof=,5.388332, id=,S00, PRDE,actvstrat=,0.776691, actvprof=,4.800428, id=,S02, PRDE,actvstrat=,0.821159, actvprof=,2.150272, id=,S05, PRDE,actvstrat=,0.922641, actvprof=,0.045469, id=,S06, PRDE,actvstrat=,0.984393, actvprof=,0.016547, id=,S07, PRDE,actvstrat=,0.767634, actvprof=,0.000000, best_B_id=,B09, best_B_prof=,5.388332, best_B_strat=,-0.247459, best_S_id=,S00, best_S_prof=,4.800428, best_S_strat=,0.776691, 
t=,2206800, id=,B02, PRDE,actvstrat=,0.500053, actvprof=,0.001114, id=,B03, PRDE,actvstrat=,0.728349, actvprof=,0.024780, id=,B05, PRDE,actvstrat=,-0.724939, actvprof=,0.303760, id=,B06, PRDE,actvstrat=,0.467773, actvprof=,2.701544, id=,B09, PRDE,actvstrat=,-0.097301, actvprof=,6.380354, id=,S00, PRDE,actvstrat=,0.776691, actvprof=,4.646332, id=,S02, PRDE,actvstrat=,0.821159, actvprof=,1.705901, id=,S05, PRDE,actvstrat=,0.922641, actvprof=,0.036752, id=,S06, PRDE,actvstrat=,0.984393, actvprof=,0.008910, id=,S07, PRDE,actvstrat=,0.767634, actvprof=,0.000000, best_B_id=,B09, best_B_prof=,6.380354, best_B_strat=,-0.097301, best_S_id=,S00, best_S_prof=,4.646332, best_S_strat=,0.776691, 
t=,2210400, id=,B02, PRDE,actvstrat=,0.500053, actvprof=,0.001251, id=,B03, PRDE,actvstrat=,0.728349, actvprof=,0.028088, id=,B05, PRDE,actvstrat=,-0.724939, actvprof=,0.286862, id=,B06, PRDE,actvstrat=,0.467773, actvprof=,2.673536, id=,B09, PRDE,actvstrat=,-0.097301, actvprof=,6.457395, id=,S00, PRDE,actvstrat=,0.776691, actvprof=,4.565743, id=,S02, PRDE,actvstrat=,0.821159, actvprof=,1.695728, id=,S05, PRDE,actvstrat=,0.922641, actvprof=,0.037683, id=,S06, PRDE,actvstrat=,0.984393, actvprof=,0.008482, id=,S07, PRDE,actvstrat=,0.767634, actvprof=,0.000000, best_B_id=,B09, best_B_prof=,6.457395, best_B_strat=,-0.097301, best_S_id=,S00, best_S_prof=,4.565743, best_S_strat=,0.776691, 
t=,2214000, id=,B02, PRDE,actvstrat=,0.500053, actvprof=,0.002506, id=,B03, PRDE,actvstrat=,0.728349, actvprof=,0.030350, id=,B05, PRDE,actvstrat=,0.408398, actvprof=,0.637347, id=,B06, PRDE,actvstrat=,0.302185, actvprof=,1.881970, id=,B09, PRDE,actvstrat=,-0.247459, actvprof=,5.219062, id=,S00, PRDE,actvstrat=,0.776691, actvprof=,5.126899, id=,S02, PRDE,actvstrat=,0.434575, actvprof=,1.165824, id=,S05, PRDE,actvstrat=,0.922641, actvprof=,0.050119, id=,S06, PRDE,actvstrat=,0.984393, actvprof=,0.016149, id=,S07, PRDE,actvstrat=,0.767634, actvprof=,0.000000, best_B_id=,B09, best_B_prof=,5.219062, best_B_strat=,-0.247459, best_S_id=,S00, best_S_prof=,5.126899, best_S_strat=,0.776691, 
t=,2217600, id=,B02, PRDE,actvstrat=,0.500053, actvprof=,0.002920, id=,B03, PRDE,actvstrat=,0.728349, actvprof=,0.023500, id=,B05, PRDE,actvstrat=,0.408398, actvprof=,0.629902, id=,B06, PRDE,actvstrat=,0.302185, actvprof=,1.864536, id=,B09, PRDE,actvstrat=,-0.247459, actvprof=,5.167835, id=,S00, PRDE,actvstrat=,0.776691, actvprof=,5.110963, id=,S02, PRDE,actvstrat=,0.434575, actvprof=,1.158018, id=,S05, PRDE,actvstrat=,0.922641, actvprof=,0.054369, id=,S06, PRDE,actvstrat=,0.984393, actvprof=,0.013627, id=,S07, PRDE,actvstrat=,0.767634, actvprof=,0.000000, best_B_id=,B09, best_B_prof=,5.167835, best_B_strat=,-0.247459, best_S_id=,S00, best_S_prof=,5.110963, best_S_strat=,0.776691, 
t=,2221200, id=,B02, PRDE,actvstrat=,0.500053, actvprof=,0.005012, id=,B03, PRDE,actvstrat=,0.728349, actvprof=,0.046780, id=,B05, PRDE,actvstrat=,0.408398, actvprof=,0.769081, id=,B06, PRDE,actvstrat=,0.467773, actvprof=,2.091722, id=,B09, PRDE,actvstrat=,-0.247459, actvprof=,5.237658, id=,S00, PRDE,actvstrat=,0.776691, actvprof=,5.029933, id=,S02, PRDE,actvstrat=,0.821159, actvprof=,2.300560, id=,S05, PRDE,actvstrat=,0.680936, actvprof=,0.037591, id=,S06, PRDE,actvstrat=,-0.973159, actvprof=,0.005569, id=,S07, PRDE,actvstrat=,0.767634, actvprof=,0.000557, best_B_id=,B09, best_B_prof=,5.237658, best_B_strat=,-0.247459, best_S_id=,S00, best_S_prof=,5.029933, best_S_strat=,0.776691, 
t=,2224800, id=,B02, PRDE,actvstrat=,0.500053, actvprof=,0.006814, id=,B03, PRDE,actvstrat=,0.728349, actvprof=,0.050200, id=,B05, PRDE,actvstrat=,0.408398, actvprof=,0.764674, id=,B06, PRDE,actvstrat=,0.467773, actvprof=,2.008816, id=,B09, PRDE,actvstrat=,-0.247459, actvprof=,5.138570, id=,S00, PRDE,actvstrat=,0.776691, actvprof=,5.045124, id=,S02, PRDE,actvstrat=,0.821159, actvprof=,2.295969, id=,S05, PRDE,actvstrat=,0.680936, actvprof=,0.045889, id=,S06, PRDE,actvstrat=,-0.973159, actvprof=,0.009595, id=,S07, PRDE,actvstrat=,0.767634, actvprof=,0.000417, best_B_id=,B09, best_B_prof=,5.138570, best_B_strat=,-0.247459, best_S_id=,S00, best_S_prof=,5.045124, best_S_strat=,0.776691, 
t=,2228400, id=,B02, PRDE,actvstrat=,-0.921562, actvprof=,0.005012, id=,B03, PRDE,actvstrat=,0.728349, actvprof=,0.011417, id=,B05, PRDE,actvstrat=,0.408398, actvprof=,0.534354, id=,B06, PRDE,actvstrat=,0.467773, actvprof=,1.826384, id=,B09, PRDE,actvstrat=,-0.247459, actvprof=,4.894396, id=,S00, PRDE,actvstrat=,0.776691, actvprof=,5.268918, id=,S02, PRDE,actvstrat=,0.434575, actvprof=,1.172572, id=,S05, PRDE,actvstrat=,0.922641, actvprof=,0.096067, id=,S06, PRDE,actvstrat=,-0.973159, actvprof=,0.019770, id=,S07, PRDE,actvstrat=,0.767634, actvprof=,0.000000, best_B_id=,B09, best_B_prof=,4.894396, best_B_strat=,-0.247459, best_S_id=,S00, best_S_prof=,5.268918, best_S_strat=,0.776691, 
t=,2232000, id=,B02, PRDE,actvstrat=,-0.921562, actvprof=,0.005562, id=,B03, PRDE,actvstrat=,0.728349, actvprof=,0.012515, id=,B05, PRDE,actvstrat=,0.408398, actvprof=,0.539266, id=,B06, PRDE,actvstrat=,0.467773, actvprof=,1.830558, id=,B09, PRDE,actvstrat=,-0.247459, actvprof=,5.001773, id=,S00, PRDE,actvstrat=,0.776691, actvprof=,5.180184, id=,S02, PRDE,actvstrat=,0.434575, actvprof=,1.166000, id=,S05, PRDE,actvstrat=,0.922641, actvprof=,0.096228, id=,S06, PRDE,actvstrat=,-0.973159, actvprof=,0.019607, id=,S07, PRDE,actvstrat=,0.767634, actvprof=,0.000139, best_B_id=,B09, best_B_prof=,5.001773, best_B_strat=,-0.247459, best_S_id=,S00, best_S_prof=,5.180184, best_S_strat=,0.776691, 
t=,2235600, id=,B02, PRDE,actvstrat=,-0.921562, actvprof=,0.003341, id=,B03, PRDE,actvstrat=,0.728349, actvprof=,0.042047, id=,B05, PRDE,actvstrat=,0.408398, actvprof=,0.791368, id=,B06, PRDE,actvstrat=,0.467773, actvprof=,2.198399, id=,B09, PRDE,actvstrat=,-0.247459, actvprof=,5.410651, id=,S00, PRDE,actvstrat=,0.776691, actvprof=,5.035573, id=,S02, PRDE,actvstrat=,0.821159, actvprof=,2.206753, id=,S05, PRDE,actvstrat=,0.922641, actvprof=,0.065437, id=,S06, PRDE,actvstrat=,-0.973159, actvprof=,0.015593, id=,S07, PRDE,actvstrat=,0.025664, actvprof=,0.000000, best_B_id=,B09, best_B_prof=,5.410651, best_B_strat=,-0.247459, best_S_id=,S00, best_S_prof=,5.035573, best_S_strat=,0.776691, 
t=,2239200, id=,B02, PRDE,actvstrat=,-0.921562, actvprof=,0.007092, id=,B03, PRDE,actvstrat=,0.728349, actvprof=,0.031288, id=,B05, PRDE,actvstrat=,0.408398, actvprof=,0.768578, id=,B06, PRDE,actvstrat=,0.467773, actvprof=,2.177244, id=,B09, PRDE,actvstrat=,-0.247459, actvprof=,5.586272, id=,S00, PRDE,actvstrat=,0.776691, actvprof=,4.977194, id=,S02, PRDE,actvstrat=,0.821159, actvprof=,2.291551, id=,S05, PRDE,actvstrat=,0.922641, actvprof=,0.062576, id=,S06, PRDE,actvstrat=,-0.973159, actvprof=,0.010568, id=,S07, PRDE,actvstrat=,0.025664, actvprof=,0.000000, best_B_id=,B09, best_B_prof=,5.586272, best_B_strat=,-0.247459, best_S_id=,S00, best_S_prof=,4.977194, best_S_strat=,0.776691, 
t=,2242800, id=,B02, PRDE,actvstrat=,-0.921562, actvprof=,0.006683, id=,B03, PRDE,actvstrat=,0.728349, actvprof=,0.033415, id=,B05, PRDE,actvstrat=,0.408398, actvprof=,0.777467, id=,B06, PRDE,actvstrat=,0.467773, actvprof=,2.125225, id=,B09, PRDE,actvstrat=,-0.247459, actvprof=,5.398549, id=,S00, PRDE,actvstrat=,0.776691, actvprof=,4.969717, id=,S02, PRDE,actvstrat=,0.821159, actvprof=,2.223243, id=,S05, PRDE,actvstrat=,0.922641, actvprof=,0.074349, id=,S06, PRDE,actvstrat=,-0.973159, actvprof=,0.016708, id=,S07, PRDE,actvstrat=,0.767634, actvprof=,0.000000, best_B_id=,B09, best_B_prof=,5.398549, best_B_strat=,-0.247459, best_S_id=,S00, best_S_prof=,4.969717, best_S_strat=,0.776691, 
t=,2246400, id=,B02, PRDE,actvstrat=,-0.921562, actvprof=,0.009734, id=,B03, PRDE,actvstrat=,0.728349, actvprof=,0.024892, id=,B05, PRDE,actvstrat=,0.408398, actvprof=,0.748142, id=,B06, PRDE,actvstrat=,0.467773, actvprof=,2.117464, id=,B09, PRDE,actvstrat=,-0.247459, actvprof=,5.507603, id=,S00, PRDE,actvstrat=,0.776691, actvprof=,4.913401, id=,S02, PRDE,actvstrat=,0.821159, actvprof=,2.192417, id=,S05, PRDE,actvstrat=,0.922641, actvprof=,0.075788, id=,S06, PRDE,actvstrat=,-0.973159, actvprof=,0.011125, id=,S07, PRDE,actvstrat=,0.767634, actvprof=,0.001112, best_B_id=,B09, best_B_prof=,5.507603, best_B_strat=,-0.247459, best_S_id=,S00, best_S_prof=,4.913401, best_S_strat=,0.776691, 
t=,2250000, id=,B02, PRDE,actvstrat=,0.500053, actvprof=,0.005569, id=,B03, PRDE,actvstrat=,0.105496, actvprof=,0.017265, id=,B05, PRDE,actvstrat=,0.408398, actvprof=,0.838183, id=,B06, PRDE,actvstrat=,0.467773, actvprof=,2.141684, id=,B09, PRDE,actvstrat=,-0.097301, actvprof=,5.877865, id=,S00, PRDE,actvstrat=,0.776691, actvprof=,4.879285, id=,S02, PRDE,actvstrat=,0.821159, actvprof=,2.366684, id=,S05, PRDE,actvstrat=,0.922641, actvprof=,0.115842, id=,S06, PRDE,actvstrat=,-0.973159, actvprof=,0.026176, id=,S07, PRDE,actvstrat=,0.767634, actvprof=,0.000000, best_B_id=,B09, best_B_prof=,5.877865, best_B_strat=,-0.097301, best_S_id=,S00, best_S_prof=,4.879285, best_S_strat=,0.776691, 
t=,2253600, id=,B02, PRDE,actvstrat=,0.500053, actvprof=,0.003477, id=,B03, PRDE,actvstrat=,0.105496, actvprof=,0.011681, id=,B05, PRDE,actvstrat=,0.408398, actvprof=,0.807943, id=,B06, PRDE,actvstrat=,0.467773, actvprof=,2.191042, id=,B09, PRDE,actvstrat=,-0.097301, actvprof=,5.657966, id=,S00, PRDE,actvstrat=,0.776691, actvprof=,4.832779, id=,S02, PRDE,actvstrat=,0.821159, actvprof=,2.310495, id=,S05, PRDE,actvstrat=,0.922641, actvprof=,0.119175, id=,S06, PRDE,actvstrat=,-0.973159, actvprof=,0.017244, id=,S07, PRDE,actvstrat=,0.767634, actvprof=,0.000695, best_B_id=,B09, best_B_prof=,5.657966, best_B_strat=,-0.097301, best_S_id=,S00, best_S_prof=,4.832779, best_S_strat=,0.776691, 
t=,2257200, id=,B02, PRDE,actvstrat=,0.500053, actvprof=,0.001949, id=,B03, PRDE,actvstrat=,0.728349, actvprof=,0.027012, id=,B05, PRDE,actvstrat=,0.408398, actvprof=,0.458925, id=,B06, PRDE,actvstrat=,0.467773, actvprof=,1.599276, id=,B09, PRDE,actvstrat=,-0.247459, actvprof=,4.876079, id=,S00, PRDE,actvstrat=,0.776691, actvprof=,5.509886, id=,S02, PRDE,actvstrat=,0.434575, actvprof=,1.362295, id=,S05, PRDE,actvstrat=,-0.789753, actvprof=,0.004177, id=,S06, PRDE,actvstrat=,-0.973159, actvprof=,0.011139, id=,S07, PRDE,actvstrat=,0.767634, actvprof=,0.001114, best_B_id=,B09, best_B_prof=,4.876079, best_B_strat=,-0.247459, best_S_id=,S00, best_S_prof=,5.509886, best_S_strat=,0.776691, 
t=,2260800, id=,B02, PRDE,actvstrat=,0.500053, actvprof=,0.004589, id=,B03, PRDE,actvstrat=,0.728349, actvprof=,0.024892, id=,B05, PRDE,actvstrat=,0.408398, actvprof=,0.476839, id=,B06, PRDE,actvstrat=,0.467773, actvprof=,1.672345, id=,B09, PRDE,actvstrat=,-0.247459, actvprof=,4.723200, id=,S00, PRDE,actvstrat=,0.776691, actvprof=,5.482610, id=,S02, PRDE,actvstrat=,0.434575, actvprof=,1.382959, id=,S05, PRDE,actvstrat=,-0.789753, actvprof=,0.002086, id=,S06, PRDE,actvstrat=,-0.973159, actvprof=,0.014880, id=,S07, PRDE,actvstrat=,0.767634, actvprof=,0.002920, best_B_id=,B09, best_B_prof=,4.723200, best_B_strat=,-0.247459, best_S_id=,S00, best_S_prof=,5.482610, best_S_strat=,0.776691, 
t=,2264400, id=,B02, PRDE,actvstrat=,0.500053, actvprof=,0.001949, id=,B03, PRDE,actvstrat=,0.728349, actvprof=,0.022278, id=,B05, PRDE,actvstrat=,0.408398, actvprof=,0.706220, id=,B06, PRDE,actvstrat=,0.467773, actvprof=,2.082736, id=,B09, PRDE,actvstrat=,-0.247459, actvprof=,5.600746, id=,S00, PRDE,actvstrat=,0.776691, actvprof=,4.903438, id=,S02, PRDE,actvstrat=,0.821159, actvprof=,2.281569, id=,S05, PRDE,actvstrat=,0.922641, actvprof=,0.080202, id=,S06, PRDE,actvstrat=,-0.973159, actvprof=,0.005570, id=,S07, PRDE,actvstrat=,0.767634, actvprof=,0.000278, best_B_id=,B09, best_B_prof=,5.600746, best_B_strat=,-0.247459, best_S_id=,S00, best_S_prof=,4.903438, best_S_strat=,0.776691, 
t=,2268000, id=,B02, PRDE,actvstrat=,0.500053, actvprof=,0.001530, id=,B03, PRDE,actvstrat=,0.728349, actvprof=,0.029342, id=,B05, PRDE,actvstrat=,0.408398, actvprof=,0.737872, id=,B06, PRDE,actvstrat=,0.467773, actvprof=,2.109179, id=,B09, PRDE,actvstrat=,-0.247459, actvprof=,5.496214, id=,S00, PRDE,actvstrat=,0.776691, actvprof=,4.908253, id=,S02, PRDE,actvstrat=,0.821159, actvprof=,2.201100, id=,S05, PRDE,actvstrat=,0.922641, actvprof=,0.097901, id=,S06, PRDE,actvstrat=,-0.973159, actvprof=,0.008344, id=,S07, PRDE,actvstrat=,0.767634, actvprof=,0.000139, best_B_id=,B09, best_B_prof=,5.496214, best_B_strat=,-0.247459, best_S_id=,S00, best_S_prof=,4.908253, best_S_strat=,0.776691, 
t=,2271600, id=,B02, PRDE,actvstrat=,-0.921562, actvprof=,0.005569, id=,B03, PRDE,actvstrat=,0.728349, actvprof=,0.017544, id=,B05, PRDE,actvstrat=,0.408398, actvprof=,0.487329, id=,B06, PRDE,actvstrat=,0.467773, actvprof=,1.918686, id=,B09, PRDE,actvstrat=,-0.247459, actvprof=,5.073239, id=,S00, PRDE,actvstrat=,0.776691, actvprof=,5.279866, id=,S02, PRDE,actvstrat=,0.434575, actvprof=,1.124756, id=,S05, PRDE,actvstrat=,0.922641, actvprof=,0.124199, id=,S06, PRDE,actvstrat=,-0.973159, actvprof=,0.022278, id=,S07, PRDE,actvstrat=,0.767634, actvprof=,0.001392, best_B_id=,B09, best_B_prof=,5.073239, best_B_strat=,-0.247459, best_S_id=,S00, best_S_prof=,5.279866, best_S_strat=,0.776691, 
t=,2275200, id=,B02, PRDE,actvstrat=,-0.921562, actvprof=,0.005284, id=,B03, PRDE,actvstrat=,0.728349, actvprof=,0.017105, id=,B05, PRDE,actvstrat=,0.408398, actvprof=,0.500907, id=,B06, PRDE,actvstrat=,0.467773, actvprof=,1.835641, id=,B09, PRDE,actvstrat=,-0.247459, actvprof=,5.098631, id=,S00, PRDE,actvstrat=,0.776691, actvprof=,5.289565, id=,S02, PRDE,actvstrat=,0.434575, actvprof=,1.165910, id=,S05, PRDE,actvstrat=,0.922641, actvprof=,0.119456, id=,S06, PRDE,actvstrat=,-0.973159, actvprof=,0.017383, id=,S07, PRDE,actvstrat=,0.767634, actvprof=,0.002364, best_B_id=,B09, best_B_prof=,5.098631, best_B_strat=,-0.247459, best_S_id=,S00, best_S_prof=,5.289565, best_S_strat=,0.776691, 
t=,2278800, id=,B02, PRDE,actvstrat=,-0.921562, actvprof=,0.004456, id=,B03, PRDE,actvstrat=,0.728349, actvprof=,0.030355, id=,B05, PRDE,actvstrat=,0.408398, actvprof=,0.530237, id=,B06, PRDE,actvstrat=,0.467773, actvprof=,1.872259, id=,B09, PRDE,actvstrat=,-0.247459, actvprof=,4.779648, id=,S00, PRDE,actvstrat=,0.776691, actvprof=,5.341075, id=,S02, PRDE,actvstrat=,0.434575, actvprof=,1.193589, id=,S05, PRDE,actvstrat=,0.922641, actvprof=,0.094964, id=,S06, PRDE,actvstrat=,-0.973159, actvprof=,0.008355, id=,S07, PRDE,actvstrat=,0.767634, actvprof=,0.000000, best_B_id=,B09, best_B_prof=,4.779648, best_B_strat=,-0.247459, best_S_id=,S00, best_S_prof=,5.341075, best_S_strat=,0.776691, 
t=,2282400, id=,B02, PRDE,actvstrat=,-0.921562, actvprof=,0.006258, id=,B03, PRDE,actvstrat=,0.728349, actvprof=,0.019747, id=,B05, PRDE,actvstrat=,0.408398, actvprof=,0.550144, id=,B06, PRDE,actvstrat=,0.467773, actvprof=,1.871684, id=,B09, PRDE,actvstrat=,-0.247459, actvprof=,4.953656, id=,S00, PRDE,actvstrat=,0.776691, actvprof=,5.239993, id=,S02, PRDE,actvstrat=,0.434575, actvprof=,1.213208, id=,S05, PRDE,actvstrat=,0.922641, actvprof=,0.100266, id=,S06, PRDE,actvstrat=,-0.973159, actvprof=,0.006953, id=,S07, PRDE,actvstrat=,0.767634, actvprof=,0.000000, best_B_id=,B09, best_B_prof=,4.953656, best_B_strat=,-0.247459, best_S_id=,S00, best_S_prof=,5.239993, best_S_strat=,0.776691, 
t=,2286000, id=,B02, PRDE,actvstrat=,-0.921562, actvprof=,0.002506, id=,B03, PRDE,actvstrat=,0.728349, actvprof=,0.055699, id=,B05, PRDE,actvstrat=,0.408398, actvprof=,0.775604, id=,B06, PRDE,actvstrat=,0.467773, actvprof=,2.098169, id=,B09, PRDE,actvstrat=,-0.247459, actvprof=,4.992550, id=,S00, PRDE,actvstrat=,0.776691, actvprof=,4.894799, id=,S02, PRDE,actvstrat=,0.821159, actvprof=,2.186173, id=,S05, PRDE,actvstrat=,0.922641, actvprof=,0.081599, id=,S06, PRDE,actvstrat=,-0.973159, actvprof=,0.005570, id=,S07, PRDE,actvstrat=,0.767634, actvprof=,0.000000, best_B_id=,B09, best_B_prof=,4.992550, best_B_strat=,-0.247459, best_S_id=,S00, best_S_prof=,4.894799, best_S_strat=,0.776691, 
t=,2289600, id=,B02, PRDE,actvstrat=,-0.921562, actvprof=,0.003755, id=,B03, PRDE,actvstrat=,0.728349, actvprof=,0.041442, id=,B05, PRDE,actvstrat=,0.408398, actvprof=,0.788791, id=,B06, PRDE,actvstrat=,0.467773, actvprof=,2.098947, id=,B09, PRDE,actvstrat=,-0.247459, actvprof=,5.140215, id=,S00, PRDE,actvstrat=,0.776691, actvprof=,4.910197, id=,S02, PRDE,actvstrat=,0.821159, actvprof=,2.231756, id=,S05, PRDE,actvstrat=,0.922641, actvprof=,0.083301, id=,S06, PRDE,actvstrat=,-0.973159, actvprof=,0.006953, id=,S07, PRDE,actvstrat=,0.767634, actvprof=,0.000000, best_B_id=,B09, best_B_prof=,5.140215, best_B_strat=,-0.247459, best_S_id=,S00, best_S_prof=,4.910197, best_S_strat=,0.776691, 
t=,2293200, id=,B02, PRDE,actvstrat=,-0.921562, actvprof=,0.000000, id=,B03, PRDE,actvstrat=,0.728349, actvprof=,0.016153, id=,B05, PRDE,actvstrat=,0.408398, actvprof=,0.587629, id=,B06, PRDE,actvstrat=,0.302185, actvprof=,1.742000, id=,B09, PRDE,actvstrat=,-0.247459, actvprof=,5.061966, id=,S00, PRDE,actvstrat=,0.283626, actvprof=,2.885788, id=,S02, PRDE,actvstrat=,0.821159, actvprof=,2.322667, id=,S05, PRDE,actvstrat=,0.922641, actvprof=,0.047345, id=,S06, PRDE,actvstrat=,-0.973159, actvprof=,0.016710, id=,S07, PRDE,actvstrat=,0.767634, actvprof=,0.002228, best_B_id=,B09, best_B_prof=,5.061966, best_B_strat=,-0.247459, best_S_id=,S00, best_S_prof=,2.885788, best_S_strat=,0.283626, 
t=,2296800, id=,B02, PRDE,actvstrat=,-0.921562, actvprof=,0.003199, id=,B03, PRDE,actvstrat=,0.728349, actvprof=,0.015854, id=,B05, PRDE,actvstrat=,0.408398, actvprof=,0.578104, id=,B06, PRDE,actvstrat=,0.302185, actvprof=,1.733338, id=,B09, PRDE,actvstrat=,-0.247459, actvprof=,5.147446, id=,S00, PRDE,actvstrat=,0.283626, actvprof=,2.819595, id=,S02, PRDE,actvstrat=,0.821159, actvprof=,2.401836, id=,S05, PRDE,actvstrat=,0.922641, actvprof=,0.074123, id=,S06, PRDE,actvstrat=,-0.973159, actvprof=,0.015297, id=,S07, PRDE,actvstrat=,0.767634, actvprof=,0.001113, best_B_id=,B09, best_B_prof=,5.147446, best_B_strat=,-0.247459, best_S_id=,S00, best_S_prof=,2.819595, best_S_strat=,0.283626, 
t=,2300400, id=,B02, PRDE,actvstrat=,-0.921562, actvprof=,0.004456, id=,B03, PRDE,actvstrat=,0.728349, actvprof=,0.032306, id=,B05, PRDE,actvstrat=,0.408398, actvprof=,0.861961, id=,B06, PRDE,actvstrat=,0.467773, actvprof=,2.450810, id=,B09, PRDE,actvstrat=,-0.247459, actvprof=,5.312966, id=,S00, PRDE,actvstrat=,0.776691, actvprof=,4.788548, id=,S02, PRDE,actvstrat=,0.821159, actvprof=,2.201830, id=,S05, PRDE,actvstrat=,0.922641, actvprof=,0.057650, id=,S06, PRDE,actvstrat=,-0.973159, actvprof=,0.005570, id=,S07, PRDE,actvstrat=,0.472759, actvprof=,0.000557, best_B_id=,B09, best_B_prof=,5.312966, best_B_strat=,-0.247459, best_S_id=,S00, best_S_prof=,4.788548, best_S_strat=,0.776691, 
t=,2304000, id=,B02, PRDE,actvstrat=,-0.921562, actvprof=,0.011265, id=,B03, PRDE,actvstrat=,0.728349, actvprof=,0.034767, id=,B05, PRDE,actvstrat=,0.408398, actvprof=,0.790749, id=,B06, PRDE,actvstrat=,0.467773, actvprof=,2.317176, id=,B09, PRDE,actvstrat=,-0.247459, actvprof=,5.232489, id=,S00, PRDE,actvstrat=,0.776691, actvprof=,4.839757, id=,S02, PRDE,actvstrat=,0.821159, actvprof=,2.226502, id=,S05, PRDE,actvstrat=,0.922641, actvprof=,0.066753, id=,S06, PRDE,actvstrat=,-0.973159, actvprof=,0.010986, id=,S07, PRDE,actvstrat=,0.472759, actvprof=,0.000278, best_B_id=,B09, best_B_prof=,5.232489, best_B_strat=,-0.247459, best_S_id=,S00, best_S_prof=,4.839757, best_S_strat=,0.776691, 
t=,2307600, id=,B02, PRDE,actvstrat=,0.500053, actvprof=,0.002785, id=,B03, PRDE,actvstrat=,0.728349, actvprof=,0.022280, id=,B05, PRDE,actvstrat=,0.408398, actvprof=,0.760319, id=,B06, PRDE,actvstrat=,0.467773, actvprof=,1.995210, id=,B09, PRDE,actvstrat=,-0.247459, actvprof=,5.288531, id=,S00, PRDE,actvstrat=,0.776691, actvprof=,4.961845, id=,S02, PRDE,actvstrat=,0.821159, actvprof=,2.163984, id=,S05, PRDE,actvstrat=,0.922641, actvprof=,0.090236, id=,S06, PRDE,actvstrat=,-0.973159, actvprof=,0.011140, id=,S07, PRDE,actvstrat=,0.767634, actvprof=,0.000000, best_B_id=,B09, best_B_prof=,5.288531, best_B_strat=,-0.247459, best_S_id=,S00, best_S_prof=,4.961845, best_S_strat=,0.776691, 
t=,2311200, id=,B02, PRDE,actvstrat=,0.500053, actvprof=,0.001530, id=,B03, PRDE,actvstrat=,0.728349, actvprof=,0.027814, id=,B05, PRDE,actvstrat=,0.408398, actvprof=,0.750424, id=,B06, PRDE,actvstrat=,0.467773, actvprof=,2.079520, id=,B09, PRDE,actvstrat=,-0.247459, actvprof=,5.256585, id=,S00, PRDE,actvstrat=,0.776691, actvprof=,4.949796, id=,S02, PRDE,actvstrat=,0.821159, actvprof=,2.176453, id=,S05, PRDE,actvstrat=,0.922641, actvprof=,0.091786, id=,S06, PRDE,actvstrat=,-0.973159, actvprof=,0.010569, id=,S07, PRDE,actvstrat=,0.767634, actvprof=,0.000000, best_B_id=,B09, best_B_prof=,5.256585, best_B_strat=,-0.247459, best_S_id=,S00, best_S_prof=,4.949796, best_S_strat=,0.776691, 
t=,2314800, id=,B02, PRDE,actvstrat=,-0.921562, actvprof=,0.000000, id=,B03, PRDE,actvstrat=,0.728349, actvprof=,0.024230, id=,B05, PRDE,actvstrat=,0.408398, actvprof=,0.731921, id=,B06, PRDE,actvstrat=,0.467773, actvprof=,2.115553, id=,B09, PRDE,actvstrat=,-0.247459, actvprof=,5.525616, id=,S00, PRDE,actvstrat=,0.776691, actvprof=,4.691482, id=,S02, PRDE,actvstrat=,0.821159, actvprof=,2.237819, id=,S05, PRDE,actvstrat=,0.922641, actvprof=,0.034535, id=,S06, PRDE,actvstrat=,0.984393, actvprof=,0.009191, id=,S07, PRDE,actvstrat=,0.472759, actvprof=,0.000000, best_B_id=,B09, best_B_prof=,5.525616, best_B_strat=,-0.247459, best_S_id=,S00, best_S_prof=,4.691482, best_S_strat=,0.776691, 
t=,2318400, id=,B02, PRDE,actvstrat=,-0.921562, actvprof=,0.004728, id=,B03, PRDE,actvstrat=,0.728349, actvprof=,0.019470, id=,B05, PRDE,actvstrat=,0.408398, actvprof=,0.757661, id=,B06, PRDE,actvstrat=,0.467773, actvprof=,2.139614, id=,B09, PRDE,actvstrat=,-0.247459, actvprof=,5.505142, id=,S00, PRDE,actvstrat=,0.776691, actvprof=,4.727594, id=,S02, PRDE,actvstrat=,0.821159, actvprof=,2.260884, id=,S05, PRDE,actvstrat=,0.922641, actvprof=,0.036576, id=,S06, PRDE,actvstrat=,0.984393, actvprof=,0.010291, id=,S07, PRDE,actvstrat=,0.472759, actvprof=,0.000000, best_B_id=,B09, best_B_prof=,5.505142, best_B_strat=,-0.247459, best_S_id=,S00, best_S_prof=,4.727594, best_S_strat=,0.776691, 
t=,2322000, id=,B02, PRDE,actvstrat=,-0.921562, actvprof=,0.009191, id=,B03, PRDE,actvstrat=,0.728349, actvprof=,0.005292, id=,B05, PRDE,actvstrat=,0.408398, actvprof=,0.596574, id=,B06, PRDE,actvstrat=,0.467773, actvprof=,1.913940, id=,B09, PRDE,actvstrat=,-0.247459, actvprof=,5.065033, id=,S00, PRDE,actvstrat=,0.776691, actvprof=,5.121571, id=,S02, PRDE,actvstrat=,0.434575, actvprof=,1.246066, id=,S05, PRDE,actvstrat=,0.922641, actvprof=,0.052917, id=,S06, PRDE,actvstrat=,0.984393, actvprof=,0.012533, id=,S07, PRDE,actvstrat=,0.767634, actvprof=,0.000000, best_B_id=,B09, best_B_prof=,5.065033, best_B_strat=,-0.247459, best_S_id=,S00, best_S_prof=,5.121571, best_S_strat=,0.776691, 
t=,2325600, id=,B02, PRDE,actvstrat=,-0.921562, actvprof=,0.007093, id=,B03, PRDE,actvstrat=,0.728349, actvprof=,0.011126, id=,B05, PRDE,actvstrat=,0.408398, actvprof=,0.599263, id=,B06, PRDE,actvstrat=,0.467773, actvprof=,1.919894, id=,B09, PRDE,actvstrat=,-0.247459, actvprof=,5.118281, id=,S00, PRDE,actvstrat=,0.776691, actvprof=,5.238301, id=,S02, PRDE,actvstrat=,0.434575, actvprof=,1.181142, id=,S05, PRDE,actvstrat=,0.922641, actvprof=,0.049371, id=,S06, PRDE,actvstrat=,0.984393, actvprof=,0.016411, id=,S07, PRDE,actvstrat=,0.767634, actvprof=,0.000000, best_B_id=,B09, best_B_prof=,5.118281, best_B_strat=,-0.247459, best_S_id=,S00, best_S_prof=,5.238301, best_S_strat=,0.776691, 
t=,2329200, id=,B02, PRDE,actvstrat=,-0.921562, actvprof=,0.008355, id=,B03, PRDE,actvstrat=,0.728349, actvprof=,0.013369, id=,B05, PRDE,actvstrat=,0.113719, actvprof=,0.473193, id=,B06, PRDE,actvstrat=,0.467773, actvprof=,1.810054, id=,B09, PRDE,actvstrat=,0.372539, actvprof=,6.606879, id=,S00, PRDE,actvstrat=,0.776691, actvprof=,5.224621, id=,S02, PRDE,actvstrat=,0.434575, actvprof=,1.311238, id=,S05, PRDE,actvstrat=,0.922641, actvprof=,0.135079, id=,S06, PRDE,actvstrat=,-0.973159, actvprof=,0.020610, id=,S07, PRDE,actvstrat=,0.767634, actvprof=,0.008077, best_B_id=,B09, best_B_prof=,6.606879, best_B_strat=,0.372539, best_S_id=,S00, best_S_prof=,5.224621, best_S_strat=,0.776691, 
t=,2332800, id=,B02, PRDE,actvstrat=,-0.921562, actvprof=,0.009874, id=,B03, PRDE,actvstrat=,0.728349, actvprof=,0.014185, id=,B05, PRDE,actvstrat=,0.113719, actvprof=,0.455326, id=,B06, PRDE,actvstrat=,0.467773, actvprof=,1.839106, id=,B09, PRDE,actvstrat=,0.372539, actvprof=,6.495004, id=,S00, PRDE,actvstrat=,0.776691, actvprof=,5.202178, id=,S02, PRDE,actvstrat=,0.434575, actvprof=,1.274190, id=,S05, PRDE,actvstrat=,0.922641, actvprof=,0.121828, id=,S06, PRDE,actvstrat=,-0.973159, actvprof=,0.019748, id=,S07, PRDE,actvstrat=,0.767634, actvprof=,0.004868, best_B_id=,B09, best_B_prof=,6.495004, best_B_strat=,0.372539, best_S_id=,S00, best_S_prof=,5.202178, best_S_strat=,0.776691, 
t=,2336400, id=,B02, PRDE,actvstrat=,0.500053, actvprof=,0.000279, id=,B03, PRDE,actvstrat=,0.728349, actvprof=,0.036486, id=,B05, PRDE,actvstrat=,0.113719, actvprof=,0.552863, id=,B06, PRDE,actvstrat=,0.467773, actvprof=,2.225936, id=,B09, PRDE,actvstrat=,-0.247459, actvprof=,5.578209, id=,S00, PRDE,actvstrat=,0.776691, actvprof=,4.795566, id=,S02, PRDE,actvstrat=,0.821159, actvprof=,2.109236, id=,S05, PRDE,actvstrat=,0.922641, actvprof=,0.030080, id=,S06, PRDE,actvstrat=,0.984393, actvprof=,0.022839, id=,S07, PRDE,actvstrat=,0.767634, actvprof=,0.000279, best_B_id=,B09, best_B_prof=,5.578209, best_B_strat=,-0.247459, best_S_id=,S00, best_S_prof=,4.795566, best_S_strat=,0.776691, 
t=,2340000, id=,B02, PRDE,actvstrat=,0.500053, actvprof=,0.000139, id=,B03, PRDE,actvstrat=,0.728349, actvprof=,0.028371, id=,B05, PRDE,actvstrat=,0.113719, actvprof=,0.601914, id=,B06, PRDE,actvstrat=,0.467773, actvprof=,2.241739, id=,B09, PRDE,actvstrat=,-0.247459, actvprof=,5.442674, id=,S00, PRDE,actvstrat=,0.776691, actvprof=,4.788190, id=,S02, PRDE,actvstrat=,0.821159, actvprof=,2.070956, id=,S05, PRDE,actvstrat=,0.922641, actvprof=,0.046590, id=,S06, PRDE,actvstrat=,0.984393, actvprof=,0.019749, id=,S07, PRDE,actvstrat=,0.767634, actvprof=,0.000139, best_B_id=,B09, best_B_prof=,5.442674, best_B_strat=,-0.247459, best_S_id=,S00, best_S_prof=,4.788190, best_S_strat=,0.776691, 
t=,2343600, id=,B02, PRDE,actvstrat=,-0.921562, actvprof=,0.001671, id=,B03, PRDE,actvstrat=,0.728349, actvprof=,0.028409, id=,B05, PRDE,actvstrat=,0.408398, actvprof=,0.452324, id=,B06, PRDE,actvstrat=,0.467773, actvprof=,1.613492, id=,B09, PRDE,actvstrat=,0.372539, actvprof=,5.916693, id=,S00, PRDE,actvstrat=,0.776691, actvprof=,5.583578, id=,S02, PRDE,actvstrat=,0.434575, actvprof=,1.387887, id=,S05, PRDE,actvstrat=,0.922641, actvprof=,0.207779, id=,S06, PRDE,actvstrat=,-0.973159, actvprof=,0.044007, id=,S07, PRDE,actvstrat=,0.472759, actvprof=,0.000000, best_B_id=,B09, best_B_prof=,5.916693, best_B_strat=,0.372539, best_S_id=,S00, best_S_prof=,5.583578, best_S_strat=,0.776691, 
t=,2347200, id=,B02, PRDE,actvstrat=,-0.921562, actvprof=,0.001669, id=,B03, PRDE,actvstrat=,0.728349, actvprof=,0.022113, id=,B05, PRDE,actvstrat=,0.408398, actvprof=,0.451852, id=,B06, PRDE,actvstrat=,0.467773, actvprof=,1.652203, id=,B09, PRDE,actvstrat=,0.372539, actvprof=,6.035965, id=,S00, PRDE,actvstrat=,0.776691, actvprof=,5.551986, id=,S02, PRDE,actvstrat=,0.434575, actvprof=,1.384624, id=,S05, PRDE,actvstrat=,0.922641, actvprof=,0.162161, id=,S06, PRDE,actvstrat=,-0.973159, actvprof=,0.044643, id=,S07, PRDE,actvstrat=,0.472759, actvprof=,0.000000, best_B_id=,B09, best_B_prof=,6.035965, best_B_strat=,0.372539, best_S_id=,S00, best_S_prof=,5.551986, best_S_strat=,0.776691, 
t=,2350800, id=,B02, PRDE,actvstrat=,-0.921562, actvprof=,0.012812, id=,B03, PRDE,actvstrat=,0.728349, actvprof=,0.013926, id=,B05, PRDE,actvstrat=,0.408398, actvprof=,0.538395, id=,B06, PRDE,actvstrat=,0.467773, actvprof=,1.807927, id=,B09, PRDE,actvstrat=,-0.247459, actvprof=,4.829959, id=,S00, PRDE,actvstrat=,0.776691, actvprof=,5.174777, id=,S02, PRDE,actvstrat=,0.434575, actvprof=,1.155335, id=,S05, PRDE,actvstrat=,0.922641, actvprof=,0.069632, id=,S06, PRDE,actvstrat=,-0.973159, actvprof=,0.011420, id=,S07, PRDE,actvstrat=,0.767634, actvprof=,0.000000, best_B_id=,B09, best_B_prof=,4.829959, best_B_strat=,-0.247459, best_S_id=,S00, best_S_prof=,5.174777, best_S_strat=,0.776691, 
t=,2354400, id=,B02, PRDE,actvstrat=,-0.921562, actvprof=,0.011682, id=,B03, PRDE,actvstrat=,0.728349, actvprof=,0.012795, id=,B05, PRDE,actvstrat=,0.408398, actvprof=,0.525291, id=,B06, PRDE,actvstrat=,0.467773, actvprof=,1.839840, id=,B09, PRDE,actvstrat=,-0.247459, actvprof=,4.930531, id=,S00, PRDE,actvstrat=,0.776691, actvprof=,5.143596, id=,S02, PRDE,actvstrat=,0.434575, actvprof=,1.158644, id=,S05, PRDE,actvstrat=,0.922641, actvprof=,0.070929, id=,S06, PRDE,actvstrat=,-0.973159, actvprof=,0.008484, id=,S07, PRDE,actvstrat=,0.767634, actvprof=,0.000000, best_B_id=,B09, best_B_prof=,4.930531, best_B_strat=,-0.247459, best_S_id=,S00, best_S_prof=,5.143596, best_S_strat=,0.776691, 
t=,2358000, id=,B02, PRDE,actvstrat=,0.500053, actvprof=,0.007799, id=,B03, PRDE,actvstrat=,0.728349, actvprof=,0.024232, id=,B05, PRDE,actvstrat=,0.113719, actvprof=,0.296080, id=,B06, PRDE,actvstrat=,0.467773, actvprof=,1.706566, id=,B09, PRDE,actvstrat=,0.372539, actvprof=,6.232992, id=,S00, PRDE,actvstrat=,0.776691, actvprof=,5.228048, id=,S02, PRDE,actvstrat=,0.434575, actvprof=,1.297681, id=,S05, PRDE,actvstrat=,0.922641, actvprof=,0.152079, id=,S06, PRDE,actvstrat=,-0.973159, actvprof=,0.032867, id=,S07, PRDE,actvstrat=,0.767634, actvprof=,0.003621, best_B_id=,B09, best_B_prof=,6.232992, best_B_strat=,0.372539, best_S_id=,S00, best_S_prof=,5.228048, best_S_strat=,0.776691, 
t=,2361600, id=,B02, PRDE,actvstrat=,0.500053, actvprof=,0.004729, id=,B03, PRDE,actvstrat=,0.728349, actvprof=,0.023921, id=,B05, PRDE,actvstrat=,0.113719, actvprof=,0.331558, id=,B06, PRDE,actvstrat=,0.467773, actvprof=,1.748606, id=,B09, PRDE,actvstrat=,0.372539, actvprof=,6.300572, id=,S00, PRDE,actvstrat=,0.776691, actvprof=,5.419663, id=,S02, PRDE,actvstrat=,0.434575, actvprof=,1.303562, id=,S05, PRDE,actvstrat=,0.922641, actvprof=,0.145613, id=,S06, PRDE,actvstrat=,-0.973159, actvprof=,0.034352, id=,S07, PRDE,actvstrat=,0.767634, actvprof=,0.002782, best_B_id=,B09, best_B_prof=,6.300572, best_B_strat=,0.372539, best_S_id=,S00, best_S_prof=,5.419663, best_S_strat=,0.776691, 
t=,2365200, id=,B02, PRDE,actvstrat=,0.500053, actvprof=,0.001671, id=,B03, PRDE,actvstrat=,0.728349, actvprof=,0.019499, id=,B05, PRDE,actvstrat=,0.408398, actvprof=,0.542634, id=,B06, PRDE,actvstrat=,0.467773, actvprof=,1.780272, id=,B09, PRDE,actvstrat=,-0.247459, actvprof=,5.048887, id=,S00, PRDE,actvstrat=,0.776691, actvprof=,5.311290, id=,S02, PRDE,actvstrat=,0.434575, actvprof=,1.172178, id=,S05, PRDE,actvstrat=,-0.789753, actvprof=,0.004736, id=,S06, PRDE,actvstrat=,0.984393, actvprof=,0.028134, id=,S07, PRDE,actvstrat=,0.767634, actvprof=,0.000000, best_B_id=,B09, best_B_prof=,5.048887, best_B_strat=,-0.247459, best_S_id=,S00, best_S_prof=,5.311290, best_S_strat=,0.776691, 
t=,2368800, id=,B02, PRDE,actvstrat=,0.500053, actvprof=,0.001391, id=,B03, PRDE,actvstrat=,0.728349, actvprof=,0.020584, id=,B05, PRDE,actvstrat=,0.408398, actvprof=,0.521843, id=,B06, PRDE,actvstrat=,0.467773, actvprof=,1.781527, id=,B09, PRDE,actvstrat=,-0.247459, actvprof=,5.016064, id=,S00, PRDE,actvstrat=,0.776691, actvprof=,5.380603, id=,S02, PRDE,actvstrat=,0.434575, actvprof=,1.197513, id=,S05, PRDE,actvstrat=,-0.789753, actvprof=,0.002364, id=,S06, PRDE,actvstrat=,0.984393, actvprof=,0.031155, id=,S07, PRDE,actvstrat=,0.767634, actvprof=,0.000000, best_B_id=,B09, best_B_prof=,5.016064, best_B_strat=,-0.247459, best_S_id=,S00, best_S_prof=,5.380603, best_S_strat=,0.776691, 
t=,2372400, id=,B02, PRDE,actvstrat=,-0.921562, actvprof=,0.013093, id=,B03, PRDE,actvstrat=,0.728349, actvprof=,0.029807, id=,B05, PRDE,actvstrat=,0.408398, actvprof=,0.717867, id=,B06, PRDE,actvstrat=,0.467773, actvprof=,1.980890, id=,B09, PRDE,actvstrat=,-0.247459, actvprof=,5.250710, id=,S00, PRDE,actvstrat=,0.776691, actvprof=,4.883559, id=,S02, PRDE,actvstrat=,0.821159, actvprof=,2.302357, id=,S05, PRDE,actvstrat=,0.922641, actvprof=,0.099170, id=,S06, PRDE,actvstrat=,-0.973159, actvprof=,0.017828, id=,S07, PRDE,actvstrat=,0.767634, actvprof=,0.001114, best_B_id=,B09, best_B_prof=,5.250710, best_B_strat=,-0.247459, best_S_id=,S00, best_S_prof=,4.883559, best_S_strat=,0.776691, 
t=,2376000, id=,B02, PRDE,actvstrat=,-0.921562, actvprof=,0.008345, id=,B03, PRDE,actvstrat=,0.728349, actvprof=,0.034215, id=,B05, PRDE,actvstrat=,0.408398, actvprof=,0.755515, id=,B06, PRDE,actvstrat=,0.467773, actvprof=,2.164177, id=,B09, PRDE,actvstrat=,-0.247459, actvprof=,5.285543, id=,S00, PRDE,actvstrat=,0.776691, actvprof=,4.959387, id=,S02, PRDE,actvstrat=,0.821159, actvprof=,2.216891, id=,S05, PRDE,actvstrat=,0.922641, actvprof=,0.080670, id=,S06, PRDE,actvstrat=,-0.973159, actvprof=,0.014465, id=,S07, PRDE,actvstrat=,0.767634, actvprof=,0.000556, best_B_id=,B09, best_B_prof=,5.285543, best_B_strat=,-0.247459, best_S_id=,S00, best_S_prof=,4.959387, best_S_strat=,0.776691, 
t=,2379600, id=,B02, PRDE,actvstrat=,-0.921562, actvprof=,0.006129, id=,B03, PRDE,actvstrat=,0.728349, actvprof=,0.015321, id=,B05, PRDE,actvstrat=,0.408398, actvprof=,0.570235, id=,B06, PRDE,actvstrat=,0.467773, actvprof=,2.032454, id=,B09, PRDE,actvstrat=,-0.247459, actvprof=,5.048820, id=,S00, PRDE,actvstrat=,0.776691, actvprof=,5.349676, id=,S02, PRDE,actvstrat=,0.434575, actvprof=,1.100634, id=,S05, PRDE,actvstrat=,0.922641, actvprof=,0.048471, id=,S06, PRDE,actvstrat=,0.984393, actvprof=,0.014207, id=,S07, PRDE,actvstrat=,0.767634, actvprof=,0.000000, best_B_id=,B09, best_B_prof=,5.048820, best_B_strat=,-0.247459, best_S_id=,S00, best_S_prof=,5.349676, best_S_strat=,0.776691, 
t=,2383200, id=,B02, PRDE,actvstrat=,-0.921562, actvprof=,0.005146, id=,B03, PRDE,actvstrat=,0.728349, actvprof=,0.012796, id=,B05, PRDE,actvstrat=,0.408398, actvprof=,0.619493, id=,B06, PRDE,actvstrat=,0.467773, actvprof=,1.993950, id=,B09, PRDE,actvstrat=,-0.247459, actvprof=,5.236343, id=,S00, PRDE,actvstrat=,0.776691, actvprof=,5.296568, id=,S02, PRDE,actvstrat=,0.434575, actvprof=,1.106019, id=,S05, PRDE,actvstrat=,0.922641, actvprof=,0.050906, id=,S06, PRDE,actvstrat=,0.984393, actvprof=,0.011405, id=,S07, PRDE,actvstrat=,0.767634, actvprof=,0.000000, best_B_id=,B09, best_B_prof=,5.236343, best_B_strat=,-0.247459, best_S_id=,S00, best_S_prof=,5.296568, best_S_strat=,0.776691, 
t=,2386800, id=,B02, PRDE,actvstrat=,-0.921562, actvprof=,0.009750, id=,B03, PRDE,actvstrat=,0.728349, actvprof=,0.011979, id=,B05, PRDE,actvstrat=,0.113719, actvprof=,0.454634, id=,B06, PRDE,actvstrat=,0.302185, actvprof=,1.751678, id=,B09, PRDE,actvstrat=,0.372539, actvprof=,6.640945, id=,S00, PRDE,actvstrat=,0.776691, actvprof=,5.119369, id=,S02, PRDE,actvstrat=,0.434575, actvprof=,1.052177, id=,S05, PRDE,actvstrat=,0.922641, actvprof=,0.056829, id=,S06, PRDE,actvstrat=,0.984393, actvprof=,0.027857, id=,S07, PRDE,actvstrat=,0.767634, actvprof=,0.000000, best_B_id=,B09, best_B_prof=,6.640945, best_B_strat=,0.372539, best_S_id=,S00, best_S_prof=,5.119369, best_S_strat=,0.776691, 
t=,2390400, id=,B02, PRDE,actvstrat=,-0.921562, actvprof=,0.007928, id=,B03, PRDE,actvstrat=,0.728349, actvprof=,0.016551, id=,B05, PRDE,actvstrat=,0.113719, actvprof=,0.467190, id=,B06, PRDE,actvstrat=,0.302185, actvprof=,1.752622, id=,B09, PRDE,actvstrat=,0.372539, actvprof=,6.744277, id=,S00, PRDE,actvstrat=,0.776691, actvprof=,5.140060, id=,S02, PRDE,actvstrat=,0.434575, actvprof=,1.099474, id=,S05, PRDE,actvstrat=,0.922641, actvprof=,0.061615, id=,S06, PRDE,actvstrat=,0.984393, actvprof=,0.019472, id=,S07, PRDE,actvstrat=,0.767634, actvprof=,0.000139, best_B_id=,B09, best_B_prof=,6.744277, best_B_strat=,0.372539, best_S_id=,S00, best_S_prof=,5.140060, best_S_strat=,0.776691, 
t=,2394000, id=,B02, PRDE,actvstrat=,-0.921562, actvprof=,0.003343, id=,B03, PRDE,actvstrat=,0.105496, actvprof=,0.040951, id=,B05, PRDE,actvstrat=,0.113719, actvprof=,0.652431, id=,B06, PRDE,actvstrat=,0.467773, actvprof=,2.153413, id=,B09, PRDE,actvstrat=,-0.247459, actvprof=,5.225022, id=,S00, PRDE,actvstrat=,0.776691, actvprof=,4.805761, id=,S02, PRDE,actvstrat=,0.821159, actvprof=,2.227515, id=,S05, PRDE,actvstrat=,-0.856563, actvprof=,0.000000, id=,S06, PRDE,actvstrat=,-0.973159, actvprof=,0.013929, id=,S07, PRDE,actvstrat=,0.767634, actvprof=,0.001114, best_B_id=,B09, best_B_prof=,5.225022, best_B_strat=,-0.247459, best_S_id=,S00, best_S_prof=,4.805761, best_S_strat=,0.776691, 
t=,2397600, id=,B02, PRDE,actvstrat=,-0.921562, actvprof=,0.005981, id=,B03, PRDE,actvstrat=,0.105496, actvprof=,0.039362, id=,B05, PRDE,actvstrat=,0.113719, actvprof=,0.649128, id=,B06, PRDE,actvstrat=,0.467773, actvprof=,2.207062, id=,B09, PRDE,actvstrat=,-0.247459, actvprof=,5.301927, id=,S00, PRDE,actvstrat=,0.776691, actvprof=,4.899265, id=,S02, PRDE,actvstrat=,0.821159, actvprof=,2.191901, id=,S05, PRDE,actvstrat=,-0.856563, actvprof=,0.000000, id=,S06, PRDE,actvstrat=,-0.973159, actvprof=,0.013909, id=,S07, PRDE,actvstrat=,0.767634, actvprof=,0.001808, best_B_id=,B09, best_B_prof=,5.301927, best_B_strat=,-0.247459, best_S_id=,S00, best_S_prof=,4.899265, best_S_strat=,0.776691, 
t=,2401200, id=,B02, PRDE,actvstrat=,-0.921562, actvprof=,0.008636, id=,B03, PRDE,actvstrat=,0.728349, actvprof=,0.018387, id=,B05, PRDE,actvstrat=,0.408398, actvprof=,0.766402, id=,B06, PRDE,actvstrat=,0.467773, actvprof=,2.121744, id=,B09, PRDE,actvstrat=,-0.247459, actvprof=,5.337234, id=,S00, PRDE,actvstrat=,0.776691, actvprof=,4.971723, id=,S02, PRDE,actvstrat=,0.821159, actvprof=,2.250453, id=,S05, PRDE,actvstrat=,0.922641, actvprof=,0.066304, id=,S06, PRDE,actvstrat=,-0.973159, actvprof=,0.011144, id=,S07, PRDE,actvstrat=,0.767634, actvprof=,0.000000, best_B_id=,B09, best_B_prof=,5.337234, best_B_strat=,-0.247459, best_S_id=,S00, best_S_prof=,4.971723, best_S_strat=,0.776691, 
t=,2404800, id=,B02, PRDE,actvstrat=,-0.921562, actvprof=,0.005146, id=,B03, PRDE,actvstrat=,0.728349, actvprof=,0.024063, id=,B05, PRDE,actvstrat=,0.408398, actvprof=,0.769167, id=,B06, PRDE,actvstrat=,0.467773, actvprof=,2.142539, id=,B09, PRDE,actvstrat=,-0.247459, actvprof=,5.328252, id=,S00, PRDE,actvstrat=,0.776691, actvprof=,5.002086, id=,S02, PRDE,actvstrat=,0.821159, actvprof=,2.283715, id=,S05, PRDE,actvstrat=,0.922641, actvprof=,0.073718, id=,S06, PRDE,actvstrat=,-0.973159, actvprof=,0.011127, id=,S07, PRDE,actvstrat=,0.767634, actvprof=,0.001252, best_B_id=,B09, best_B_prof=,5.328252, best_B_strat=,-0.247459, best_S_id=,S00, best_S_prof=,5.002086, best_S_strat=,0.776691, 
t=,2408400, id=,B02, PRDE,actvstrat=,-0.921562, actvprof=,0.000000, id=,B03, PRDE,actvstrat=,0.728349, actvprof=,0.006408, id=,B05, PRDE,actvstrat=,0.408398, actvprof=,0.264943, id=,B06, PRDE,actvstrat=,0.467773, actvprof=,1.467913, id=,B09, PRDE,actvstrat=,-0.247459, actvprof=,4.432991, id=,S00, PRDE,actvstrat=,-0.146120, actvprof=,1.296020, id=,S02, PRDE,actvstrat=,0.434575, actvprof=,1.446183, id=,S05, PRDE,actvstrat=,0.922641, actvprof=,0.135675, id=,S06, PRDE,actvstrat=,-0.973159, actvprof=,0.008079, id=,S07, PRDE,actvstrat=,0.767634, actvprof=,0.000000, best_B_id=,B09, best_B_prof=,4.432991, best_B_strat=,-0.247459, best_S_id=,S02, best_S_prof=,1.446183, best_S_strat=,0.434575, 
t=,2412000, id=,B02, PRDE,actvstrat=,-0.921562, actvprof=,0.000835, id=,B03, PRDE,actvstrat=,0.728349, actvprof=,0.004034, id=,B05, PRDE,actvstrat=,0.408398, actvprof=,0.255094, id=,B06, PRDE,actvstrat=,0.467773, actvprof=,1.450449, id=,B09, PRDE,actvstrat=,-0.247459, actvprof=,4.431323, id=,S00, PRDE,actvstrat=,-0.146120, actvprof=,1.331525, id=,S02, PRDE,actvstrat=,0.434575, actvprof=,1.493567, id=,S05, PRDE,actvstrat=,0.922641, actvprof=,0.100424, id=,S06, PRDE,actvstrat=,-0.973159, actvprof=,0.012379, id=,S07, PRDE,actvstrat=,0.767634, actvprof=,0.000139, best_B_id=,B09, best_B_prof=,4.431323, best_B_strat=,-0.247459, best_S_id=,S02, best_S_prof=,1.493567, best_S_strat=,0.434575, 
t=,2415600, id=,B02, PRDE,actvstrat=,-0.921562, actvprof=,0.011701, id=,B03, PRDE,actvstrat=,0.728349, actvprof=,0.027581, id=,B05, PRDE,actvstrat=,0.408398, actvprof=,0.815178, id=,B06, PRDE,actvstrat=,0.467773, actvprof=,2.174180, id=,B09, PRDE,actvstrat=,-0.247459, actvprof=,5.600936, id=,S00, PRDE,actvstrat=,0.776691, actvprof=,4.692706, id=,S02, PRDE,actvstrat=,0.821159, actvprof=,2.203154, id=,S05, PRDE,actvstrat=,0.922641, actvprof=,0.056834, id=,S06, PRDE,actvstrat=,0.984393, actvprof=,0.019780, id=,S07, PRDE,actvstrat=,0.767634, actvprof=,0.000000, best_B_id=,B09, best_B_prof=,5.600936, best_B_strat=,-0.247459, best_S_id=,S00, best_S_prof=,4.692706, best_S_strat=,0.776691, 
t=,2419200, id=,B02, PRDE,actvstrat=,-0.921562, actvprof=,0.006676, id=,B03, PRDE,actvstrat=,0.728349, actvprof=,0.020725, id=,B05, PRDE,actvstrat=,0.408398, actvprof=,0.818972, id=,B06, PRDE,actvstrat=,0.467773, actvprof=,2.211698, id=,B09, PRDE,actvstrat=,-0.247459, actvprof=,5.492732, id=,S00, PRDE,actvstrat=,0.776691, actvprof=,4.750400, id=,S02, PRDE,actvstrat=,0.821159, actvprof=,2.216009, id=,S05, PRDE,actvstrat=,0.922641, actvprof=,0.043953, id=,S06, PRDE,actvstrat=,0.984393, actvprof=,0.015996, id=,S07, PRDE,actvstrat=,0.767634, actvprof=,0.000000, best_B_id=,B09, best_B_prof=,5.492732, best_B_strat=,-0.247459, best_S_id=,S00, best_S_prof=,4.750400, best_S_strat=,0.776691, 
t=,2422800, id=,B02, PRDE,actvstrat=,-0.921562, actvprof=,0.000000, id=,B03, PRDE,actvstrat=,0.728349, actvprof=,0.015323, id=,B05, PRDE,actvstrat=,0.408398, actvprof=,0.403421, id=,B06, PRDE,actvstrat=,0.467773, actvprof=,1.647396, id=,B09, PRDE,actvstrat=,0.372539, actvprof=,6.236592, id=,S00, PRDE,actvstrat=,0.776691, actvprof=,5.501351, id=,S02, PRDE,actvstrat=,0.434575, actvprof=,1.508372, id=,S05, PRDE,actvstrat=,0.922641, actvprof=,0.143482, id=,S06, PRDE,actvstrat=,-0.973159, actvprof=,0.031482, id=,S07, PRDE,actvstrat=,0.767634, actvprof=,0.002507, best_B_id=,B09, best_B_prof=,6.236592, best_B_strat=,0.372539, best_S_id=,S00, best_S_prof=,5.501351, best_S_strat=,0.776691, 
t=,2426400, id=,B02, PRDE,actvstrat=,-0.921562, actvprof=,0.003895, id=,B03, PRDE,actvstrat=,0.728349, actvprof=,0.022951, id=,B05, PRDE,actvstrat=,0.408398, actvprof=,0.466388, id=,B06, PRDE,actvstrat=,0.467773, actvprof=,1.688481, id=,B09, PRDE,actvstrat=,0.372539, actvprof=,6.271821, id=,S00, PRDE,actvstrat=,0.776691, actvprof=,5.541012, id=,S02, PRDE,actvstrat=,0.434575, actvprof=,1.372456, id=,S05, PRDE,actvstrat=,0.922641, actvprof=,0.138122, id=,S06, PRDE,actvstrat=,-0.973159, actvprof=,0.028932, id=,S07, PRDE,actvstrat=,0.767634, actvprof=,0.003895, best_B_id=,B09, best_B_prof=,6.271821, best_B_strat=,0.372539, best_S_id=,S00, best_S_prof=,5.541012, best_S_strat=,0.776691, 
t=,2430000, id=,B02, PRDE,actvstrat=,-0.921562, actvprof=,0.007522, id=,B03, PRDE,actvstrat=,0.728349, actvprof=,0.038170, id=,B05, PRDE,actvstrat=,0.408398, actvprof=,0.869541, id=,B06, PRDE,actvstrat=,0.302185, actvprof=,2.140559, id=,B09, PRDE,actvstrat=,-0.247459, actvprof=,5.424810, id=,S00, PRDE,actvstrat=,0.776691, actvprof=,4.814655, id=,S02, PRDE,actvstrat=,0.821159, actvprof=,2.080936, id=,S05, PRDE,actvstrat=,0.922641, actvprof=,0.077175, id=,S06, PRDE,actvstrat=,-0.973159, actvprof=,0.023125, id=,S07, PRDE,actvstrat=,0.767634, actvprof=,0.000279, best_B_id=,B09, best_B_prof=,5.424810, best_B_strat=,-0.247459, best_S_id=,S00, best_S_prof=,4.814655, best_S_strat=,0.776691, 
t=,2433600, id=,B02, PRDE,actvstrat=,-0.921562, actvprof=,0.010989, id=,B03, PRDE,actvstrat=,0.728349, actvprof=,0.039643, id=,B05, PRDE,actvstrat=,0.408398, actvprof=,0.862121, id=,B06, PRDE,actvstrat=,0.302185, actvprof=,2.102166, id=,B09, PRDE,actvstrat=,-0.247459, actvprof=,5.440762, id=,S00, PRDE,actvstrat=,0.776691, actvprof=,4.819140, id=,S02, PRDE,actvstrat=,0.821159, actvprof=,2.109678, id=,S05, PRDE,actvstrat=,0.922641, actvprof=,0.063706, id=,S06, PRDE,actvstrat=,-0.973159, actvprof=,0.019891, id=,S07, PRDE,actvstrat=,0.767634, actvprof=,0.000139, best_B_id=,B09, best_B_prof=,5.440762, best_B_strat=,-0.247459, best_S_id=,S00, best_S_prof=,4.819140, best_S_strat=,0.776691, 
t=,2437200, id=,B02, PRDE,actvstrat=,-0.921562, actvprof=,0.001672, id=,B03, PRDE,actvstrat=,-0.995072, actvprof=,0.010308, id=,B05, PRDE,actvstrat=,0.408398, actvprof=,0.735519, id=,B06, PRDE,actvstrat=,0.467773, actvprof=,2.154180, id=,B09, PRDE,actvstrat=,-0.247459, actvprof=,5.243084, id=,S00, PRDE,actvstrat=,0.776691, actvprof=,5.089293, id=,S02, PRDE,actvstrat=,0.821159, actvprof=,2.186499, id=,S05, PRDE,actvstrat=,0.922641, actvprof=,0.051821, id=,S06, PRDE,actvstrat=,-0.973159, actvprof=,0.002786, id=,S07, PRDE,actvstrat=,0.472759, actvprof=,0.000000, best_B_id=,B09, best_B_prof=,5.243084, best_B_strat=,-0.247459, best_S_id=,S00, best_S_prof=,5.089293, best_S_strat=,0.776691, 
t=,2440800, id=,B02, PRDE,actvstrat=,-0.921562, actvprof=,0.002504, id=,B03, PRDE,actvstrat=,-0.995072, actvprof=,0.015996, id=,B05, PRDE,actvstrat=,0.408398, actvprof=,0.724142, id=,B06, PRDE,actvstrat=,0.467773, actvprof=,2.152673, id=,B09, PRDE,actvstrat=,-0.247459, actvprof=,5.314221, id=,S00, PRDE,actvstrat=,0.776691, actvprof=,5.050075, id=,S02, PRDE,actvstrat=,0.821159, actvprof=,2.220692, id=,S05, PRDE,actvstrat=,0.922641, actvprof=,0.060925, id=,S06, PRDE,actvstrat=,-0.973159, actvprof=,0.006816, id=,S07, PRDE,actvstrat=,0.472759, actvprof=,0.000000, best_B_id=,B09, best_B_prof=,5.314221, best_B_strat=,-0.247459, best_S_id=,S00, best_S_prof=,5.050075, best_S_strat=,0.776691, 
t=,2444400, id=,B02, PRDE,actvstrat=,-0.921562, actvprof=,0.022011, id=,B03, PRDE,actvstrat=,0.728349, actvprof=,0.052380, id=,B05, PRDE,actvstrat=,0.408398, actvprof=,0.804090, id=,B06, PRDE,actvstrat=,0.302185, actvprof=,1.932491, id=,B09, PRDE,actvstrat=,0.372539, actvprof=,6.609364, id=,S00, PRDE,actvstrat=,0.942834, actvprof=,5.933438, id=,S02, PRDE,actvstrat=,0.821159, actvprof=,2.252344, id=,S05, PRDE,actvstrat=,0.922641, actvprof=,0.125935, id=,S06, PRDE,actvstrat=,-0.973159, actvprof=,0.040678, id=,S07, PRDE,actvstrat=,0.767634, actvprof=,0.002508, best_B_id=,B09, best_B_prof=,6.609364, best_B_strat=,0.372539, best_S_id=,S00, best_S_prof=,5.933438, best_S_strat=,0.942834, 
t=,2448000, id=,B02, PRDE,actvstrat=,-0.921562, actvprof=,0.023369, id=,B03, PRDE,actvstrat=,0.728349, actvprof=,0.049659, id=,B05, PRDE,actvstrat=,0.408398, actvprof=,0.785634, id=,B06, PRDE,actvstrat=,0.302185, actvprof=,1.922633, id=,B09, PRDE,actvstrat=,0.372539, actvprof=,6.668707, id=,S00, PRDE,actvstrat=,0.942834, actvprof=,5.940521, id=,S02, PRDE,actvstrat=,0.821159, actvprof=,2.292916, id=,S05, PRDE,actvstrat=,0.922641, actvprof=,0.130058, id=,S06, PRDE,actvstrat=,-0.973159, actvprof=,0.029906, id=,S07, PRDE,actvstrat=,0.767634, actvprof=,0.003060, best_B_id=,B09, best_B_prof=,6.668707, best_B_strat=,0.372539, best_S_id=,S00, best_S_prof=,5.940521, best_S_strat=,0.942834, 
t=,2451600, id=,B02, PRDE,actvstrat=,-0.921562, actvprof=,0.003065, id=,B03, PRDE,actvstrat=,0.728349, actvprof=,0.042351, id=,B05, PRDE,actvstrat=,0.408398, actvprof=,0.771792, id=,B06, PRDE,actvstrat=,0.467773, actvprof=,2.142350, id=,B09, PRDE,actvstrat=,-0.247459, actvprof=,5.263510, id=,S00, PRDE,actvstrat=,0.776691, actvprof=,4.973740, id=,S02, PRDE,actvstrat=,0.821159, actvprof=,2.218136, id=,S05, PRDE,actvstrat=,0.922641, actvprof=,0.083309, id=,S06, PRDE,actvstrat=,-0.973159, actvprof=,0.008359, id=,S07, PRDE,actvstrat=,0.767634, actvprof=,0.000000, best_B_id=,B09, best_B_prof=,5.263510, best_B_strat=,-0.247459, best_S_id=,S00, best_S_prof=,4.973740, best_S_strat=,0.776691, 
t=,2455200, id=,B02, PRDE,actvstrat=,-0.921562, actvprof=,0.005703, id=,B03, PRDE,actvstrat=,0.728349, actvprof=,0.030602, id=,B05, PRDE,actvstrat=,0.408398, actvprof=,0.791481, id=,B06, PRDE,actvstrat=,0.467773, actvprof=,2.160091, id=,B09, PRDE,actvstrat=,-0.247459, actvprof=,5.246173, id=,S00, PRDE,actvstrat=,0.776691, actvprof=,4.956149, id=,S02, PRDE,actvstrat=,0.821159, actvprof=,2.223381, id=,S05, PRDE,actvstrat=,0.922641, actvprof=,0.083321, id=,S06, PRDE,actvstrat=,-0.973159, actvprof=,0.008902, id=,S07, PRDE,actvstrat=,0.767634, actvprof=,0.000139, best_B_id=,B09, best_B_prof=,5.246173, best_B_strat=,-0.247459, best_S_id=,S00, best_S_prof=,4.956149, best_S_strat=,0.776691, 
t=,2458800, id=,B02, PRDE,actvstrat=,0.500053, actvprof=,0.001950, id=,B03, PRDE,actvstrat=,0.728349, actvprof=,0.028420, id=,B05, PRDE,actvstrat=,0.408398, actvprof=,0.788799, id=,B06, PRDE,actvstrat=,0.302185, actvprof=,1.943160, id=,B09, PRDE,actvstrat=,-0.247459, actvprof=,5.536640, id=,S00, PRDE,actvstrat=,0.776691, actvprof=,4.685706, id=,S02, PRDE,actvstrat=,0.821159, actvprof=,2.151574, id=,S05, PRDE,actvstrat=,0.229488, actvprof=,0.004179, id=,S06, PRDE,actvstrat=,0.984393, actvprof=,0.034550, id=,S07, PRDE,actvstrat=,0.472759, actvprof=,0.000000, best_B_id=,B09, best_B_prof=,5.536640, best_B_strat=,-0.247459, best_S_id=,S00, best_S_prof=,4.685706, best_S_strat=,0.776691, 
t=,2462400, id=,B02, PRDE,actvstrat=,0.500053, actvprof=,0.001530, id=,B03, PRDE,actvstrat=,0.728349, actvprof=,0.029768, id=,B05, PRDE,actvstrat=,0.408398, actvprof=,0.761024, id=,B06, PRDE,actvstrat=,0.302185, actvprof=,1.914592, id=,B09, PRDE,actvstrat=,-0.247459, actvprof=,5.588816, id=,S00, PRDE,actvstrat=,0.776691, actvprof=,4.785227, id=,S02, PRDE,actvstrat=,0.821159, actvprof=,2.188343, id=,S05, PRDE,actvstrat=,0.229488, actvprof=,0.002921, id=,S06, PRDE,actvstrat=,0.984393, actvprof=,0.032272, id=,S07, PRDE,actvstrat=,0.472759, actvprof=,0.000000, best_B_id=,B09, best_B_prof=,5.588816, best_B_strat=,-0.247459, best_S_id=,S00, best_S_prof=,4.785227, best_S_strat=,0.776691, 
t=,2466000, id=,B02, PRDE,actvstrat=,-0.921562, actvprof=,0.012817, id=,B03, PRDE,actvstrat=,0.728349, actvprof=,0.013374, id=,B05, PRDE,actvstrat=,0.113719, actvprof=,0.643642, id=,B06, PRDE,actvstrat=,0.302185, actvprof=,2.157177, id=,B09, PRDE,actvstrat=,-0.247459, actvprof=,5.601360, id=,S00, PRDE,actvstrat=,0.776691, actvprof=,4.746792, id=,S02, PRDE,actvstrat=,0.821159, actvprof=,2.000864, id=,S05, PRDE,actvstrat=,0.922641, actvprof=,0.032600, id=,S06, PRDE,actvstrat=,0.984393, actvprof=,0.008080, id=,S07, PRDE,actvstrat=,0.767634, actvprof=,0.001115, best_B_id=,B09, best_B_prof=,5.601360, best_B_strat=,-0.247459, best_S_id=,S00, best_S_prof=,4.746792, best_S_strat=,0.776691, 
t=,2469600, id=,B02, PRDE,actvstrat=,-0.921562, actvprof=,0.011267, id=,B03, PRDE,actvstrat=,0.728349, actvprof=,0.019335, id=,B05, PRDE,actvstrat=,0.113719, actvprof=,0.707192, id=,B06, PRDE,actvstrat=,0.302185, actvprof=,2.179441, id=,B09, PRDE,actvstrat=,-0.247459, actvprof=,5.799694, id=,S00, PRDE,actvstrat=,0.776691, actvprof=,4.743914, id=,S02, PRDE,actvstrat=,0.821159, actvprof=,1.943386, id=,S05, PRDE,actvstrat=,0.922641, actvprof=,0.031993, id=,S06, PRDE,actvstrat=,0.984393, actvprof=,0.011128, id=,S07, PRDE,actvstrat=,0.767634, actvprof=,0.000556, best_B_id=,B09, best_B_prof=,5.799694, best_B_strat=,-0.247459, best_S_id=,S00, best_S_prof=,4.743914, best_S_strat=,0.776691, 
t=,2473200, id=,B02, PRDE,actvstrat=,-0.921562, actvprof=,0.016161, id=,B03, PRDE,actvstrat=,0.728349, actvprof=,0.036501, id=,B05, PRDE,actvstrat=,0.408398, actvprof=,0.748687, id=,B06, PRDE,actvstrat=,0.467773, actvprof=,1.990276, id=,B09, PRDE,actvstrat=,0.372539, actvprof=,6.545926, id=,S00, PRDE,actvstrat=,0.942834, actvprof=,6.234135, id=,S02, PRDE,actvstrat=,0.821159, actvprof=,2.358629, id=,S05, PRDE,actvstrat=,0.229488, actvprof=,0.013096, id=,S06, PRDE,actvstrat=,0.984393, actvprof=,0.057677, id=,S07, PRDE,actvstrat=,0.767634, actvprof=,0.001393, best_B_id=,B09, best_B_prof=,6.545926, best_B_strat=,0.372539, best_S_id=,S00, best_S_prof=,6.234135, best_S_strat=,0.942834, 
t=,2476800, id=,B02, PRDE,actvstrat=,-0.921562, actvprof=,0.010572, id=,B03, PRDE,actvstrat=,0.728349, actvprof=,0.040340, id=,B05, PRDE,actvstrat=,0.408398, actvprof=,0.703441, id=,B06, PRDE,actvstrat=,0.467773, actvprof=,1.990277, id=,B09, PRDE,actvstrat=,0.372539, actvprof=,6.615292, id=,S00, PRDE,actvstrat=,0.942834, actvprof=,6.219684, id=,S02, PRDE,actvstrat=,0.821159, actvprof=,2.312299, id=,S05, PRDE,actvstrat=,0.229488, actvprof=,0.011267, id=,S06, PRDE,actvstrat=,0.984393, actvprof=,0.057727, id=,S07, PRDE,actvstrat=,0.767634, actvprof=,0.000696, best_B_id=,B09, best_B_prof=,6.615292, best_B_strat=,0.372539, best_S_id=,S00, best_S_prof=,6.219684, best_S_strat=,0.942834, 
t=,2480400, id=,B02, PRDE,actvstrat=,-0.921562, actvprof=,0.023127, id=,B03, PRDE,actvstrat=,0.728349, actvprof=,0.063251, id=,B05, PRDE,actvstrat=,0.408398, actvprof=,0.904177, id=,B06, PRDE,actvstrat=,0.302185, actvprof=,2.156092, id=,B09, PRDE,actvstrat=,-0.247459, actvprof=,5.467692, id=,S00, PRDE,actvstrat=,0.942834, actvprof=,5.816267, id=,S02, PRDE,actvstrat=,0.821159, actvprof=,2.081139, id=,S05, PRDE,actvstrat=,0.922641, actvprof=,0.055170, id=,S06, PRDE,actvstrat=,-0.973159, actvprof=,0.013932, id=,S07, PRDE,actvstrat=,0.767634, actvprof=,0.000000, best_B_id=,B09, best_B_prof=,5.467692, best_B_strat=,-0.247459, best_S_id=,S00, best_S_prof=,5.816267, best_S_strat=,0.942834, 
t=,2484000, id=,B02, PRDE,actvstrat=,-0.921562, actvprof=,0.018223, id=,B03, PRDE,actvstrat=,0.728349, actvprof=,0.052998, id=,B05, PRDE,actvstrat=,0.408398, actvprof=,0.876629, id=,B06, PRDE,actvstrat=,0.302185, actvprof=,2.084046, id=,B09, PRDE,actvstrat=,-0.247459, actvprof=,5.529775, id=,S00, PRDE,actvstrat=,0.942834, actvprof=,5.927332, id=,S02, PRDE,actvstrat=,0.821159, actvprof=,2.054278, id=,S05, PRDE,actvstrat=,0.922641, actvprof=,0.057589, id=,S06, PRDE,actvstrat=,-0.973159, actvprof=,0.012519, id=,S07, PRDE,actvstrat=,0.767634, actvprof=,0.000696, best_B_id=,B09, best_B_prof=,5.529775, best_B_strat=,-0.247459, best_S_id=,S00, best_S_prof=,5.927332, best_S_strat=,0.942834, 
t=,2487600, id=,B02, PRDE,actvstrat=,0.500053, actvprof=,0.001672, id=,B03, PRDE,actvstrat=,0.728349, actvprof=,0.035109, id=,B05, PRDE,actvstrat=,0.408398, actvprof=,0.838999, id=,B06, PRDE,actvstrat=,0.302185, actvprof=,2.029926, id=,B09, PRDE,actvstrat=,0.372539, actvprof=,7.190147, id=,S00, PRDE,actvstrat=,0.942834, actvprof=,6.041017, id=,S02, PRDE,actvstrat=,0.821159, actvprof=,2.141384, id=,S05, PRDE,actvstrat=,0.922641, actvprof=,0.057122, id=,S06, PRDE,actvstrat=,0.984393, actvprof=,0.028422, id=,S07, PRDE,actvstrat=,0.767634, actvprof=,0.000000, best_B_id=,B09, best_B_prof=,7.190147, best_B_strat=,0.372539, best_S_id=,S00, best_S_prof=,6.041017, best_S_strat=,0.942834, 
t=,2491200, id=,B02, PRDE,actvstrat=,0.500053, actvprof=,0.001669, id=,B03, PRDE,actvstrat=,0.728349, actvprof=,0.036167, id=,B05, PRDE,actvstrat=,0.408398, actvprof=,0.809454, id=,B06, PRDE,actvstrat=,0.302185, actvprof=,2.019669, id=,B09, PRDE,actvstrat=,0.372539, actvprof=,7.053472, id=,S00, PRDE,actvstrat=,0.942834, actvprof=,6.034804, id=,S02, PRDE,actvstrat=,0.821159, actvprof=,2.072529, id=,S05, PRDE,actvstrat=,0.922641, actvprof=,0.073587, id=,S06, PRDE,actvstrat=,0.984393, actvprof=,0.029073, id=,S07, PRDE,actvstrat=,0.767634, actvprof=,0.000139, best_B_id=,B09, best_B_prof=,7.053472, best_B_strat=,0.372539, best_S_id=,S00, best_S_prof=,6.034804, best_S_strat=,0.942834, 
t=,2494800, id=,B02, PRDE,actvstrat=,-0.921562, actvprof=,0.010867, id=,B03, PRDE,actvstrat=,0.728349, actvprof=,0.023964, id=,B05, PRDE,actvstrat=,0.408398, actvprof=,0.710275, id=,B06, PRDE,actvstrat=,0.467773, actvprof=,2.068408, id=,B09, PRDE,actvstrat=,0.372539, actvprof=,6.595611, id=,S00, PRDE,actvstrat=,0.776691, actvprof=,5.216580, id=,S02, PRDE,actvstrat=,0.821159, actvprof=,2.377429, id=,S05, PRDE,actvstrat=,0.922641, actvprof=,0.129572, id=,S06, PRDE,actvstrat=,-0.973159, actvprof=,0.048763, id=,S07, PRDE,actvstrat=,0.767634, actvprof=,0.004180, best_B_id=,B09, best_B_prof=,6.595611, best_B_strat=,0.372539, best_S_id=,S00, best_S_prof=,5.216580, best_S_strat=,0.776691, 
t=,2498400, id=,B02, PRDE,actvstrat=,-0.921562, actvprof=,0.010433, id=,B03, PRDE,actvstrat=,0.728349, actvprof=,0.021005, id=,B05, PRDE,actvstrat=,0.408398, actvprof=,0.685650, id=,B06, PRDE,actvstrat=,0.467773, actvprof=,2.028155, id=,B09, PRDE,actvstrat=,0.372539, actvprof=,6.574115, id=,S00, PRDE,actvstrat=,0.776691, actvprof=,5.142305, id=,S02, PRDE,actvstrat=,0.821159, actvprof=,2.423353, id=,S05, PRDE,actvstrat=,0.922641, actvprof=,0.145365, id=,S06, PRDE,actvstrat=,-0.973159, actvprof=,0.049382, id=,S07, PRDE,actvstrat=,0.767634, actvprof=,0.005147, best_B_id=,B09, best_B_prof=,6.574115, best_B_strat=,0.372539, best_S_id=,S00, best_S_prof=,5.142305, best_S_strat=,0.776691, 
t=,2502000, id=,B02, PRDE,actvstrat=,-0.921562, actvprof=,0.025915, id=,B03, PRDE,actvstrat=,-0.639003, actvprof=,0.007802, id=,B05, PRDE,actvstrat=,0.408398, actvprof=,0.765180, id=,B06, PRDE,actvstrat=,0.467773, actvprof=,2.178505, id=,B09, PRDE,actvstrat=,0.372539, actvprof=,6.489258, id=,S00, PRDE,actvstrat=,0.942834, actvprof=,6.018893, id=,S02, PRDE,actvstrat=,0.821159, actvprof=,2.199682, id=,S05, PRDE,actvstrat=,0.922641, actvprof=,0.136818, id=,S06, PRDE,actvstrat=,-0.973159, actvprof=,0.039011, id=,S07, PRDE,actvstrat=,0.767634, actvprof=,0.000000, best_B_id=,B09, best_B_prof=,6.489258, best_B_strat=,0.372539, best_S_id=,S00, best_S_prof=,6.018893, best_S_strat=,0.942834, 
t=,2505600, id=,B02, PRDE,actvstrat=,-0.921562, actvprof=,0.027404, id=,B03, PRDE,actvstrat=,-0.639003, actvprof=,0.014050, id=,B05, PRDE,actvstrat=,0.408398, actvprof=,0.741168, id=,B06, PRDE,actvstrat=,0.467773, actvprof=,2.062974, id=,B09, PRDE,actvstrat=,0.372539, actvprof=,6.501638, id=,S00, PRDE,actvstrat=,0.942834, actvprof=,6.051901, id=,S02, PRDE,actvstrat=,0.821159, actvprof=,2.299319, id=,S05, PRDE,actvstrat=,0.922641, actvprof=,0.151071, id=,S06, PRDE,actvstrat=,-0.973159, actvprof=,0.040341, id=,S07, PRDE,actvstrat=,0.767634, actvprof=,0.001669, best_B_id=,B09, best_B_prof=,6.501638, best_B_strat=,0.372539, best_S_id=,S00, best_S_prof=,6.051901, best_S_strat=,0.942834, 
t=,2509200, id=,B02, PRDE,actvstrat=,-0.921562, actvprof=,0.013655, id=,B03, PRDE,actvstrat=,0.728349, actvprof=,0.060191, id=,B05, PRDE,actvstrat=,0.408398, actvprof=,0.887824, id=,B06, PRDE,actvstrat=,0.467773, actvprof=,2.251884, id=,B09, PRDE,actvstrat=,-0.247459, actvprof=,5.542071, id=,S00, PRDE,actvstrat=,0.942834, actvprof=,5.797049, id=,S02, PRDE,actvstrat=,0.821159, actvprof=,2.069359, id=,S05, PRDE,actvstrat=,0.922641, actvprof=,0.064929, id=,S06, PRDE,actvstrat=,-0.973159, actvprof=,0.008360, id=,S07, PRDE,actvstrat=,0.767634, actvprof=,0.000000, best_B_id=,B09, best_B_prof=,5.542071, best_B_strat=,-0.247459, best_S_id=,S00, best_S_prof=,5.797049, best_S_strat=,0.942834, 
t=,2512800, id=,B02, PRDE,actvstrat=,-0.921562, actvprof=,0.010572, id=,B03, PRDE,actvstrat=,0.728349, actvprof=,0.053836, id=,B05, PRDE,actvstrat=,0.408398, actvprof=,0.880984, id=,B06, PRDE,actvstrat=,0.467773, actvprof=,2.218111, id=,B09, PRDE,actvstrat=,-0.247459, actvprof=,5.464941, id=,S00, PRDE,actvstrat=,0.942834, actvprof=,5.817863, id=,S02, PRDE,actvstrat=,0.821159, actvprof=,2.094442, id=,S05, PRDE,actvstrat=,0.922641, actvprof=,0.074841, id=,S06, PRDE,actvstrat=,-0.973159, actvprof=,0.006956, id=,S07, PRDE,actvstrat=,0.767634, actvprof=,0.000417, best_B_id=,B09, best_B_prof=,5.464941, best_B_strat=,-0.247459, best_S_id=,S00, best_S_prof=,5.817863, best_S_strat=,0.942834, 
t=,2516400, id=,B02, PRDE,actvstrat=,-0.921562, actvprof=,0.022293, id=,B03, PRDE,actvstrat=,-0.639003, actvprof=,0.008360, id=,B05, PRDE,actvstrat=,0.408398, actvprof=,0.646231, id=,B06, PRDE,actvstrat=,0.302185, actvprof=,1.644141, id=,B09, PRDE,actvstrat=,0.372539, actvprof=,6.255539, id=,S00, PRDE,actvstrat=,0.776691, actvprof=,5.361850, id=,S02, PRDE,actvstrat=,0.821159, actvprof=,2.526682, id=,S05, PRDE,actvstrat=,0.229488, actvprof=,0.031211, id=,S06, PRDE,actvstrat=,-0.973159, actvprof=,0.042079, id=,S07, PRDE,actvstrat=,0.767634, actvprof=,0.009475, best_B_id=,B09, best_B_prof=,6.255539, best_B_strat=,0.372539, best_S_id=,S00, best_S_prof=,5.361850, best_S_strat=,0.776691, 
t=,2520000, id=,B02, PRDE,actvstrat=,-0.921562, actvprof=,0.021980, id=,B03, PRDE,actvstrat=,-0.639003, actvprof=,0.006260, id=,B05, PRDE,actvstrat=,0.408398, actvprof=,0.707102, id=,B06, PRDE,actvstrat=,0.302185, actvprof=,1.736663, id=,B09, PRDE,actvstrat=,0.372539, actvprof=,6.249148, id=,S00, PRDE,actvstrat=,0.776691, actvprof=,5.210684, id=,S02, PRDE,actvstrat=,0.821159, actvprof=,2.502469, id=,S05, PRDE,actvstrat=,0.229488, actvprof=,0.024901, id=,S06, PRDE,actvstrat=,-0.973159, actvprof=,0.039229, id=,S07, PRDE,actvstrat=,0.767634, actvprof=,0.010016, best_B_id=,B09, best_B_prof=,6.249148, best_B_strat=,0.372539, best_S_id=,S00, best_S_prof=,5.210684, best_S_strat=,0.776691, 
t=,2523600, id=,B02, PRDE,actvstrat=,-0.921562, actvprof=,0.005016, id=,B03, PRDE,actvstrat=,0.728349, actvprof=,0.019507, id=,B05, PRDE,actvstrat=,0.408398, actvprof=,0.622283, id=,B06, PRDE,actvstrat=,0.467773, actvprof=,1.962435, id=,B09, PRDE,actvstrat=,0.372539, actvprof=,6.620499, id=,S00, PRDE,actvstrat=,0.776691, actvprof=,5.217088, id=,S02, PRDE,actvstrat=,0.821159, actvprof=,2.417791, id=,S05, PRDE,actvstrat=,0.922641, actvprof=,0.155780, id=,S06, PRDE,actvstrat=,-0.973159, actvprof=,0.016442, id=,S07, PRDE,actvstrat=,0.767634, actvprof=,0.000279, best_B_id=,B09, best_B_prof=,6.620499, best_B_strat=,0.372539, best_S_id=,S00, best_S_prof=,5.217088, best_S_strat=,0.776691, 
t=,2527200, id=,B02, PRDE,actvstrat=,-0.921562, actvprof=,0.006677, id=,B03, PRDE,actvstrat=,0.728349, actvprof=,0.020589, id=,B05, PRDE,actvstrat=,0.408398, actvprof=,0.610845, id=,B06, PRDE,actvstrat=,0.467773, actvprof=,1.938123, id=,B09, PRDE,actvstrat=,0.372539, actvprof=,6.597574, id=,S00, PRDE,actvstrat=,0.776691, actvprof=,5.249012, id=,S02, PRDE,actvstrat=,0.821159, actvprof=,2.399700, id=,S05, PRDE,actvstrat=,0.922641, actvprof=,0.139530, id=,S06, PRDE,actvstrat=,-0.973159, actvprof=,0.024206, id=,S07, PRDE,actvstrat=,0.767634, actvprof=,0.002782, best_B_id=,B09, best_B_prof=,6.597574, best_B_strat=,0.372539, best_S_id=,S00, best_S_prof=,5.249012, best_S_strat=,0.776691, 
t=,2530800, id=,B02, PRDE,actvstrat=,-0.921562, actvprof=,0.018114, id=,B03, PRDE,actvstrat=,0.728349, actvprof=,0.017557, id=,B05, PRDE,actvstrat=,0.408398, actvprof=,0.769992, id=,B06, PRDE,actvstrat=,0.302185, actvprof=,1.964970, id=,B09, PRDE,actvstrat=,0.372539, actvprof=,6.819848, id=,S00, PRDE,actvstrat=,0.776691, actvprof=,5.061101, id=,S02, PRDE,actvstrat=,0.821159, actvprof=,2.056377, id=,S05, PRDE,actvstrat=,0.922641, actvprof=,0.062703, id=,S06, PRDE,actvstrat=,0.984393, actvprof=,0.031212, id=,S07, PRDE,actvstrat=,0.767634, actvprof=,0.000000, best_B_id=,B09, best_B_prof=,6.819848, best_B_strat=,0.372539, best_S_id=,S00, best_S_prof=,5.061101, best_S_strat=,0.776691, 
t=,2534400, id=,B02, PRDE,actvstrat=,-0.921562, actvprof=,0.014051, id=,B03, PRDE,actvstrat=,0.728349, actvprof=,0.021841, id=,B05, PRDE,actvstrat=,0.408398, actvprof=,0.715602, id=,B06, PRDE,actvstrat=,0.302185, actvprof=,1.896819, id=,B09, PRDE,actvstrat=,0.372539, actvprof=,6.739377, id=,S00, PRDE,actvstrat=,0.776691, actvprof=,5.058602, id=,S02, PRDE,actvstrat=,0.821159, actvprof=,2.177273, id=,S05, PRDE,actvstrat=,0.922641, actvprof=,0.065244, id=,S06, PRDE,actvstrat=,0.984393, actvprof=,0.028518, id=,S07, PRDE,actvstrat=,0.767634, actvprof=,0.000000, best_B_id=,B09, best_B_prof=,6.739377, best_B_strat=,0.372539, best_S_id=,S00, best_S_prof=,5.058602, best_S_strat=,0.776691, 
t=,2538000, id=,B02, PRDE,actvstrat=,-0.921562, actvprof=,0.008082, id=,B03, PRDE,actvstrat=,0.728349, actvprof=,0.009754, id=,B05, PRDE,actvstrat=,0.408398, actvprof=,0.720676, id=,B06, PRDE,actvstrat=,0.302185, actvprof=,1.930162, id=,B09, PRDE,actvstrat=,0.372539, actvprof=,6.979907, id=,S00, PRDE,actvstrat=,0.776691, actvprof=,5.120809, id=,S02, PRDE,actvstrat=,0.821159, actvprof=,2.359892, id=,S05, PRDE,actvstrat=,0.922641, actvprof=,0.057687, id=,S06, PRDE,actvstrat=,0.984393, actvprof=,0.022016, id=,S07, PRDE,actvstrat=,0.767634, actvprof=,0.000000, best_B_id=,B09, best_B_prof=,6.979907, best_B_strat=,0.372539, best_S_id=,S00, best_S_prof=,5.120809, best_S_strat=,0.776691, 
t=,2541600, id=,B02, PRDE,actvstrat=,-0.921562, actvprof=,0.006538, id=,B03, PRDE,actvstrat=,0.728349, actvprof=,0.020450, id=,B05, PRDE,actvstrat=,0.408398, actvprof=,0.740926, id=,B06, PRDE,actvstrat=,0.302185, actvprof=,1.909631, id=,B09, PRDE,actvstrat=,0.372539, actvprof=,6.852663, id=,S00, PRDE,actvstrat=,0.776691, actvprof=,5.019963, id=,S02, PRDE,actvstrat=,0.821159, actvprof=,2.347287, id=,S05, PRDE,actvstrat=,0.922641, actvprof=,0.049942, id=,S06, PRDE,actvstrat=,0.984393, actvprof=,0.029214, id=,S07, PRDE,actvstrat=,0.767634, actvprof=,0.000000, best_B_id=,B09, best_B_prof=,6.852663, best_B_strat=,0.372539, best_S_id=,S00, best_S_prof=,5.019963, best_S_strat=,0.776691, 
t=,2545200, id=,B02, PRDE,actvstrat=,-0.921562, actvprof=,0.002508, id=,B03, PRDE,actvstrat=,0.728349, actvprof=,0.024246, id=,B05, PRDE,actvstrat=,0.408398, actvprof=,0.738522, id=,B06, PRDE,actvstrat=,0.302185, actvprof=,2.022434, id=,B09, PRDE,actvstrat=,-0.247459, actvprof=,5.703895, id=,S00, PRDE,actvstrat=,0.776691, actvprof=,4.878980, id=,S02, PRDE,actvstrat=,0.821159, actvprof=,2.039713, id=,S05, PRDE,actvstrat=,0.922641, actvprof=,0.041803, id=,S06, PRDE,actvstrat=,0.984393, actvprof=,0.019229, id=,S07, PRDE,actvstrat=,0.767634, actvprof=,0.000000, best_B_id=,B09, best_B_prof=,5.703895, best_B_strat=,-0.247459, best_S_id=,S00, best_S_prof=,4.878980, best_S_strat=,0.776691, 
t=,2548800, id=,B02, PRDE,actvstrat=,-0.921562, actvprof=,0.005843, id=,B03, PRDE,actvstrat=,0.728349, actvprof=,0.024902, id=,B05, PRDE,actvstrat=,0.408398, actvprof=,0.819671, id=,B06, PRDE,actvstrat=,0.302185, actvprof=,2.039718, id=,B09, PRDE,actvstrat=,-0.247459, actvprof=,5.654227, id=,S00, PRDE,actvstrat=,0.776691, actvprof=,4.867666, id=,S02, PRDE,actvstrat=,0.821159, actvprof=,2.094947, id=,S05, PRDE,actvstrat=,0.922641, actvprof=,0.048273, id=,S06, PRDE,actvstrat=,0.984393, actvprof=,0.013077, id=,S07, PRDE,actvstrat=,0.767634, actvprof=,0.000000, best_B_id=,B09, best_B_prof=,5.654227, best_B_strat=,-0.247459, best_S_id=,S00, best_S_prof=,4.867666, best_S_strat=,0.776691, 
t=,2552400, id=,B02, PRDE,actvstrat=,0.500053, actvprof=,0.003902, id=,B03, PRDE,actvstrat=,0.728349, actvprof=,0.034001, id=,B05, PRDE,actvstrat=,0.408398, actvprof=,0.729624, id=,B06, PRDE,actvstrat=,0.302185, actvprof=,1.848306, id=,B09, PRDE,actvstrat=,0.372539, actvprof=,6.621797, id=,S00, PRDE,actvstrat=,0.776691, actvprof=,4.979168, id=,S02, PRDE,actvstrat=,0.821159, actvprof=,2.366679, id=,S05, PRDE,actvstrat=,0.922641, actvprof=,0.118724, id=,S06, PRDE,actvstrat=,-0.973159, actvprof=,0.015886, id=,S07, PRDE,actvstrat=,0.472759, actvprof=,0.001115, best_B_id=,B09, best_B_prof=,6.621797, best_B_strat=,0.372539, best_S_id=,S00, best_S_prof=,4.979168, best_S_strat=,0.776691, 
t=,2556000, id=,B02, PRDE,actvstrat=,0.500053, actvprof=,0.003478, id=,B03, PRDE,actvstrat=,0.728349, actvprof=,0.027684, id=,B05, PRDE,actvstrat=,0.408398, actvprof=,0.759305, id=,B06, PRDE,actvstrat=,0.302185, actvprof=,1.842755, id=,B09, PRDE,actvstrat=,0.372539, actvprof=,6.604481, id=,S00, PRDE,actvstrat=,0.776691, actvprof=,4.934232, id=,S02, PRDE,actvstrat=,0.821159, actvprof=,2.311026, id=,S05, PRDE,actvstrat=,0.922641, actvprof=,0.128684, id=,S06, PRDE,actvstrat=,-0.973159, actvprof=,0.023094, id=,S07, PRDE,actvstrat=,0.472759, actvprof=,0.001809, best_B_id=,B09, best_B_prof=,6.604481, best_B_strat=,0.372539, best_S_id=,S00, best_S_prof=,4.934232, best_S_strat=,0.776691, 
t=,2559600, id=,B02, PRDE,actvstrat=,-0.921562, actvprof=,0.009197, id=,B03, PRDE,actvstrat=,-0.639003, actvprof=,0.003902, id=,B05, PRDE,actvstrat=,0.408398, actvprof=,0.659681, id=,B06, PRDE,actvstrat=,0.467773, actvprof=,2.017502, id=,B09, PRDE,actvstrat=,0.372539, actvprof=,6.579805, id=,S00, PRDE,actvstrat=,0.776691, actvprof=,4.977007, id=,S02, PRDE,actvstrat=,0.821159, actvprof=,2.106686, id=,S05, PRDE,actvstrat=,0.922641, actvprof=,0.069117, id=,S06, PRDE,actvstrat=,0.984393, actvprof=,0.034837, id=,S07, PRDE,actvstrat=,0.767634, actvprof=,0.000836, best_B_id=,B09, best_B_prof=,6.579805, best_B_strat=,0.372539, best_S_id=,S00, best_S_prof=,4.977007, best_S_strat=,0.776691, 
t=,2563200, id=,B02, PRDE,actvstrat=,-0.921562, actvprof=,0.011269, id=,B03, PRDE,actvstrat=,-0.639003, actvprof=,0.011686, id=,B05, PRDE,actvstrat=,0.408398, actvprof=,0.706028, id=,B06, PRDE,actvstrat=,0.467773, actvprof=,2.078157, id=,B09, PRDE,actvstrat=,0.372539, actvprof=,6.693146, id=,S00, PRDE,actvstrat=,0.776691, actvprof=,4.999930, id=,S02, PRDE,actvstrat=,0.821159, actvprof=,2.125457, id=,S05, PRDE,actvstrat=,0.922641, actvprof=,0.061769, id=,S06, PRDE,actvstrat=,0.984393, actvprof=,0.033667, id=,S07, PRDE,actvstrat=,0.767634, actvprof=,0.000417, best_B_id=,B09, best_B_prof=,6.693146, best_B_strat=,0.372539, best_S_id=,S00, best_S_prof=,4.999930, best_S_strat=,0.776691, 
t=,2566800, id=,B02, PRDE,actvstrat=,-0.921562, actvprof=,0.015607, id=,B03, PRDE,actvstrat=,-0.639003, actvprof=,0.009755, id=,B05, PRDE,actvstrat=,0.408398, actvprof=,0.800156, id=,B06, PRDE,actvstrat=,0.467773, actvprof=,2.235476, id=,B09, PRDE,actvstrat=,-0.247459, actvprof=,5.365589, id=,S00, PRDE,actvstrat=,0.776691, actvprof=,4.785329, id=,S02, PRDE,actvstrat=,0.821159, actvprof=,2.218197, id=,S05, PRDE,actvstrat=,0.922641, actvprof=,0.044871, id=,S06, PRDE,actvstrat=,0.984393, actvprof=,0.013656, id=,S07, PRDE,actvstrat=,0.767634, actvprof=,0.000000, best_B_id=,B09, best_B_prof=,5.365589, best_B_strat=,-0.247459, best_S_id=,S00, best_S_prof=,4.785329, best_S_strat=,0.776691, 
t=,2570400, id=,B02, PRDE,actvstrat=,-0.921562, actvprof=,0.013634, id=,B03, PRDE,actvstrat=,-0.639003, actvprof=,0.008069, id=,B05, PRDE,actvstrat=,0.408398, actvprof=,0.821085, id=,B06, PRDE,actvstrat=,0.467773, actvprof=,2.203657, id=,B09, PRDE,actvstrat=,-0.247459, actvprof=,5.389222, id=,S00, PRDE,actvstrat=,0.776691, actvprof=,4.813962, id=,S02, PRDE,actvstrat=,0.821159, actvprof=,2.244141, id=,S05, PRDE,actvstrat=,0.922641, actvprof=,0.045492, id=,S06, PRDE,actvstrat=,0.984393, actvprof=,0.015442, id=,S07, PRDE,actvstrat=,0.767634, actvprof=,0.000000, best_B_id=,B09, best_B_prof=,5.389222, best_B_strat=,-0.247459, best_S_id=,S00, best_S_prof=,4.813962, best_S_strat=,0.776691, 
t=,2574000, id=,B02, PRDE,actvstrat=,-0.921562, actvprof=,0.003066, id=,B03, PRDE,actvstrat=,0.728349, actvprof=,0.033167, id=,B05, PRDE,actvstrat=,0.408398, actvprof=,0.735259, id=,B06, PRDE,actvstrat=,0.302185, actvprof=,1.884694, id=,B09, PRDE,actvstrat=,0.372539, actvprof=,6.902184, id=,S00, PRDE,actvstrat=,0.776691, actvprof=,4.830470, id=,S02, PRDE,actvstrat=,0.821159, actvprof=,2.357679, id=,S05, PRDE,actvstrat=,0.922641, actvprof=,0.065499, id=,S06, PRDE,actvstrat=,0.984393, actvprof=,0.038463, id=,S07, PRDE,actvstrat=,0.767634, actvprof=,0.003623, best_B_id=,B09, best_B_prof=,6.902184, best_B_strat=,0.372539, best_S_id=,S00, best_S_prof=,4.830470, best_S_strat=,0.776691, 
t=,2577600, id=,B02, PRDE,actvstrat=,-0.921562, actvprof=,0.007095, id=,B03, PRDE,actvstrat=,0.728349, actvprof=,0.037563, id=,B05, PRDE,actvstrat=,0.408398, actvprof=,0.784518, id=,B06, PRDE,actvstrat=,0.302185, actvprof=,1.888604, id=,B09, PRDE,actvstrat=,0.372539, actvprof=,6.912498, id=,S00, PRDE,actvstrat=,0.776691, actvprof=,4.872806, id=,S02, PRDE,actvstrat=,0.821159, actvprof=,2.218049, id=,S05, PRDE,actvstrat=,0.922641, actvprof=,0.058988, id=,S06, PRDE,actvstrat=,0.984393, actvprof=,0.027129, id=,S07, PRDE,actvstrat=,0.767634, actvprof=,0.001809, best_B_id=,B09, best_B_prof=,6.912498, best_B_strat=,0.372539, best_S_id=,S00, best_S_prof=,4.872806, best_S_strat=,0.776691, 
t=,2581200, id=,B02, PRDE,actvstrat=,-0.921562, actvprof=,0.007804, id=,B03, PRDE,actvstrat=,0.728349, actvprof=,0.031774, id=,B05, PRDE,actvstrat=,0.408398, actvprof=,0.747255, id=,B06, PRDE,actvstrat=,0.467773, actvprof=,2.114109, id=,B09, PRDE,actvstrat=,0.372539, actvprof=,6.624394, id=,S00, PRDE,actvstrat=,0.776691, actvprof=,5.018674, id=,S02, PRDE,actvstrat=,0.821159, actvprof=,2.223926, id=,S05, PRDE,actvstrat=,0.922641, actvprof=,0.103963, id=,S06, PRDE,actvstrat=,0.984393, actvprof=,0.027315, id=,S07, PRDE,actvstrat=,0.767634, actvprof=,0.000836, best_B_id=,B09, best_B_prof=,6.624394, best_B_strat=,0.372539, best_S_id=,S00, best_S_prof=,5.018674, best_S_strat=,0.776691, 
t=,2584800, id=,B02, PRDE,actvstrat=,-0.921562, actvprof=,0.008626, id=,B03, PRDE,actvstrat=,0.728349, actvprof=,0.028381, id=,B05, PRDE,actvstrat=,0.408398, actvprof=,0.731780, id=,B06, PRDE,actvstrat=,0.467773, actvprof=,2.088356, id=,B09, PRDE,actvstrat=,0.372539, actvprof=,6.715545, id=,S00, PRDE,actvstrat=,0.776691, actvprof=,5.019790, id=,S02, PRDE,actvstrat=,0.821159, actvprof=,2.265736, id=,S05, PRDE,actvstrat=,0.922641, actvprof=,0.088064, id=,S06, PRDE,actvstrat=,0.984393, actvprof=,0.022120, id=,S07, PRDE,actvstrat=,0.767634, actvprof=,0.000417, best_B_id=,B09, best_B_prof=,6.715545, best_B_strat=,0.372539, best_S_id=,S00, best_S_prof=,5.019790, best_S_strat=,0.776691, 
t=,2588400, id=,B02, PRDE,actvstrat=,-0.921562, actvprof=,0.011428, id=,B03, PRDE,actvstrat=,0.728349, actvprof=,0.012821, id=,B05, PRDE,actvstrat=,0.408398, actvprof=,0.621002, id=,B06, PRDE,actvstrat=,0.467773, actvprof=,1.906209, id=,B09, PRDE,actvstrat=,0.372539, actvprof=,6.529162, id=,S00, PRDE,actvstrat=,0.776691, actvprof=,5.138597, id=,S02, PRDE,actvstrat=,0.821159, actvprof=,2.487074, id=,S05, PRDE,actvstrat=,0.922641, actvprof=,0.146889, id=,S06, PRDE,actvstrat=,-0.973159, actvprof=,0.038743, id=,S07, PRDE,actvstrat=,0.767634, actvprof=,0.003902, best_B_id=,B09, best_B_prof=,6.529162, best_B_strat=,0.372539, best_S_id=,S00, best_S_prof=,5.138597, best_S_strat=,0.776691, 
t=,2592000, id=,B02, PRDE,actvstrat=,-0.921562, actvprof=,0.007374, id=,B03, PRDE,actvstrat=,0.728349, actvprof=,0.017530, id=,B05, PRDE,actvstrat=,0.408398, actvprof=,0.624257, id=,B06, PRDE,actvstrat=,0.467773, actvprof=,1.924803, id=,B09, PRDE,actvstrat=,0.372539, actvprof=,6.518034, id=,S00, PRDE,actvstrat=,0.776691, actvprof=,5.213175, id=,S02, PRDE,actvstrat=,0.821159, actvprof=,2.423985, id=,S05, PRDE,actvstrat=,0.922641, actvprof=,0.162360, id=,S06, PRDE,actvstrat=,-0.973159, actvprof=,0.035755, id=,S07, PRDE,actvstrat=,0.767634, actvprof=,0.002922, best_B_id=,B09, best_B_prof=,6.518034, best_B_strat=,0.372539, best_S_id=,S00, best_S_prof=,5.213175, best_S_strat=,0.776691, 
t=,2595600, id=,B02, PRDE,actvstrat=,-0.921562, actvprof=,0.001672, id=,B03, PRDE,actvstrat=,0.728349, actvprof=,0.038465, id=,B05, PRDE,actvstrat=,0.408398, actvprof=,0.732781, id=,B06, PRDE,actvstrat=,0.302185, actvprof=,1.809795, id=,B09, PRDE,actvstrat=,0.372539, actvprof=,6.916688, id=,S00, PRDE,actvstrat=,0.776691, actvprof=,4.994844, id=,S02, PRDE,actvstrat=,0.821159, actvprof=,2.245450, id=,S05, PRDE,actvstrat=,0.922641, actvprof=,0.064387, id=,S06, PRDE,actvstrat=,0.984393, actvprof=,0.028152, id=,S07, PRDE,actvstrat=,0.767634, actvprof=,0.001951, best_B_id=,B09, best_B_prof=,6.916688, best_B_strat=,0.372539, best_S_id=,S00, best_S_prof=,4.994844, best_S_strat=,0.776691, 
t=,2599200, id=,B02, PRDE,actvstrat=,-0.921562, actvprof=,0.004591, id=,B03, PRDE,actvstrat=,0.728349, actvprof=,0.036034, id=,B05, PRDE,actvstrat=,0.408398, actvprof=,0.730414, id=,B06, PRDE,actvstrat=,0.302185, actvprof=,1.852470, id=,B09, PRDE,actvstrat=,0.372539, actvprof=,6.854905, id=,S00, PRDE,actvstrat=,0.776691, actvprof=,5.008695, id=,S02, PRDE,actvstrat=,0.821159, actvprof=,2.263172, id=,S05, PRDE,actvstrat=,0.922641, actvprof=,0.064833, id=,S06, PRDE,actvstrat=,0.984393, actvprof=,0.031860, id=,S07, PRDE,actvstrat=,0.767634, actvprof=,0.000974, best_B_id=,B09, best_B_prof=,6.854905, best_B_strat=,0.372539, best_S_id=,S00, best_S_prof=,5.008695, best_S_strat=,0.776691, 
t=,2602800, id=,B02, PRDE,actvstrat=,-0.921562, actvprof=,0.005575, id=,B03, PRDE,actvstrat=,0.728349, actvprof=,0.032333, id=,B05, PRDE,actvstrat=,0.408398, actvprof=,0.700170, id=,B06, PRDE,actvstrat=,0.302185, actvprof=,1.880035, id=,B09, PRDE,actvstrat=,0.372539, actvprof=,6.906375, id=,S00, PRDE,actvstrat=,0.776691, actvprof=,5.109680, id=,S02, PRDE,actvstrat=,0.821159, actvprof=,2.200574, id=,S05, PRDE,actvstrat=,0.922641, actvprof=,0.054352, id=,S06, PRDE,actvstrat=,0.984393, actvprof=,0.035120, id=,S07, PRDE,actvstrat=,0.767634, actvprof=,0.000000, best_B_id=,B09, best_B_prof=,6.906375, best_B_strat=,0.372539, best_S_id=,S00, best_S_prof=,5.109680, best_S_strat=,0.776691, 
t=,2606400, id=,B02, PRDE,actvstrat=,-0.921562, actvprof=,0.005287, id=,B03, PRDE,actvstrat=,0.728349, actvprof=,0.034504, id=,B05, PRDE,actvstrat=,0.408398, actvprof=,0.721655, id=,B06, PRDE,actvstrat=,0.302185, actvprof=,1.949733, id=,B09, PRDE,actvstrat=,0.372539, actvprof=,6.906152, id=,S00, PRDE,actvstrat=,0.776691, actvprof=,5.099720, id=,S02, PRDE,actvstrat=,0.821159, actvprof=,2.189172, id=,S05, PRDE,actvstrat=,0.922641, actvprof=,0.061633, id=,S06, PRDE,actvstrat=,0.984393, actvprof=,0.030608, id=,S07, PRDE,actvstrat=,0.767634, actvprof=,0.000000, best_B_id=,B09, best_B_prof=,6.906152, best_B_strat=,0.372539, best_S_id=,S00, best_S_prof=,5.099720, best_S_strat=,0.776691, 
t=,2610000, id=,B02, PRDE,actvstrat=,-0.921562, actvprof=,0.005296, id=,B03, PRDE,actvstrat=,0.728349, actvprof=,0.047385, id=,B05, PRDE,actvstrat=,0.408398, actvprof=,0.827282, id=,B06, PRDE,actvstrat=,0.302185, actvprof=,1.996014, id=,B09, PRDE,actvstrat=,-0.247459, actvprof=,5.597536, id=,S00, PRDE,actvstrat=,0.776691, actvprof=,4.861121, id=,S02, PRDE,actvstrat=,0.821159, actvprof=,2.130085, id=,S05, PRDE,actvstrat=,0.922641, actvprof=,0.062158, id=,S06, PRDE,actvstrat=,-0.973159, actvprof=,0.008362, id=,S07, PRDE,actvstrat=,0.767634, actvprof=,0.000279, best_B_id=,B09, best_B_prof=,5.597536, best_B_strat=,-0.247459, best_S_id=,S00, best_S_prof=,4.861121, best_S_strat=,0.776691, 
t=,2613600, id=,B02, PRDE,actvstrat=,-0.921562, actvprof=,0.006400, id=,B03, PRDE,actvstrat=,0.728349, actvprof=,0.041878, id=,B05, PRDE,actvstrat=,0.408398, actvprof=,0.837554, id=,B06, PRDE,actvstrat=,0.302185, actvprof=,2.051867, id=,B09, PRDE,actvstrat=,-0.247459, actvprof=,5.617731, id=,S00, PRDE,actvstrat=,0.776691, actvprof=,4.876593, id=,S02, PRDE,actvstrat=,0.821159, actvprof=,2.113779, id=,S05, PRDE,actvstrat=,0.922641, actvprof=,0.063582, id=,S06, PRDE,actvstrat=,-0.973159, actvprof=,0.012522, id=,S07, PRDE,actvstrat=,0.767634, actvprof=,0.000139, best_B_id=,B09, best_B_prof=,5.617731, best_B_strat=,-0.247459, best_S_id=,S00, best_S_prof=,4.876593, best_S_strat=,0.776691, 
t=,2617200, id=,B02, PRDE,actvstrat=,0.831744, actvprof=,0.007247, id=,B03, PRDE,actvstrat=,0.728349, actvprof=,0.022578, id=,B05, PRDE,actvstrat=,0.408398, actvprof=,0.752881, id=,B06, PRDE,actvstrat=,0.302185, actvprof=,1.927499, id=,B09, PRDE,actvstrat=,0.372539, actvprof=,6.729941, id=,S00, PRDE,actvstrat=,0.942834, actvprof=,6.020822, id=,S02, PRDE,actvstrat=,0.821159, actvprof=,2.193140, id=,S05, PRDE,actvstrat=,0.922641, actvprof=,0.074145, id=,S06, PRDE,actvstrat=,0.984393, actvprof=,0.031219, id=,S07, PRDE,actvstrat=,0.472759, actvprof=,0.000000, best_B_id=,B09, best_B_prof=,6.729941, best_B_strat=,0.372539, best_S_id=,S00, best_S_prof=,6.020822, best_S_strat=,0.942834, 
t=,2620800, id=,B02, PRDE,actvstrat=,0.831744, actvprof=,0.011269, id=,B03, PRDE,actvstrat=,0.728349, actvprof=,0.046191, id=,B05, PRDE,actvstrat=,0.408398, actvprof=,0.777177, id=,B06, PRDE,actvstrat=,0.302185, actvprof=,1.984543, id=,B09, PRDE,actvstrat=,0.372539, actvprof=,6.790631, id=,S00, PRDE,actvstrat=,0.942834, actvprof=,5.995228, id=,S02, PRDE,actvstrat=,0.821159, actvprof=,2.181828, id=,S05, PRDE,actvstrat=,0.922641, actvprof=,0.074991, id=,S06, PRDE,actvstrat=,0.984393, actvprof=,0.036035, id=,S07, PRDE,actvstrat=,0.472759, actvprof=,0.000000, best_B_id=,B09, best_B_prof=,6.790631, best_B_strat=,0.372539, best_S_id=,S00, best_S_prof=,5.995228, best_S_strat=,0.942834, 
t=,2624400, id=,B02, PRDE,actvstrat=,-0.921562, actvprof=,0.010314, id=,B03, PRDE,actvstrat=,0.728349, actvprof=,0.035680, id=,B05, PRDE,actvstrat=,0.113719, actvprof=,0.517645, id=,B06, PRDE,actvstrat=,0.467773, actvprof=,2.021799, id=,B09, PRDE,actvstrat=,0.372539, actvprof=,6.699002, id=,S00, PRDE,actvstrat=,0.776691, actvprof=,5.090037, id=,S02, PRDE,actvstrat=,0.821159, actvprof=,2.353794, id=,S05, PRDE,actvstrat=,0.229488, actvprof=,0.001115, id=,S06, PRDE,actvstrat=,0.984393, actvprof=,0.054636, id=,S07, PRDE,actvstrat=,0.767634, actvprof=,0.000000, best_B_id=,B09, best_B_prof=,6.699002, best_B_strat=,0.372539, best_S_id=,S00, best_S_prof=,5.090037, best_S_strat=,0.776691, 
t=,2628000, id=,B02, PRDE,actvstrat=,-0.921562, actvprof=,0.010713, id=,B03, PRDE,actvstrat=,0.728349, actvprof=,0.033392, id=,B05, PRDE,actvstrat=,0.113719, actvprof=,0.542477, id=,B06, PRDE,actvstrat=,0.467773, actvprof=,2.089629, id=,B09, PRDE,actvstrat=,0.372539, actvprof=,6.708128, id=,S00, PRDE,actvstrat=,0.776691, actvprof=,5.021148, id=,S02, PRDE,actvstrat=,0.821159, actvprof=,2.305702, id=,S05, PRDE,actvstrat=,0.229488, actvprof=,0.002365, id=,S06, PRDE,actvstrat=,0.984393, actvprof=,0.051618, id=,S07, PRDE,actvstrat=,0.767634, actvprof=,0.000417, best_B_id=,B09, best_B_prof=,6.708128, best_B_strat=,0.372539, best_S_id=,S00, best_S_prof=,5.021148, best_S_strat=,0.776691, 
t=,2631600, id=,B02, PRDE,actvstrat=,-0.921562, actvprof=,0.011987, id=,B03, PRDE,actvstrat=,-0.639003, actvprof=,0.005296, id=,B05, PRDE,actvstrat=,0.408398, actvprof=,0.560581, id=,B06, PRDE,actvstrat=,0.467773, actvprof=,1.950465, id=,B09, PRDE,actvstrat=,0.372539, actvprof=,6.409467, id=,S00, PRDE,actvstrat=,0.942834, actvprof=,6.356781, id=,S02, PRDE,actvstrat=,0.434575, actvprof=,1.159630, id=,S05, PRDE,actvstrat=,0.922641, actvprof=,0.082791, id=,S06, PRDE,actvstrat=,0.984393, actvprof=,0.034845, id=,S07, PRDE,actvstrat=,0.767634, actvprof=,0.000000, best_B_id=,B09, best_B_prof=,6.409467, best_B_strat=,0.372539, best_S_id=,S00, best_S_prof=,6.356781, best_S_strat=,0.942834, 
t=,2635200, id=,B02, PRDE,actvstrat=,-0.921562, actvprof=,0.015583, id=,B03, PRDE,actvstrat=,-0.639003, actvprof=,0.003478, id=,B05, PRDE,actvstrat=,0.408398, actvprof=,0.558620, id=,B06, PRDE,actvstrat=,0.467773, actvprof=,1.879831, id=,B09, PRDE,actvstrat=,0.372539, actvprof=,6.503649, id=,S00, PRDE,actvstrat=,0.942834, actvprof=,6.359646, id=,S02, PRDE,actvstrat=,0.434575, actvprof=,1.178738, id=,S05, PRDE,actvstrat=,0.922641, actvprof=,0.083341, id=,S06, PRDE,actvstrat=,0.984393, actvprof=,0.033253, id=,S07, PRDE,actvstrat=,0.767634, actvprof=,0.000000, best_B_id=,B09, best_B_prof=,6.503649, best_B_strat=,0.372539, best_S_id=,S00, best_S_prof=,6.359646, best_S_strat=,0.942834, 
t=,2638800, id=,B02, PRDE,actvstrat=,0.831744, actvprof=,0.008920, id=,B03, PRDE,actvstrat=,0.728349, actvprof=,0.025367, id=,B05, PRDE,actvstrat=,0.408398, actvprof=,0.682677, id=,B06, PRDE,actvstrat=,0.467773, actvprof=,2.034371, id=,B09, PRDE,actvstrat=,0.372539, actvprof=,6.712197, id=,S00, PRDE,actvstrat=,0.776691, actvprof=,5.125510, id=,S02, PRDE,actvstrat=,0.821159, actvprof=,2.390344, id=,S05, PRDE,actvstrat=,0.922641, actvprof=,0.058260, id=,S06, PRDE,actvstrat=,0.984393, actvprof=,0.033172, id=,S07, PRDE,actvstrat=,0.767634, actvprof=,0.000000, best_B_id=,B09, best_B_prof=,6.712197, best_B_strat=,0.372539, best_S_id=,S00, best_S_prof=,5.125510, best_S_strat=,0.776691, 
t=,2642400, id=,B02, PRDE,actvstrat=,0.831744, actvprof=,0.004452, id=,B03, PRDE,actvstrat=,0.728349, actvprof=,0.024070, id=,B05, PRDE,actvstrat=,0.408398, actvprof=,0.699294, id=,B06, PRDE,actvstrat=,0.467773, actvprof=,2.055585, id=,B09, PRDE,actvstrat=,0.372539, actvprof=,6.621030, id=,S00, PRDE,actvstrat=,0.776691, actvprof=,5.124770, id=,S02, PRDE,actvstrat=,0.821159, actvprof=,2.339838, id=,S05, PRDE,actvstrat=,0.922641, actvprof=,0.068037, id=,S06, PRDE,actvstrat=,0.984393, actvprof=,0.030749, id=,S07, PRDE,actvstrat=,0.767634, actvprof=,0.000000, best_B_id=,B09, best_B_prof=,6.621030, best_B_strat=,0.372539, best_S_id=,S00, best_S_prof=,5.124770, best_S_strat=,0.776691, 
t=,2646000, id=,B02, PRDE,actvstrat=,-0.921562, actvprof=,0.005018, id=,B03, PRDE,actvstrat=,0.728349, actvprof=,0.022580, id=,B05, PRDE,actvstrat=,0.408398, actvprof=,0.691616, id=,B06, PRDE,actvstrat=,0.467773, actvprof=,2.043348, id=,B09, PRDE,actvstrat=,0.372539, actvprof=,6.714057, id=,S00, PRDE,actvstrat=,0.776691, actvprof=,4.873092, id=,S02, PRDE,actvstrat=,0.821159, actvprof=,2.276953, id=,S05, PRDE,actvstrat=,0.922641, actvprof=,0.069691, id=,S06, PRDE,actvstrat=,0.984393, actvprof=,0.035961, id=,S07, PRDE,actvstrat=,0.767634, actvprof=,0.001394, best_B_id=,B09, best_B_prof=,6.714057, best_B_strat=,0.372539, best_S_id=,S00, best_S_prof=,4.873092, best_S_strat=,0.776691, 
t=,2649600, id=,B02, PRDE,actvstrat=,-0.921562, actvprof=,0.005148, id=,B03, PRDE,actvstrat=,0.728349, actvprof=,0.027132, id=,B05, PRDE,actvstrat=,0.408398, actvprof=,0.735892, id=,B06, PRDE,actvstrat=,0.467773, actvprof=,2.100679, id=,B09, PRDE,actvstrat=,0.372539, actvprof=,6.752421, id=,S00, PRDE,actvstrat=,0.776691, actvprof=,4.882152, id=,S02, PRDE,actvstrat=,0.821159, actvprof=,2.200579, id=,S05, PRDE,actvstrat=,0.922641, actvprof=,0.074299, id=,S06, PRDE,actvstrat=,0.984393, actvprof=,0.033949, id=,S07, PRDE,actvstrat=,0.767634, actvprof=,0.000696, best_B_id=,B09, best_B_prof=,6.752421, best_B_strat=,0.372539, best_S_id=,S00, best_S_prof=,4.882152, best_S_strat=,0.776691, 
t=,2653200, id=,B02, PRDE,actvstrat=,0.831744, actvprof=,0.013939, id=,B03, PRDE,actvstrat=,0.728349, actvprof=,0.049622, id=,B05, PRDE,actvstrat=,0.408398, actvprof=,0.833531, id=,B06, PRDE,actvstrat=,0.302185, actvprof=,2.064034, id=,B09, PRDE,actvstrat=,0.372539, actvprof=,6.894610, id=,S00, PRDE,actvstrat=,0.942834, actvprof=,5.795966, id=,S02, PRDE,actvstrat=,0.821159, actvprof=,2.071003, id=,S05, PRDE,actvstrat=,0.922641, actvprof=,0.066348, id=,S06, PRDE,actvstrat=,0.984393, actvprof=,0.035125, id=,S07, PRDE,actvstrat=,0.767634, actvprof=,0.001115, best_B_id=,B09, best_B_prof=,6.894610, best_B_strat=,0.372539, best_S_id=,S00, best_S_prof=,5.795966, best_S_strat=,0.942834, 
t=,2656800, id=,B02, PRDE,actvstrat=,0.831744, actvprof=,0.011827, id=,B03, PRDE,actvstrat=,0.728349, actvprof=,0.041880, id=,B05, PRDE,actvstrat=,0.408398, actvprof=,0.834267, id=,B06, PRDE,actvstrat=,0.302185, actvprof=,2.041143, id=,B09, PRDE,actvstrat=,0.372539, actvprof=,6.873378, id=,S00, PRDE,actvstrat=,0.942834, actvprof=,5.809257, id=,S02, PRDE,actvstrat=,0.821159, actvprof=,2.045734, id=,S05, PRDE,actvstrat=,0.922641, actvprof=,0.071934, id=,S06, PRDE,actvstrat=,0.984393, actvprof=,0.034089, id=,S07, PRDE,actvstrat=,0.767634, actvprof=,0.001391, best_B_id=,B09, best_B_prof=,6.873378, best_B_strat=,0.372539, best_S_id=,S00, best_S_prof=,5.809257, best_S_strat=,0.942834, 
t=,2660400, id=,B02, PRDE,actvstrat=,-0.921562, actvprof=,0.008085, id=,B03, PRDE,actvstrat=,0.728349, actvprof=,0.025090, id=,B05, PRDE,actvstrat=,0.408398, actvprof=,0.680494, id=,B06, PRDE,actvstrat=,0.302185, actvprof=,1.886761, id=,B09, PRDE,actvstrat=,0.372539, actvprof=,6.997575, id=,S00, PRDE,actvstrat=,0.776691, actvprof=,5.206434, id=,S02, PRDE,actvstrat=,0.821159, actvprof=,2.170556, id=,S05, PRDE,actvstrat=,0.922641, actvprof=,0.054083, id=,S06, PRDE,actvstrat=,0.984393, actvprof=,0.037914, id=,S07, PRDE,actvstrat=,0.767634, actvprof=,0.000000, best_B_id=,B09, best_B_prof=,6.997575, best_B_strat=,0.372539, best_S_id=,S00, best_S_prof=,5.206434, best_S_strat=,0.776691, 
t=,2664000, id=,B02, PRDE,actvstrat=,-0.921562, actvprof=,0.011966, id=,B03, PRDE,actvstrat=,0.728349, actvprof=,0.024766, id=,B05, PRDE,actvstrat=,0.408398, actvprof=,0.717948, id=,B06, PRDE,actvstrat=,0.302185, actvprof=,1.891570, id=,B09, PRDE,actvstrat=,0.372539, actvprof=,6.867256, id=,S00, PRDE,actvstrat=,0.776691, actvprof=,5.118301, id=,S02, PRDE,actvstrat=,0.821159, actvprof=,2.154401, id=,S05, PRDE,actvstrat=,0.922641, actvprof=,0.059272, id=,S06, PRDE,actvstrat=,0.984393, actvprof=,0.034923, id=,S07, PRDE,actvstrat=,0.767634, actvprof=,0.000000, best_B_id=,B09, best_B_prof=,6.867256, best_B_strat=,0.372539, best_S_id=,S00, best_S_prof=,5.118301, best_S_strat=,0.776691, 
t=,2667600, id=,B02, PRDE,actvstrat=,-0.921562, actvprof=,0.003345, id=,B03, PRDE,actvstrat=,0.728349, actvprof=,0.034011, id=,B05, PRDE,actvstrat=,0.408398, actvprof=,0.748805, id=,B06, PRDE,actvstrat=,0.302185, actvprof=,2.055728, id=,B09, PRDE,actvstrat=,0.372539, actvprof=,6.792768, id=,S00, PRDE,actvstrat=,0.776691, actvprof=,4.733695, id=,S02, PRDE,actvstrat=,0.821159, actvprof=,2.260353, id=,S05, PRDE,actvstrat=,0.922641, actvprof=,0.065235, id=,S06, PRDE,actvstrat=,0.984393, actvprof=,0.025648, id=,S07, PRDE,actvstrat=,0.767634, actvprof=,0.000000, best_B_id=,B09, best_B_prof=,6.792768, best_B_strat=,0.372539, best_S_id=,S00, best_S_prof=,4.733695, best_S_strat=,0.776691, 
t=,2671200, id=,B02, PRDE,actvstrat=,-0.921562, actvprof=,0.008209, id=,B03, PRDE,actvstrat=,0.728349, actvprof=,0.031028, id=,B05, PRDE,actvstrat=,0.408398, actvprof=,0.756500, id=,B06, PRDE,actvstrat=,0.302185, actvprof=,2.022387, id=,B09, PRDE,actvstrat=,0.372539, actvprof=,6.828114, id=,S00, PRDE,actvstrat=,0.776691, actvprof=,4.841903, id=,S02, PRDE,actvstrat=,0.821159, actvprof=,2.200625, id=,S05, PRDE,actvstrat=,0.922641, actvprof=,0.066509, id=,S06, PRDE,actvstrat=,0.984393, actvprof=,0.028384, id=,S07, PRDE,actvstrat=,0.767634, actvprof=,0.000000, best_B_id=,B09, best_B_prof=,6.828114, best_B_strat=,0.372539, best_S_id=,S00, best_S_prof=,4.841903, best_S_strat=,0.776691, 
t=,2674800, id=,B02, PRDE,actvstrat=,-0.921562, actvprof=,0.004739, id=,B03, PRDE,actvstrat=,0.728349, actvprof=,0.031503, id=,B05, PRDE,actvstrat=,0.408398, actvprof=,0.722888, id=,B06, PRDE,actvstrat=,0.302185, actvprof=,1.923334, id=,B09, PRDE,actvstrat=,0.372539, actvprof=,6.881517, id=,S00, PRDE,actvstrat=,0.776691, actvprof=,4.840814, id=,S02, PRDE,actvstrat=,0.821159, actvprof=,2.160859, id=,S05, PRDE,actvstrat=,0.922641, actvprof=,0.056314, id=,S06, PRDE,actvstrat=,0.984393, actvprof=,0.035406, id=,S07, PRDE,actvstrat=,0.767634, actvprof=,0.000000, best_B_id=,B09, best_B_prof=,6.881517, best_B_strat=,0.372539, best_S_id=,S00, best_S_prof=,4.840814, best_S_strat=,0.776691, 
t=,2678400, id=,B02, PRDE,actvstrat=,-0.921562, actvprof=,0.005705, id=,B03, PRDE,actvstrat=,0.728349, actvprof=,0.026576, id=,B05, PRDE,actvstrat=,0.408398, actvprof=,0.725054, id=,B06, PRDE,actvstrat=,0.302185, actvprof=,1.928886, id=,B09, PRDE,actvstrat=,0.372539, actvprof=,6.950974, id=,S00, PRDE,actvstrat=,0.776691, actvprof=,4.853591, id=,S02, PRDE,actvstrat=,0.821159, actvprof=,2.154570, id=,S05, PRDE,actvstrat=,0.922641, actvprof=,0.049116, id=,S06, PRDE,actvstrat=,0.984393, actvprof=,0.040629, id=,S07, PRDE,actvstrat=,0.767634, actvprof=,0.000000, best_B_id=,B09, best_B_prof=,6.950974, best_B_strat=,0.372539, best_S_id=,S00, best_S_prof=,4.853591, best_S_strat=,0.776691, 
t=,2682000, id=,B02, PRDE,actvstrat=,-0.548734, actvprof=,0.000000, id=,B03, PRDE,actvstrat=,0.728349, actvprof=,0.019236, id=,B05, PRDE,actvstrat=,0.408398, actvprof=,0.779471, id=,B06, PRDE,actvstrat=,0.302185, actvprof=,1.918568, id=,B09, PRDE,actvstrat=,0.372539, actvprof=,7.004921, id=,S00, PRDE,actvstrat=,0.776691, actvprof=,4.719198, id=,S02, PRDE,actvstrat=,0.821159, actvprof=,2.216585, id=,S05, PRDE,actvstrat=,0.922641, actvprof=,0.061332, id=,S06, PRDE,actvstrat=,0.984393, actvprof=,0.028993, id=,S07, PRDE,actvstrat=,0.767634, actvprof=,0.000000, best_B_id=,B09, best_B_prof=,7.004921, best_B_strat=,0.372539, best_S_id=,S00, best_S_prof=,4.719198, best_S_strat=,0.776691, 
t=,2685600, id=,B02, PRDE,actvstrat=,-0.548734, actvprof=,0.000696, id=,B03, PRDE,actvstrat=,0.728349, actvprof=,0.020454, id=,B05, PRDE,actvstrat=,0.408398, actvprof=,0.789626, id=,B06, PRDE,actvstrat=,0.302185, actvprof=,1.862403, id=,B09, PRDE,actvstrat=,0.372539, actvprof=,6.892354, id=,S00, PRDE,actvstrat=,0.776691, actvprof=,4.833483, id=,S02, PRDE,actvstrat=,0.821159, actvprof=,2.198707, id=,S05, PRDE,actvstrat=,0.922641, actvprof=,0.064283, id=,S06, PRDE,actvstrat=,0.984393, actvprof=,0.032281, id=,S07, PRDE,actvstrat=,0.767634, actvprof=,0.000000, best_B_id=,B09, best_B_prof=,6.892354, best_B_strat=,0.372539, best_S_id=,S00, best_S_prof=,4.833483, best_S_strat=,0.776691, 
t=,2689200, id=,B02, PRDE,actvstrat=,-0.921562, actvprof=,0.009479, id=,B03, PRDE,actvstrat=,0.728349, actvprof=,0.028158, id=,B05, PRDE,actvstrat=,0.408398, actvprof=,0.747710, id=,B06, PRDE,actvstrat=,0.302185, actvprof=,1.911931, id=,B09, PRDE,actvstrat=,0.372539, actvprof=,6.797697, id=,S00, PRDE,actvstrat=,0.776691, actvprof=,5.035476, id=,S02, PRDE,actvstrat=,0.821159, actvprof=,2.254004, id=,S05, PRDE,actvstrat=,0.922641, actvprof=,0.048509, id=,S06, PRDE,actvstrat=,0.984393, actvprof=,0.039309, id=,S07, PRDE,actvstrat=,0.767634, actvprof=,0.003903, best_B_id=,B09, best_B_prof=,6.797697, best_B_strat=,0.372539, best_S_id=,S00, best_S_prof=,5.035476, best_S_strat=,0.776691, 
t=,2692800, id=,B02, PRDE,actvstrat=,-0.921562, actvprof=,0.006261, id=,B03, PRDE,actvstrat=,0.728349, actvprof=,0.026298, id=,B05, PRDE,actvstrat=,0.408398, actvprof=,0.721735, id=,B06, PRDE,actvstrat=,0.302185, actvprof=,1.865073, id=,B09, PRDE,actvstrat=,0.372539, actvprof=,6.827470, id=,S00, PRDE,actvstrat=,0.776691, actvprof=,5.067867, id=,S02, PRDE,actvstrat=,0.821159, actvprof=,2.260517, id=,S05, PRDE,actvstrat=,0.922641, actvprof=,0.053292, id=,S06, PRDE,actvstrat=,0.984393, actvprof=,0.030194, id=,S07, PRDE,actvstrat=,0.767634, actvprof=,0.001948, best_B_id=,B09, best_B_prof=,6.827470, best_B_strat=,0.372539, best_S_id=,S00, best_S_prof=,5.067867, best_S_strat=,0.776691, 
t=,2696400, id=,B02, PRDE,actvstrat=,-0.921562, actvprof=,0.004740, id=,B03, PRDE,actvstrat=,0.728349, actvprof=,0.013661, id=,B05, PRDE,actvstrat=,0.408398, actvprof=,0.527211, id=,B06, PRDE,actvstrat=,0.302185, actvprof=,1.514721, id=,B09, PRDE,actvstrat=,0.372539, actvprof=,6.336010, id=,S00, PRDE,actvstrat=,0.776691, actvprof=,5.712334, id=,S02, PRDE,actvstrat=,0.434575, actvprof=,1.255158, id=,S05, PRDE,actvstrat=,-0.305659, actvprof=,0.000000, id=,S06, PRDE,actvstrat=,0.984393, actvprof=,0.075834, id=,S07, PRDE,actvstrat=,0.767634, actvprof=,0.000000, best_B_id=,B09, best_B_prof=,6.336010, best_B_strat=,0.372539, best_S_id=,S00, best_S_prof=,5.712334, best_S_strat=,0.776691, 
t=,2700000, id=,B02, PRDE,actvstrat=,-0.921562, actvprof=,0.003200, id=,B03, PRDE,actvstrat=,0.728349, actvprof=,0.015028, id=,B05, PRDE,actvstrat=,0.408398, actvprof=,0.495492, id=,B06, PRDE,actvstrat=,0.302185, actvprof=,1.476457, id=,B09, PRDE,actvstrat=,0.372539, actvprof=,6.399232, id=,S00, PRDE,actvstrat=,0.776691, actvprof=,5.558524, id=,S02, PRDE,actvstrat=,0.434575, actvprof=,1.298909, id=,S05, PRDE,actvstrat=,-0.305659, actvprof=,0.000000, id=,S06, PRDE,actvstrat=,0.984393, actvprof=,0.062754, id=,S07, PRDE,actvstrat=,0.767634, actvprof=,0.000278, best_B_id=,B09, best_B_prof=,6.399232, best_B_strat=,0.372539, best_S_id=,S00, best_S_prof=,5.558524, best_S_strat=,0.776691, 
t=,2703600, id=,B02, PRDE,actvstrat=,-0.921562, actvprof=,0.022583, id=,B03, PRDE,actvstrat=,-0.639003, actvprof=,0.012267, id=,B05, PRDE,actvstrat=,0.408398, actvprof=,0.956297, id=,B06, PRDE,actvstrat=,0.302185, actvprof=,2.144839, id=,B09, PRDE,actvstrat=,0.372539, actvprof=,6.854116, id=,S00, PRDE,actvstrat=,0.942834, actvprof=,5.626263, id=,S02, PRDE,actvstrat=,0.821159, actvprof=,2.161009, id=,S05, PRDE,actvstrat=,0.922641, actvprof=,0.129086, id=,S06, PRDE,actvstrat=,-0.973159, actvprof=,0.028159, id=,S07, PRDE,actvstrat=,0.767634, actvprof=,0.002788, best_B_id=,B09, best_B_prof=,6.854116, best_B_strat=,0.372539, best_S_id=,S00, best_S_prof=,5.626263, best_S_strat=,0.942834, 
t=,2707200, id=,B02, PRDE,actvstrat=,-0.921562, actvprof=,0.021846, id=,B03, PRDE,actvstrat=,-0.639003, actvprof=,0.006818, id=,B05, PRDE,actvstrat=,0.408398, actvprof=,0.926010, id=,B06, PRDE,actvstrat=,0.302185, actvprof=,2.044318, id=,B09, PRDE,actvstrat=,0.372539, actvprof=,6.821164, id=,S00, PRDE,actvstrat=,0.942834, actvprof=,5.729433, id=,S02, PRDE,actvstrat=,0.821159, actvprof=,2.205030, id=,S05, PRDE,actvstrat=,0.922641, actvprof=,0.124535, id=,S06, PRDE,actvstrat=,-0.973159, actvprof=,0.030334, id=,S07, PRDE,actvstrat=,0.767634, actvprof=,0.004174, best_B_id=,B09, best_B_prof=,6.821164, best_B_strat=,0.372539, best_S_id=,S00, best_S_prof=,5.729433, best_S_strat=,0.942834, 
t=,2710800, id=,B02, PRDE,actvstrat=,-0.921562, actvprof=,0.005576, id=,B03, PRDE,actvstrat=,0.728349, actvprof=,0.027323, id=,B05, PRDE,actvstrat=,0.408398, actvprof=,0.680291, id=,B06, PRDE,actvstrat=,0.467773, actvprof=,2.078233, id=,B09, PRDE,actvstrat=,0.372539, actvprof=,6.665737, id=,S00, PRDE,actvstrat=,0.776691, actvprof=,5.039451, id=,S02, PRDE,actvstrat=,0.821159, actvprof=,2.312990, id=,S05, PRDE,actvstrat=,0.922641, actvprof=,0.050185, id=,S06, PRDE,actvstrat=,0.984393, actvprof=,0.038197, id=,S07, PRDE,actvstrat=,0.767634, actvprof=,0.000000, best_B_id=,B09, best_B_prof=,6.665737, best_B_strat=,0.372539, best_S_id=,S00, best_S_prof=,5.039451, best_S_strat=,0.776691, 
t=,2714400, id=,B02, PRDE,actvstrat=,-0.921562, actvprof=,0.005844, id=,B03, PRDE,actvstrat=,0.728349, actvprof=,0.034091, id=,B05, PRDE,actvstrat=,0.408398, actvprof=,0.707840, id=,B06, PRDE,actvstrat=,0.467773, actvprof=,2.068697, id=,B09, PRDE,actvstrat=,0.372539, actvprof=,6.745702, id=,S00, PRDE,actvstrat=,0.776691, actvprof=,5.030995, id=,S02, PRDE,actvstrat=,0.821159, actvprof=,2.289662, id=,S05, PRDE,actvstrat=,0.922641, actvprof=,0.069573, id=,S06, PRDE,actvstrat=,0.984393, actvprof=,0.032700, id=,S07, PRDE,actvstrat=,0.767634, actvprof=,0.000417, best_B_id=,B09, best_B_prof=,6.745702, best_B_strat=,0.372539, best_S_id=,S00, best_S_prof=,5.030995, best_S_strat=,0.776691, 
t=,2718000, id=,B02, PRDE,actvstrat=,-0.921562, actvprof=,0.005019, id=,B03, PRDE,actvstrat=,0.728349, actvprof=,0.034852, id=,B05, PRDE,actvstrat=,0.408398, actvprof=,0.761735, id=,B06, PRDE,actvstrat=,0.302185, actvprof=,1.893742, id=,B09, PRDE,actvstrat=,0.372539, actvprof=,6.836375, id=,S00, PRDE,actvstrat=,0.776691, actvprof=,4.860102, id=,S02, PRDE,actvstrat=,0.821159, actvprof=,2.248958, id=,S05, PRDE,actvstrat=,0.922641, actvprof=,0.072493, id=,S06, PRDE,actvstrat=,0.984393, actvprof=,0.032901, id=,S07, PRDE,actvstrat=,0.767634, actvprof=,0.000000, best_B_id=,B09, best_B_prof=,6.836375, best_B_strat=,0.372539, best_S_id=,S00, best_S_prof=,4.860102, best_S_strat=,0.776691, 
t=,2721600, id=,B02, PRDE,actvstrat=,-0.921562, actvprof=,0.006679, id=,B03, PRDE,actvstrat=,0.728349, actvprof=,0.036596, id=,B05, PRDE,actvstrat=,0.408398, actvprof=,0.766988, id=,B06, PRDE,actvstrat=,0.302185, actvprof=,1.938900, id=,B09, PRDE,actvstrat=,0.372539, actvprof=,6.839304, id=,S00, PRDE,actvstrat=,0.776691, actvprof=,4.857686, id=,S02, PRDE,actvstrat=,0.821159, actvprof=,2.202030, id=,S05, PRDE,actvstrat=,0.922641, actvprof=,0.072079, id=,S06, PRDE,actvstrat=,0.984393, actvprof=,0.031448, id=,S07, PRDE,actvstrat=,0.767634, actvprof=,0.000278, best_B_id=,B09, best_B_prof=,6.839304, best_B_strat=,0.372539, best_S_id=,S00, best_S_prof=,4.857686, best_S_strat=,0.776691, 
t=,2725200, id=,B02, PRDE,actvstrat=,-0.921562, actvprof=,0.013662, id=,B03, PRDE,actvstrat=,0.728349, actvprof=,0.025094, id=,B05, PRDE,actvstrat=,0.408398, actvprof=,0.682560, id=,B06, PRDE,actvstrat=,0.302185, actvprof=,1.935313, id=,B09, PRDE,actvstrat=,0.372539, actvprof=,6.979785, id=,S00, PRDE,actvstrat=,0.776691, actvprof=,4.821135, id=,S02, PRDE,actvstrat=,0.821159, actvprof=,2.239509, id=,S05, PRDE,actvstrat=,0.922641, actvprof=,0.062178, id=,S06, PRDE,actvstrat=,0.984393, actvprof=,0.028161, id=,S07, PRDE,actvstrat=,0.767634, actvprof=,0.000000, best_B_id=,B09, best_B_prof=,6.979785, best_B_strat=,0.372539, best_S_id=,S00, best_S_prof=,4.821135, best_S_strat=,0.776691, 
t=,2728800, id=,B02, PRDE,actvstrat=,-0.921562, actvprof=,0.010436, id=,B03, PRDE,actvstrat=,0.728349, actvprof=,0.022403, id=,B05, PRDE,actvstrat=,0.408398, actvprof=,0.712303, id=,B06, PRDE,actvstrat=,0.302185, actvprof=,1.917749, id=,B09, PRDE,actvstrat=,0.372539, actvprof=,6.749275, id=,S00, PRDE,actvstrat=,0.776691, actvprof=,4.840988, id=,S02, PRDE,actvstrat=,0.821159, actvprof=,2.302774, id=,S05, PRDE,actvstrat=,0.922641, actvprof=,0.065400, id=,S06, PRDE,actvstrat=,0.984393, actvprof=,0.032004, id=,S07, PRDE,actvstrat=,0.767634, actvprof=,0.000139, best_B_id=,B09, best_B_prof=,6.749275, best_B_strat=,0.372539, best_S_id=,S00, best_S_prof=,4.840988, best_S_strat=,0.776691, 
t=,2732400, id=,B02, PRDE,actvstrat=,-0.921562, actvprof=,0.001673, id=,B03, PRDE,actvstrat=,0.728349, actvprof=,0.049632, id=,B05, PRDE,actvstrat=,0.408398, actvprof=,0.779612, id=,B06, PRDE,actvstrat=,0.302185, actvprof=,2.024314, id=,B09, PRDE,actvstrat=,0.372539, actvprof=,6.962692, id=,S00, PRDE,actvstrat=,0.942834, actvprof=,6.057885, id=,S02, PRDE,actvstrat=,0.821159, actvprof=,2.031564, id=,S05, PRDE,actvstrat=,0.922641, actvprof=,0.049632, id=,S06, PRDE,actvstrat=,0.984393, actvprof=,0.031787, id=,S07, PRDE,actvstrat=,0.767634, actvprof=,0.000000, best_B_id=,B09, best_B_prof=,6.962692, best_B_strat=,0.372539, best_S_id=,S00, best_S_prof=,6.057885, best_S_strat=,0.942834, 
t=,2736000, id=,B02, PRDE,actvstrat=,-0.921562, actvprof=,0.008071, id=,B03, PRDE,actvstrat=,0.728349, actvprof=,0.044945, id=,B05, PRDE,actvstrat=,0.408398, actvprof=,0.856044, id=,B06, PRDE,actvstrat=,0.302185, actvprof=,1.986210, id=,B09, PRDE,actvstrat=,0.372539, actvprof=,7.015188, id=,S00, PRDE,actvstrat=,0.942834, actvprof=,5.971015, id=,S02, PRDE,actvstrat=,0.821159, actvprof=,2.055089, id=,S05, PRDE,actvstrat=,0.922641, actvprof=,0.064287, id=,S06, PRDE,actvstrat=,0.984393, actvprof=,0.034370, id=,S07, PRDE,actvstrat=,0.767634, actvprof=,0.000000, best_B_id=,B09, best_B_prof=,7.015188, best_B_strat=,0.372539, best_S_id=,S00, best_S_prof=,5.971015, best_S_strat=,0.942834, 
t=,2739600, id=,B02, PRDE,actvstrat=,-0.921562, actvprof=,0.001394, id=,B03, PRDE,actvstrat=,0.728349, actvprof=,0.006134, id=,B05, PRDE,actvstrat=,0.408398, actvprof=,0.541784, id=,B06, PRDE,actvstrat=,0.302185, actvprof=,1.579622, id=,B09, PRDE,actvstrat=,0.372539, actvprof=,6.654491, id=,S00, PRDE,actvstrat=,0.776691, actvprof=,5.416725, id=,S02, PRDE,actvstrat=,0.434575, actvprof=,1.081337, id=,S05, PRDE,actvstrat=,0.922641, actvprof=,0.088113, id=,S06, PRDE,actvstrat=,0.984393, actvprof=,0.025653, id=,S07, PRDE,actvstrat=,0.767634, actvprof=,0.000000, best_B_id=,B09, best_B_prof=,6.654491, best_B_strat=,0.372539, best_S_id=,S00, best_S_prof=,5.416725, best_S_strat=,0.776691, 
t=,2743200, id=,B02, PRDE,actvstrat=,-0.921562, actvprof=,0.002366, id=,B03, PRDE,actvstrat=,0.728349, actvprof=,0.014333, id=,B05, PRDE,actvstrat=,0.408398, actvprof=,0.526276, id=,B06, PRDE,actvstrat=,0.302185, actvprof=,1.573678, id=,B09, PRDE,actvstrat=,0.372539, actvprof=,6.580253, id=,S00, PRDE,actvstrat=,0.776691, actvprof=,5.396620, id=,S02, PRDE,actvstrat=,0.434575, actvprof=,1.147731, id=,S05, PRDE,actvstrat=,0.922641, actvprof=,0.074029, id=,S06, PRDE,actvstrat=,0.984393, actvprof=,0.035345, id=,S07, PRDE,actvstrat=,0.767634, actvprof=,0.000000, best_B_id=,B09, best_B_prof=,6.580253, best_B_strat=,0.372539, best_S_id=,S00, best_S_prof=,5.396620, best_S_strat=,0.776691, 
t=,2746800, id=,B02, PRDE,actvstrat=,-0.921562, actvprof=,0.000000, id=,B03, PRDE,actvstrat=,0.728349, actvprof=,0.028721, id=,B05, PRDE,actvstrat=,-0.935527, actvprof=,0.288881, id=,B06, PRDE,actvstrat=,0.467773, actvprof=,2.720112, id=,B09, PRDE,actvstrat=,0.372539, actvprof=,7.488323, id=,S00, PRDE,actvstrat=,0.942834, actvprof=,5.482050, id=,S02, PRDE,actvstrat=,0.821159, actvprof=,1.702893, id=,S05, PRDE,actvstrat=,0.922641, actvprof=,0.069711, id=,S06, PRDE,actvstrat=,-0.973159, actvprof=,0.011154, id=,S07, PRDE,actvstrat=,0.767634, actvprof=,0.000000, best_B_id=,B09, best_B_prof=,7.488323, best_B_strat=,0.372539, best_S_id=,S00, best_S_prof=,5.482050, best_S_strat=,0.942834, 
t=,2750400, id=,B02, PRDE,actvstrat=,-0.921562, actvprof=,0.001670, id=,B03, PRDE,actvstrat=,0.728349, actvprof=,0.022543, id=,B05, PRDE,actvstrat=,-0.935527, actvprof=,0.234610, id=,B06, PRDE,actvstrat=,0.467773, actvprof=,2.671017, id=,B09, PRDE,actvstrat=,0.372539, actvprof=,7.421379, id=,S00, PRDE,actvstrat=,0.942834, actvprof=,5.563565, id=,S02, PRDE,actvstrat=,0.821159, actvprof=,1.748302, id=,S05, PRDE,actvstrat=,0.922641, actvprof=,0.074585, id=,S06, PRDE,actvstrat=,-0.973159, actvprof=,0.016142, id=,S07, PRDE,actvstrat=,0.767634, actvprof=,0.000000, best_B_id=,B09, best_B_prof=,7.421379, best_B_strat=,0.372539, best_S_id=,S00, best_S_prof=,5.563565, best_S_strat=,0.942834, 
t=,2754000, id=,B02, PRDE,actvstrat=,-0.921562, actvprof=,0.003346, id=,B03, PRDE,actvstrat=,0.728349, actvprof=,0.047960, id=,B05, PRDE,actvstrat=,0.408398, actvprof=,0.757884, id=,B06, PRDE,actvstrat=,0.302185, actvprof=,1.999833, id=,B09, PRDE,actvstrat=,0.372539, actvprof=,7.067172, id=,S00, PRDE,actvstrat=,0.942834, actvprof=,5.915568, id=,S02, PRDE,actvstrat=,0.821159, actvprof=,2.123358, id=,S05, PRDE,actvstrat=,0.922641, actvprof=,0.081700, id=,S06, PRDE,actvstrat=,0.984393, actvprof=,0.032624, id=,S07, PRDE,actvstrat=,0.767634, actvprof=,0.000000, best_B_id=,B09, best_B_prof=,7.067172, best_B_strat=,0.372539, best_S_id=,S00, best_S_prof=,5.915568, best_S_strat=,0.942834, 
t=,2757600, id=,B02, PRDE,actvstrat=,-0.921562, actvprof=,0.013220, id=,B03, PRDE,actvstrat=,0.728349, actvprof=,0.049679, id=,B05, PRDE,actvstrat=,0.408398, actvprof=,0.818792, id=,B06, PRDE,actvstrat=,0.302185, actvprof=,2.010798, id=,B09, PRDE,actvstrat=,0.372539, actvprof=,7.026941, id=,S00, PRDE,actvstrat=,0.942834, actvprof=,5.865130, id=,S02, PRDE,actvstrat=,0.821159, actvprof=,2.126715, id=,S05, PRDE,actvstrat=,0.922641, actvprof=,0.077231, id=,S06, PRDE,actvstrat=,0.984393, actvprof=,0.028805, id=,S07, PRDE,actvstrat=,0.767634, actvprof=,0.000000, best_B_id=,B09, best_B_prof=,7.026941, best_B_strat=,0.372539, best_S_id=,S00, best_S_prof=,5.865130, best_S_strat=,0.942834, 
t=,2761200, id=,B02, PRDE,actvstrat=,-0.921562, actvprof=,0.001673, id=,B03, PRDE,actvstrat=,0.728349, actvprof=,0.015894, id=,B05, PRDE,actvstrat=,0.408398, actvprof=,0.634385, id=,B06, PRDE,actvstrat=,0.467773, actvprof=,2.003820, id=,B09, PRDE,actvstrat=,0.372539, actvprof=,6.702453, id=,S00, PRDE,actvstrat=,0.776691, actvprof=,5.247968, id=,S02, PRDE,actvstrat=,0.821159, actvprof=,2.366884, id=,S05, PRDE,actvstrat=,0.922641, actvprof=,0.150579, id=,S06, PRDE,actvstrat=,-0.973159, actvprof=,0.024818, id=,S07, PRDE,actvstrat=,0.767634, actvprof=,0.003067, best_B_id=,B09, best_B_prof=,6.702453, best_B_strat=,0.372539, best_S_id=,S00, best_S_prof=,5.247968, best_S_strat=,0.776691, 
t=,2764800, id=,B02, PRDE,actvstrat=,-0.921562, actvprof=,0.003201, id=,B03, PRDE,actvstrat=,0.728349, actvprof=,0.018647, id=,B05, PRDE,actvstrat=,0.408398, actvprof=,0.638311, id=,B06, PRDE,actvstrat=,0.467773, actvprof=,2.004550, id=,B09, PRDE,actvstrat=,0.372539, actvprof=,6.657668, id=,S00, PRDE,actvstrat=,0.776691, actvprof=,5.305066, id=,S02, PRDE,actvstrat=,0.821159, actvprof=,2.438580, id=,S05, PRDE,actvstrat=,0.922641, actvprof=,0.149732, id=,S06, PRDE,actvstrat=,-0.973159, actvprof=,0.029501, id=,S07, PRDE,actvstrat=,0.767634, actvprof=,0.001670, best_B_id=,B09, best_B_prof=,6.657668, best_B_strat=,0.372539, best_S_id=,S00, best_S_prof=,5.305066, best_S_strat=,0.776691, 
t=,2768400, id=,B02, PRDE,actvstrat=,-0.921562, actvprof=,0.002510, id=,B03, PRDE,actvstrat=,0.728349, actvprof=,0.013664, id=,B05, PRDE,actvstrat=,-0.935527, actvprof=,0.343549, id=,B06, PRDE,actvstrat=,0.467773, actvprof=,2.587769, id=,B09, PRDE,actvstrat=,0.372539, actvprof=,7.725663, id=,S00, PRDE,actvstrat=,0.942834, actvprof=,5.534146, id=,S02, PRDE,actvstrat=,0.821159, actvprof=,1.765706, id=,S05, PRDE,actvstrat=,-0.384739, actvprof=,0.005019, id=,S06, PRDE,actvstrat=,0.984393, actvprof=,0.024539, id=,S07, PRDE,actvstrat=,0.767634, actvprof=,0.000000, best_B_id=,B09, best_B_prof=,7.725663, best_B_strat=,0.372539, best_S_id=,S00, best_S_prof=,5.534146, best_S_strat=,0.942834, 
t=,2772000, id=,B02, PRDE,actvstrat=,-0.921562, actvprof=,0.002087, id=,B03, PRDE,actvstrat=,0.728349, actvprof=,0.019482, id=,B05, PRDE,actvstrat=,-0.935527, actvprof=,0.287360, id=,B06, PRDE,actvstrat=,0.467773, actvprof=,2.600715, id=,B09, PRDE,actvstrat=,0.372539, actvprof=,7.555280, id=,S00, PRDE,actvstrat=,0.942834, actvprof=,5.584810, id=,S02, PRDE,actvstrat=,0.821159, actvprof=,1.775094, id=,S05, PRDE,actvstrat=,-0.384739, actvprof=,0.002505, id=,S06, PRDE,actvstrat=,0.984393, actvprof=,0.030754, id=,S07, PRDE,actvstrat=,0.767634, actvprof=,0.000000, best_B_id=,B09, best_B_prof=,7.555280, best_B_strat=,0.372539, best_S_id=,S00, best_S_prof=,5.584810, best_S_strat=,0.942834, 
t=,2775600, id=,B02, PRDE,actvstrat=,-0.921562, actvprof=,0.017011, id=,B03, PRDE,actvstrat=,0.728349, actvprof=,0.032069, id=,B05, PRDE,actvstrat=,0.408398, actvprof=,0.815672, id=,B06, PRDE,actvstrat=,0.302185, actvprof=,1.961238, id=,B09, PRDE,actvstrat=,0.372539, actvprof=,6.849136, id=,S00, PRDE,actvstrat=,0.942834, actvprof=,5.969883, id=,S02, PRDE,actvstrat=,0.821159, actvprof=,2.267708, id=,S05, PRDE,actvstrat=,0.922641, actvprof=,0.073062, id=,S06, PRDE,actvstrat=,0.984393, actvprof=,0.031511, id=,S07, PRDE,actvstrat=,0.767634, actvprof=,0.000279, best_B_id=,B09, best_B_prof=,6.849136, best_B_strat=,0.372539, best_S_id=,S00, best_S_prof=,5.969883, best_S_strat=,0.942834, 
t=,2779200, id=,B02, PRDE,actvstrat=,-0.921562, actvprof=,0.012942, id=,B03, PRDE,actvstrat=,0.728349, actvprof=,0.042861, id=,B05, PRDE,actvstrat=,0.408398, actvprof=,0.812831, id=,B06, PRDE,actvstrat=,0.302185, actvprof=,1.981909, id=,B09, PRDE,actvstrat=,0.372539, actvprof=,6.876287, id=,S00, PRDE,actvstrat=,0.942834, actvprof=,5.952547, id=,S02, PRDE,actvstrat=,0.821159, actvprof=,2.231561, id=,S05, PRDE,actvstrat=,0.922641, actvprof=,0.072920, id=,S06, PRDE,actvstrat=,0.984393, actvprof=,0.034651, id=,S07, PRDE,actvstrat=,0.767634, actvprof=,0.000139, best_B_id=,B09, best_B_prof=,6.876287, best_B_strat=,0.372539, best_S_id=,S00, best_S_prof=,5.952547, best_S_strat=,0.942834, 
t=,2782800, id=,B02, PRDE,actvstrat=,-0.921562, actvprof=,0.010597, id=,B03, PRDE,actvstrat=,0.728349, actvprof=,0.037368, id=,B05, PRDE,actvstrat=,0.408398, actvprof=,0.742889, id=,B06, PRDE,actvstrat=,0.302185, actvprof=,1.907975, id=,B09, PRDE,actvstrat=,0.372539, actvprof=,6.884830, id=,S00, PRDE,actvstrat=,0.776691, actvprof=,5.022588, id=,S02, PRDE,actvstrat=,0.821159, actvprof=,2.301450, id=,S05, PRDE,actvstrat=,0.922641, actvprof=,0.117122, id=,S06, PRDE,actvstrat=,-0.973159, actvprof=,0.030117, id=,S07, PRDE,actvstrat=,0.767634, actvprof=,0.001673, best_B_id=,B09, best_B_prof=,6.884830, best_B_strat=,0.372539, best_S_id=,S00, best_S_prof=,5.022588, best_S_strat=,0.776691, 
t=,2786400, id=,B02, PRDE,actvstrat=,-0.921562, actvprof=,0.008628, id=,B03, PRDE,actvstrat=,0.728349, actvprof=,0.034233, id=,B05, PRDE,actvstrat=,0.408398, actvprof=,0.702616, id=,B06, PRDE,actvstrat=,0.302185, actvprof=,1.846507, id=,B09, PRDE,actvstrat=,0.372539, actvprof=,6.788060, id=,S00, PRDE,actvstrat=,0.776691, actvprof=,4.996939, id=,S02, PRDE,actvstrat=,0.821159, actvprof=,2.323824, id=,S05, PRDE,actvstrat=,0.922641, actvprof=,0.107988, id=,S06, PRDE,actvstrat=,-0.973159, actvprof=,0.030337, id=,S07, PRDE,actvstrat=,0.767634, actvprof=,0.001252, best_B_id=,B09, best_B_prof=,6.788060, best_B_strat=,0.372539, best_S_id=,S00, best_S_prof=,4.996939, best_S_strat=,0.776691, 
t=,2790000, id=,B02, PRDE,actvstrat=,-0.921562, actvprof=,0.012549, id=,B03, PRDE,actvstrat=,0.728349, actvprof=,0.036811, id=,B05, PRDE,actvstrat=,0.408398, actvprof=,0.679606, id=,B06, PRDE,actvstrat=,0.467773, actvprof=,2.119970, id=,B09, PRDE,actvstrat=,0.372539, actvprof=,6.885301, id=,S00, PRDE,actvstrat=,0.942834, actvprof=,6.154940, id=,S02, PRDE,actvstrat=,0.821159, actvprof=,2.306534, id=,S05, PRDE,actvstrat=,0.922641, actvprof=,0.073343, id=,S06, PRDE,actvstrat=,0.984393, actvprof=,0.040436, id=,S07, PRDE,actvstrat=,0.767634, actvprof=,0.000000, best_B_id=,B09, best_B_prof=,6.885301, best_B_strat=,0.372539, best_S_id=,S00, best_S_prof=,6.154940, best_S_strat=,0.942834, 
t=,2793600, id=,B02, PRDE,actvstrat=,-0.921562, actvprof=,0.013638, id=,B03, PRDE,actvstrat=,0.728349, actvprof=,0.040635, id=,B05, PRDE,actvstrat=,0.408398, actvprof=,0.701234, id=,B06, PRDE,actvstrat=,0.467773, actvprof=,2.166604, id=,B09, PRDE,actvstrat=,0.372539, actvprof=,6.782032, id=,S00, PRDE,actvstrat=,0.942834, actvprof=,6.075370, id=,S02, PRDE,actvstrat=,0.821159, actvprof=,2.185808, id=,S05, PRDE,actvstrat=,0.922641, actvprof=,0.069998, id=,S06, PRDE,actvstrat=,0.984393, actvprof=,0.034512, id=,S07, PRDE,actvstrat=,0.767634, actvprof=,0.000000, best_B_id=,B09, best_B_prof=,6.782032, best_B_strat=,0.372539, best_S_id=,S00, best_S_prof=,6.075370, best_S_strat=,0.942834, 
t=,2797200, id=,B02, PRDE,actvstrat=,-0.767618, actvprof=,0.000000, id=,B03, PRDE,actvstrat=,0.728349, actvprof=,0.069721, id=,B05, PRDE,actvstrat=,0.408398, actvprof=,0.968291, id=,B06, PRDE,actvstrat=,0.302185, actvprof=,1.995147, id=,B09, PRDE,actvstrat=,-0.247459, actvprof=,5.716597, id=,S00, PRDE,actvstrat=,0.942834, actvprof=,5.782692, id=,S02, PRDE,actvstrat=,0.821159, actvprof=,2.121761, id=,S05, PRDE,actvstrat=,-0.116316, actvprof=,0.002510, id=,S06, PRDE,actvstrat=,0.984393, actvprof=,0.025657, id=,S07, PRDE,actvstrat=,0.767634, actvprof=,0.000000, best_B_id=,B09, best_B_prof=,5.716597, best_B_strat=,-0.247459, best_S_id=,S00, best_S_prof=,5.782692, best_S_strat=,0.942834, 
t=,2800800, id=,B02, PRDE,actvstrat=,-0.767618, actvprof=,0.000557, id=,B03, PRDE,actvstrat=,0.728349, actvprof=,0.060119, id=,B05, PRDE,actvstrat=,0.408398, actvprof=,0.928511, id=,B06, PRDE,actvstrat=,0.302185, actvprof=,2.071475, id=,B09, PRDE,actvstrat=,-0.247459, actvprof=,5.656373, id=,S00, PRDE,actvstrat=,0.942834, actvprof=,5.822815, id=,S02, PRDE,actvstrat=,0.821159, actvprof=,2.118652, id=,S05, PRDE,actvstrat=,-0.116316, actvprof=,0.004036, id=,S06, PRDE,actvstrat=,0.984393, actvprof=,0.023797, id=,S07, PRDE,actvstrat=,0.767634, actvprof=,0.000000, best_B_id=,B09, best_B_prof=,5.656373, best_B_strat=,-0.247459, best_S_id=,S00, best_S_prof=,5.822815, best_S_strat=,0.942834, 
t=,2804400, id=,B02, PRDE,actvstrat=,-0.921562, actvprof=,0.012829, id=,B03, PRDE,actvstrat=,0.728349, actvprof=,0.035977, id=,B05, PRDE,actvstrat=,0.408398, actvprof=,0.662084, id=,B06, PRDE,actvstrat=,0.467773, actvprof=,2.088603, id=,B09, PRDE,actvstrat=,0.372539, actvprof=,6.806576, id=,S00, PRDE,actvstrat=,0.942834, actvprof=,5.980227, id=,S02, PRDE,actvstrat=,0.821159, actvprof=,2.175338, id=,S05, PRDE,actvstrat=,0.922641, actvprof=,0.058567, id=,S06, PRDE,actvstrat=,0.984393, actvprof=,0.022869, id=,S07, PRDE,actvstrat=,0.767634, actvprof=,0.000000, best_B_id=,B09, best_B_prof=,6.806576, best_B_strat=,0.372539, best_S_id=,S00, best_S_prof=,5.980227, best_S_strat=,0.942834, 
t=,2808000, id=,B02, PRDE,actvstrat=,-0.921562, actvprof=,0.011968, id=,B03, PRDE,actvstrat=,0.728349, actvprof=,0.047873, id=,B05, PRDE,actvstrat=,0.408398, actvprof=,0.729510, id=,B06, PRDE,actvstrat=,0.467773, actvprof=,2.101271, id=,B09, PRDE,actvstrat=,0.372539, actvprof=,6.895270, id=,S00, PRDE,actvstrat=,0.942834, actvprof=,6.045382, id=,S02, PRDE,actvstrat=,0.821159, actvprof=,2.242247, id=,S05, PRDE,actvstrat=,0.922641, actvprof=,0.059285, id=,S06, PRDE,actvstrat=,0.984393, actvprof=,0.030338, id=,S07, PRDE,actvstrat=,0.767634, actvprof=,0.000696, best_B_id=,B09, best_B_prof=,6.895270, best_B_strat=,0.372539, best_S_id=,S00, best_S_prof=,6.045382, best_S_strat=,0.942834, 
t=,2811600, id=,B02, PRDE,actvstrat=,-0.921562, actvprof=,0.011993, id=,B03, PRDE,actvstrat=,0.728349, actvprof=,0.023707, id=,B05, PRDE,actvstrat=,0.408398, actvprof=,0.658216, id=,B06, PRDE,actvstrat=,0.467773, actvprof=,2.042979, id=,B09, PRDE,actvstrat=,0.372539, actvprof=,6.537255, id=,S00, PRDE,actvstrat=,0.776691, actvprof=,5.207715, id=,S02, PRDE,actvstrat=,0.821159, actvprof=,2.350612, id=,S05, PRDE,actvstrat=,0.922641, actvprof=,0.075862, id=,S06, PRDE,actvstrat=,0.984393, actvprof=,0.032074, id=,S07, PRDE,actvstrat=,0.767634, actvprof=,0.000000, best_B_id=,B09, best_B_prof=,6.537255, best_B_strat=,0.372539, best_S_id=,S00, best_S_prof=,5.207715, best_S_strat=,0.776691, 
t=,2815200, id=,B02, PRDE,actvstrat=,-0.921562, actvprof=,0.008350, id=,B03, PRDE,actvstrat=,0.728349, actvprof=,0.019901, id=,B05, PRDE,actvstrat=,0.408398, actvprof=,0.650755, id=,B06, PRDE,actvstrat=,0.467773, actvprof=,2.046343, id=,B09, PRDE,actvstrat=,0.372539, actvprof=,6.567949, id=,S00, PRDE,actvstrat=,0.776691, actvprof=,5.109178, id=,S02, PRDE,actvstrat=,0.821159, actvprof=,2.374087, id=,S05, PRDE,actvstrat=,0.922641, actvprof=,0.077378, id=,S06, PRDE,actvstrat=,0.984393, actvprof=,0.036741, id=,S07, PRDE,actvstrat=,0.767634, actvprof=,0.000139, best_B_id=,B09, best_B_prof=,6.567949, best_B_strat=,0.372539, best_S_id=,S00, best_S_prof=,5.109178, best_S_strat=,0.776691, 
t=,2818800, id=,B02, PRDE,actvstrat=,-0.921562, actvprof=,0.007531, id=,B03, PRDE,actvstrat=,0.728349, actvprof=,0.035421, id=,B05, PRDE,actvstrat=,0.408398, actvprof=,0.650973, id=,B06, PRDE,actvstrat=,0.467773, actvprof=,1.980811, id=,B09, PRDE,actvstrat=,0.372539, actvprof=,6.580856, id=,S00, PRDE,actvstrat=,0.776691, actvprof=,4.925252, id=,S02, PRDE,actvstrat=,0.821159, actvprof=,2.340604, id=,S05, PRDE,actvstrat=,0.922641, actvprof=,0.121325, id=,S06, PRDE,actvstrat=,-0.973159, actvprof=,0.041557, id=,S07, PRDE,actvstrat=,0.767634, actvprof=,0.001952, best_B_id=,B09, best_B_prof=,6.580856, best_B_strat=,0.372539, best_S_id=,S00, best_S_prof=,4.925252, best_S_strat=,0.776691, 
t=,2822400, id=,B02, PRDE,actvstrat=,-0.921562, actvprof=,0.008768, id=,B03, PRDE,actvstrat=,0.728349, actvprof=,0.033123, id=,B05, PRDE,actvstrat=,0.408398, actvprof=,0.703232, id=,B06, PRDE,actvstrat=,0.467773, actvprof=,2.011857, id=,B09, PRDE,actvstrat=,0.372539, actvprof=,6.530186, id=,S00, PRDE,actvstrat=,0.776691, actvprof=,4.968408, id=,S02, PRDE,actvstrat=,0.821159, actvprof=,2.399031, id=,S05, PRDE,actvstrat=,0.922641, actvprof=,0.133326, id=,S06, PRDE,actvstrat=,-0.973159, actvprof=,0.036045, id=,S07, PRDE,actvstrat=,0.767634, actvprof=,0.000974, best_B_id=,B09, best_B_prof=,6.530186, best_B_strat=,0.372539, best_S_id=,S00, best_S_prof=,4.968408, best_S_strat=,0.776691, 
t=,2826000, id=,B02, PRDE,actvstrat=,-0.921562, actvprof=,0.016735, id=,B03, PRDE,actvstrat=,0.728349, actvprof=,0.027891, id=,B05, PRDE,actvstrat=,0.408398, actvprof=,0.721826, id=,B06, PRDE,actvstrat=,0.467773, actvprof=,2.080968, id=,B09, PRDE,actvstrat=,0.372539, actvprof=,6.334667, id=,S00, PRDE,actvstrat=,0.942834, actvprof=,6.155605, id=,S02, PRDE,actvstrat=,0.821159, actvprof=,2.370201, id=,S05, PRDE,actvstrat=,0.922641, actvprof=,0.152007, id=,S06, PRDE,actvstrat=,-0.973159, actvprof=,0.031796, id=,S07, PRDE,actvstrat=,0.767634, actvprof=,0.004742, best_B_id=,B09, best_B_prof=,6.334667, best_B_strat=,0.372539, best_S_id=,S00, best_S_prof=,6.155605, best_S_strat=,0.942834, 
t=,2829600, id=,B02, PRDE,actvstrat=,-0.921562, actvprof=,0.016840, id=,B03, PRDE,actvstrat=,0.728349, actvprof=,0.040221, id=,B05, PRDE,actvstrat=,0.408398, actvprof=,0.708247, id=,B06, PRDE,actvstrat=,0.467773, actvprof=,2.135735, id=,B09, PRDE,actvstrat=,0.372539, actvprof=,6.501145, id=,S00, PRDE,actvstrat=,0.942834, actvprof=,6.099772, id=,S02, PRDE,actvstrat=,0.821159, actvprof=,2.356879, id=,S05, PRDE,actvstrat=,0.922641, actvprof=,0.139729, id=,S06, PRDE,actvstrat=,-0.973159, actvprof=,0.028252, id=,S07, PRDE,actvstrat=,0.767634, actvprof=,0.006541, best_B_id=,B09, best_B_prof=,6.501145, best_B_strat=,0.372539, best_S_id=,S00, best_S_prof=,6.099772, best_S_strat=,0.942834, 
t=,2833200, id=,B02, PRDE,actvstrat=,-0.921562, actvprof=,0.021755, id=,B03, PRDE,actvstrat=,0.728349, actvprof=,0.035701, id=,B05, PRDE,actvstrat=,0.408398, actvprof=,0.678874, id=,B06, PRDE,actvstrat=,0.467773, actvprof=,1.926172, id=,B09, PRDE,actvstrat=,0.372539, actvprof=,6.455158, id=,S00, PRDE,actvstrat=,0.942834, actvprof=,6.122694, id=,S02, PRDE,actvstrat=,0.821159, actvprof=,2.308003, id=,S05, PRDE,actvstrat=,0.922641, actvprof=,0.111844, id=,S06, PRDE,actvstrat=,-0.973159, actvprof=,0.023987, id=,S07, PRDE,actvstrat=,0.767634, actvprof=,0.003626, best_B_id=,B09, best_B_prof=,6.455158, best_B_strat=,0.372539, best_S_id=,S00, best_S_prof=,6.122694, best_S_strat=,0.942834, 
t=,2836800, id=,B02, PRDE,actvstrat=,-0.921562, actvprof=,0.021572, id=,B03, PRDE,actvstrat=,0.728349, actvprof=,0.044396, id=,B05, PRDE,actvstrat=,0.408398, actvprof=,0.718133, id=,B06, PRDE,actvstrat=,0.467773, actvprof=,2.013695, id=,B09, PRDE,actvstrat=,0.372539, actvprof=,6.632013, id=,S00, PRDE,actvstrat=,0.942834, actvprof=,6.005873, id=,S02, PRDE,actvstrat=,0.821159, actvprof=,2.296216, id=,S05, PRDE,actvstrat=,0.922641, actvprof=,0.108416, id=,S06, PRDE,actvstrat=,-0.973159, actvprof=,0.021711, id=,S07, PRDE,actvstrat=,0.767634, actvprof=,0.002783, best_B_id=,B09, best_B_prof=,6.632013, best_B_strat=,0.372539, best_S_id=,S00, best_S_prof=,6.005873, best_S_strat=,0.942834, 
t=,2840400, id=,B02, PRDE,actvstrat=,-0.921562, actvprof=,0.024266, id=,B03, PRDE,actvstrat=,0.728349, actvprof=,0.035980, id=,B05, PRDE,actvstrat=,0.408398, actvprof=,0.780688, id=,B06, PRDE,actvstrat=,0.302185, actvprof=,2.037207, id=,B09, PRDE,actvstrat=,0.372539, actvprof=,6.864698, id=,S00, PRDE,actvstrat=,0.942834, actvprof=,5.845257, id=,S02, PRDE,actvstrat=,0.821159, actvprof=,2.135944, id=,S05, PRDE,actvstrat=,0.922641, actvprof=,0.044627, id=,S06, PRDE,actvstrat=,0.984393, actvprof=,0.024824, id=,S07, PRDE,actvstrat=,0.767634, actvprof=,0.000000, best_B_id=,B09, best_B_prof=,6.864698, best_B_strat=,0.372539, best_S_id=,S00, best_S_prof=,5.845257, best_S_strat=,0.942834, 
t=,2844000, id=,B02, PRDE,actvstrat=,-0.921562, actvprof=,0.023938, id=,B03, PRDE,actvstrat=,0.728349, actvprof=,0.037995, id=,B05, PRDE,actvstrat=,0.408398, actvprof=,0.766849, id=,B06, PRDE,actvstrat=,0.302185, actvprof=,2.022894, id=,B09, PRDE,actvstrat=,0.372539, actvprof=,6.842212, id=,S00, PRDE,actvstrat=,0.942834, actvprof=,5.903622, id=,S02, PRDE,actvstrat=,0.821159, actvprof=,2.123795, id=,S05, PRDE,actvstrat=,0.922641, actvprof=,0.050381, id=,S06, PRDE,actvstrat=,0.984393, actvprof=,0.027417, id=,S07, PRDE,actvstrat=,0.767634, actvprof=,0.000696, best_B_id=,B09, best_B_prof=,6.842212, best_B_strat=,0.372539, best_S_id=,S00, best_S_prof=,5.903622, best_S_strat=,0.942834, 
t=,2847600, id=,B02, PRDE,actvstrat=,-0.921562, actvprof=,0.010041, id=,B03, PRDE,actvstrat=,0.728349, actvprof=,0.040723, id=,B05, PRDE,actvstrat=,0.251398, actvprof=,0.751701, id=,B06, PRDE,actvstrat=,0.467773, actvprof=,2.204061, id=,B09, PRDE,actvstrat=,0.372539, actvprof=,6.934899, id=,S00, PRDE,actvstrat=,0.942834, actvprof=,5.909573, id=,S02, PRDE,actvstrat=,0.821159, actvprof=,2.071851, id=,S05, PRDE,actvstrat=,0.922641, actvprof=,0.102644, id=,S06, PRDE,actvstrat=,-0.973159, actvprof=,0.013946, id=,S07, PRDE,actvstrat=,0.472759, actvprof=,0.000000, best_B_id=,B09, best_B_prof=,6.934899, best_B_strat=,0.372539, best_S_id=,S00, best_S_prof=,5.909573, best_S_strat=,0.942834, 
t=,2851200, id=,B02, PRDE,actvstrat=,-0.921562, actvprof=,0.013221, id=,B03, PRDE,actvstrat=,0.728349, actvprof=,0.043561, id=,B05, PRDE,actvstrat=,0.251398, actvprof=,0.732607, id=,B06, PRDE,actvstrat=,0.467773, actvprof=,2.167202, id=,B09, PRDE,actvstrat=,0.372539, actvprof=,6.860256, id=,S00, PRDE,actvstrat=,0.942834, actvprof=,5.963147, id=,S02, PRDE,actvstrat=,0.821159, actvprof=,2.130739, id=,S05, PRDE,actvstrat=,0.922641, actvprof=,0.116349, id=,S06, PRDE,actvstrat=,-0.973159, actvprof=,0.026443, id=,S07, PRDE,actvstrat=,0.472759, actvprof=,0.000000, best_B_id=,B09, best_B_prof=,6.860256, best_B_strat=,0.372539, best_S_id=,S00, best_S_prof=,5.963147, best_S_strat=,0.942834, 
t=,2854800, id=,B02, PRDE,actvstrat=,-0.921562, actvprof=,0.000000, id=,B03, PRDE,actvstrat=,0.728349, actvprof=,0.030682, id=,B05, PRDE,actvstrat=,0.408398, actvprof=,0.661339, id=,B06, PRDE,actvstrat=,0.467773, actvprof=,2.061838, id=,B09, PRDE,actvstrat=,0.372539, actvprof=,6.404195, id=,S00, PRDE,actvstrat=,0.776691, actvprof=,5.012064, id=,S02, PRDE,actvstrat=,0.821159, actvprof=,2.461264, id=,S05, PRDE,actvstrat=,0.922641, actvprof=,0.113524, id=,S06, PRDE,actvstrat=,-0.973159, actvprof=,0.018688, id=,S07, PRDE,actvstrat=,0.767634, actvprof=,0.001674, best_B_id=,B09, best_B_prof=,6.404195, best_B_strat=,0.372539, best_S_id=,S00, best_S_prof=,5.012064, best_S_strat=,0.776691, 
t=,2858400, id=,B02, PRDE,actvstrat=,-0.921562, actvprof=,0.002505, id=,B03, PRDE,actvstrat=,0.728349, actvprof=,0.028531, id=,B05, PRDE,actvstrat=,0.408398, actvprof=,0.664143, id=,B06, PRDE,actvstrat=,0.467773, actvprof=,2.041418, id=,B09, PRDE,actvstrat=,0.372539, actvprof=,6.395090, id=,S00, PRDE,actvstrat=,0.776691, actvprof=,5.093247, id=,S02, PRDE,actvstrat=,0.821159, actvprof=,2.497773, id=,S05, PRDE,actvstrat=,0.922641, actvprof=,0.116072, id=,S06, PRDE,actvstrat=,-0.973159, actvprof=,0.032149, id=,S07, PRDE,actvstrat=,0.767634, actvprof=,0.000835, best_B_id=,B09, best_B_prof=,6.395090, best_B_strat=,0.372539, best_S_id=,S00, best_S_prof=,5.093247, best_S_strat=,0.776691, 
t=,2862000, id=,B02, PRDE,actvstrat=,-0.921562, actvprof=,0.013110, id=,B03, PRDE,actvstrat=,0.728349, actvprof=,0.058018, id=,B05, PRDE,actvstrat=,0.408398, actvprof=,0.706814, id=,B06, PRDE,actvstrat=,0.467773, actvprof=,1.984045, id=,B09, PRDE,actvstrat=,-0.078231, actvprof=,5.498312, id=,S00, PRDE,actvstrat=,0.942834, actvprof=,6.071239, id=,S02, PRDE,actvstrat=,0.821159, actvprof=,2.256283, id=,S05, PRDE,actvstrat=,0.465051, actvprof=,0.023709, id=,S06, PRDE,actvstrat=,-0.973159, actvprof=,0.013668, id=,S07, PRDE,actvstrat=,0.767634, actvprof=,0.002510, best_B_id=,B09, best_B_prof=,5.498312, best_B_strat=,-0.078231, best_S_id=,S00, best_S_prof=,6.071239, best_S_strat=,0.942834, 
t=,2865600, id=,B02, PRDE,actvstrat=,-0.921562, actvprof=,0.012387, id=,B03, PRDE,actvstrat=,0.728349, actvprof=,0.062213, id=,B05, PRDE,actvstrat=,0.408398, actvprof=,0.764782, id=,B06, PRDE,actvstrat=,0.467773, actvprof=,2.043270, id=,B09, PRDE,actvstrat=,-0.078231, actvprof=,5.596760, id=,S00, PRDE,actvstrat=,0.942834, actvprof=,5.932179, id=,S02, PRDE,actvstrat=,0.821159, actvprof=,2.226289, id=,S05, PRDE,actvstrat=,0.465051, actvprof=,0.029506, id=,S06, PRDE,actvstrat=,-0.973159, actvprof=,0.019346, id=,S07, PRDE,actvstrat=,0.767634, actvprof=,0.002644, best_B_id=,B09, best_B_prof=,5.596760, best_B_strat=,-0.078231, best_S_id=,S00, best_S_prof=,5.932179, best_S_strat=,0.942834, 
t=,2869200, id=,B02, PRDE,actvstrat=,-0.921562, actvprof=,0.010042, id=,B03, PRDE,actvstrat=,0.728349, actvprof=,0.030126, id=,B05, PRDE,actvstrat=,0.251398, actvprof=,0.444916, id=,B06, PRDE,actvstrat=,0.467773, actvprof=,1.617317, id=,B09, PRDE,actvstrat=,0.372539, actvprof=,5.808170, id=,S00, PRDE,actvstrat=,0.942834, actvprof=,6.560203, id=,S02, PRDE,actvstrat=,0.434575, actvprof=,1.430703, id=,S05, PRDE,actvstrat=,0.465051, actvprof=,0.029289, id=,S06, PRDE,actvstrat=,-0.973159, actvprof=,0.036263, id=,S07, PRDE,actvstrat=,0.767634, actvprof=,0.004184, best_B_id=,B09, best_B_prof=,5.808170, best_B_strat=,0.372539, best_S_id=,S00, best_S_prof=,6.560203, best_S_strat=,0.942834, 
t=,2872800, id=,B02, PRDE,actvstrat=,-0.921562, actvprof=,0.008908, id=,B03, PRDE,actvstrat=,0.728349, actvprof=,0.031872, id=,B05, PRDE,actvstrat=,0.251398, actvprof=,0.408214, id=,B06, PRDE,actvstrat=,0.467773, actvprof=,1.626873, id=,B09, PRDE,actvstrat=,0.372539, actvprof=,5.925720, id=,S00, PRDE,actvstrat=,0.942834, actvprof=,6.542982, id=,S02, PRDE,actvstrat=,0.434575, actvprof=,1.396809, id=,S05, PRDE,actvstrat=,0.465051, actvprof=,0.040780, id=,S06, PRDE,actvstrat=,-0.973159, actvprof=,0.047182, id=,S07, PRDE,actvstrat=,0.767634, actvprof=,0.006124, best_B_id=,B09, best_B_prof=,5.925720, best_B_strat=,0.372539, best_S_id=,S00, best_S_prof=,6.542982, best_S_strat=,0.942834, 
t=,2876400, id=,B02, PRDE,actvstrat=,-0.921562, actvprof=,0.009763, id=,B03, PRDE,actvstrat=,0.728349, actvprof=,0.050211, id=,B05, PRDE,actvstrat=,0.408398, actvprof=,0.764596, id=,B06, PRDE,actvstrat=,0.467773, actvprof=,2.046640, id=,B09, PRDE,actvstrat=,0.372539, actvprof=,6.539095, id=,S00, PRDE,actvstrat=,0.942834, actvprof=,6.038662, id=,S02, PRDE,actvstrat=,0.821159, actvprof=,2.207593, id=,S05, PRDE,actvstrat=,0.922641, actvprof=,0.102932, id=,S06, PRDE,actvstrat=,-0.973159, actvprof=,0.033474, id=,S07, PRDE,actvstrat=,0.767634, actvprof=,0.000279, best_B_id=,B09, best_B_prof=,6.539095, best_B_strat=,0.372539, best_S_id=,S00, best_S_prof=,6.038662, best_S_strat=,0.942834, 
t=,2880000, id=,B02, PRDE,actvstrat=,-0.921562, actvprof=,0.014475, id=,B03, PRDE,actvstrat=,0.728349, actvprof=,0.051218, id=,B05, PRDE,actvstrat=,0.408398, actvprof=,0.746700, id=,B06, PRDE,actvstrat=,0.467773, actvprof=,2.028128, id=,B09, PRDE,actvstrat=,0.372539, actvprof=,6.578195, id=,S00, PRDE,actvstrat=,0.942834, actvprof=,6.065874, id=,S02, PRDE,actvstrat=,0.821159, actvprof=,2.308158, id=,S05, PRDE,actvstrat=,0.922641, actvprof=,0.106612, id=,S06, PRDE,actvstrat=,-0.973159, actvprof=,0.030759, id=,S07, PRDE,actvstrat=,0.767634, actvprof=,0.000278, best_B_id=,B09, best_B_prof=,6.578195, best_B_strat=,0.372539, best_S_id=,S00, best_S_prof=,6.065874, best_S_strat=,0.942834, 
t=,2883600, id=,B02, PRDE,actvstrat=,0.794143, actvprof=,0.017016, id=,B03, PRDE,actvstrat=,0.728349, actvprof=,0.063600, id=,B05, PRDE,actvstrat=,0.408398, actvprof=,0.821501, id=,B06, PRDE,actvstrat=,0.467773, actvprof=,2.177467, id=,B09, PRDE,actvstrat=,-0.078231, actvprof=,5.726520, id=,S00, PRDE,actvstrat=,0.942834, actvprof=,5.896957, id=,S02, PRDE,actvstrat=,0.821159, actvprof=,2.243856, id=,S05, PRDE,actvstrat=,0.922641, actvprof=,0.088984, id=,S06, PRDE,actvstrat=,-0.973159, actvprof=,0.022037, id=,S07, PRDE,actvstrat=,0.767634, actvprof=,0.000000, best_B_id=,B09, best_B_prof=,5.726520, best_B_strat=,-0.078231, best_S_id=,S00, best_S_prof=,5.896957, best_S_strat=,0.942834, 
t=,2887200, id=,B02, PRDE,actvstrat=,0.794143, actvprof=,0.014057, id=,B03, PRDE,actvstrat=,0.728349, actvprof=,0.049130, id=,B05, PRDE,actvstrat=,0.408398, actvprof=,0.786644, id=,B06, PRDE,actvstrat=,0.467773, actvprof=,2.189994, id=,B09, PRDE,actvstrat=,-0.078231, actvprof=,5.648195, id=,S00, PRDE,actvstrat=,0.942834, actvprof=,5.908601, id=,S02, PRDE,actvstrat=,0.821159, actvprof=,2.255687, id=,S05, PRDE,actvstrat=,0.922641, actvprof=,0.109117, id=,S06, PRDE,actvstrat=,-0.973159, actvprof=,0.015171, id=,S07, PRDE,actvstrat=,0.767634, actvprof=,0.000696, best_B_id=,B09, best_B_prof=,5.648195, best_B_strat=,-0.078231, best_S_id=,S00, best_S_prof=,5.908601, best_S_strat=,0.942834, 
t=,2890800, id=,B02, PRDE,actvstrat=,-0.921562, actvprof=,0.013390, id=,B03, PRDE,actvstrat=,0.728349, actvprof=,0.048538, id=,B05, PRDE,actvstrat=,0.408398, actvprof=,0.702689, id=,B06, PRDE,actvstrat=,0.467773, actvprof=,1.985606, id=,B09, PRDE,actvstrat=,0.372539, actvprof=,6.557688, id=,S00, PRDE,actvstrat=,0.942834, actvprof=,6.129491, id=,S02, PRDE,actvstrat=,0.821159, actvprof=,2.307242, id=,S05, PRDE,actvstrat=,0.922641, actvprof=,0.138920, id=,S06, PRDE,actvstrat=,-0.973159, actvprof=,0.022037, id=,S07, PRDE,actvstrat=,0.767634, actvprof=,0.000000, best_B_id=,B09, best_B_prof=,6.557688, best_B_strat=,0.372539, best_S_id=,S00, best_S_prof=,6.129491, best_S_strat=,0.942834, 
t=,2894400, id=,B02, PRDE,actvstrat=,-0.921562, actvprof=,0.014475, id=,B03, PRDE,actvstrat=,0.728349, actvprof=,0.043007, id=,B05, PRDE,actvstrat=,0.408398, actvprof=,0.737529, id=,B06, PRDE,actvstrat=,0.467773, actvprof=,2.005484, id=,B09, PRDE,actvstrat=,0.372539, actvprof=,6.683276, id=,S00, PRDE,actvstrat=,0.942834, actvprof=,6.063774, id=,S02, PRDE,actvstrat=,0.821159, actvprof=,2.327413, id=,S05, PRDE,actvstrat=,0.922641, actvprof=,0.125125, id=,S06, PRDE,actvstrat=,-0.973159, actvprof=,0.031455, id=,S07, PRDE,actvstrat=,0.767634, actvprof=,0.001113, best_B_id=,B09, best_B_prof=,6.683276, best_B_strat=,0.372539, best_S_id=,S00, best_S_prof=,6.063774, best_S_strat=,0.942834, 
t=,2898000, id=,B02, PRDE,actvstrat=,-0.921562, actvprof=,0.006416, id=,B03, PRDE,actvstrat=,0.728349, actvprof=,0.032917, id=,B05, PRDE,actvstrat=,0.408398, actvprof=,0.868959, id=,B06, PRDE,actvstrat=,0.302185, actvprof=,2.086896, id=,B09, PRDE,actvstrat=,0.372539, actvprof=,6.804101, id=,S00, PRDE,actvstrat=,0.942834, actvprof=,5.841691, id=,S02, PRDE,actvstrat=,0.821159, actvprof=,2.136272, id=,S05, PRDE,actvstrat=,0.922641, actvprof=,0.033196, id=,S06, PRDE,actvstrat=,0.984393, actvprof=,0.050771, id=,S07, PRDE,actvstrat=,0.767634, actvprof=,0.000000, best_B_id=,B09, best_B_prof=,6.804101, best_B_strat=,0.372539, best_S_id=,S00, best_S_prof=,5.841691, best_S_strat=,0.942834, 
t=,2901600, id=,B02, PRDE,actvstrat=,-0.921562, actvprof=,0.008212, id=,B03, PRDE,actvstrat=,0.728349, actvprof=,0.046765, id=,B05, PRDE,actvstrat=,0.408398, actvprof=,0.837741, id=,B06, PRDE,actvstrat=,0.302185, actvprof=,2.010216, id=,B09, PRDE,actvstrat=,0.372539, actvprof=,6.921000, id=,S00, PRDE,actvstrat=,0.942834, actvprof=,5.829529, id=,S02, PRDE,actvstrat=,0.821159, actvprof=,2.086906, id=,S05, PRDE,actvstrat=,0.922641, actvprof=,0.047044, id=,S06, PRDE,actvstrat=,0.984393, actvprof=,0.041198, id=,S07, PRDE,actvstrat=,0.767634, actvprof=,0.000000, best_B_id=,B09, best_B_prof=,6.921000, best_B_strat=,0.372539, best_S_id=,S00, best_S_prof=,5.829529, best_S_strat=,0.942834, 
t=,2905200, id=,B02, PRDE,actvstrat=,-0.921562, actvprof=,0.010043, id=,B03, PRDE,actvstrat=,0.728349, actvprof=,0.035987, id=,B05, PRDE,actvstrat=,0.408398, actvprof=,0.866484, id=,B06, PRDE,actvstrat=,0.302185, actvprof=,2.161190, id=,B09, PRDE,actvstrat=,0.372539, actvprof=,7.115996, id=,S00, PRDE,actvstrat=,0.942834, actvprof=,5.827986, id=,S02, PRDE,actvstrat=,0.821159, actvprof=,2.150868, id=,S05, PRDE,actvstrat=,0.922641, actvprof=,0.068348, id=,S06, PRDE,actvstrat=,0.984393, actvprof=,0.029571, id=,S07, PRDE,actvstrat=,0.767634, actvprof=,0.001674, best_B_id=,B09, best_B_prof=,7.115996, best_B_strat=,0.372539, best_S_id=,S00, best_S_prof=,5.827986, best_S_strat=,0.942834, 
t=,2908800, id=,B02, PRDE,actvstrat=,-0.921562, actvprof=,0.009882, id=,B03, PRDE,actvstrat=,0.728349, actvprof=,0.041059, id=,B05, PRDE,actvstrat=,0.408398, actvprof=,0.820911, id=,B06, PRDE,actvstrat=,0.302185, actvprof=,2.075382, id=,B09, PRDE,actvstrat=,0.372539, actvprof=,7.034810, id=,S00, PRDE,actvstrat=,0.942834, actvprof=,5.887233, id=,S02, PRDE,actvstrat=,0.821159, actvprof=,2.187148, id=,S05, PRDE,actvstrat=,0.922641, actvprof=,0.075856, id=,S06, PRDE,actvstrat=,0.984393, actvprof=,0.037858, id=,S07, PRDE,actvstrat=,0.767634, actvprof=,0.000835, best_B_id=,B09, best_B_prof=,7.034810, best_B_strat=,0.372539, best_S_id=,S00, best_S_prof=,5.887233, best_S_strat=,0.942834, 
t=,2912400, id=,B02, PRDE,actvstrat=,-0.921562, actvprof=,0.011159, id=,B03, PRDE,actvstrat=,0.728349, actvprof=,0.034035, id=,B05, PRDE,actvstrat=,0.408398, actvprof=,0.519173, id=,B06, PRDE,actvstrat=,0.467773, actvprof=,1.761169, id=,B09, PRDE,actvstrat=,0.372539, actvprof=,6.515741, id=,S00, PRDE,actvstrat=,0.942834, actvprof=,6.368442, id=,S02, PRDE,actvstrat=,0.412190, actvprof=,1.247018, id=,S05, PRDE,actvstrat=,0.922641, actvprof=,0.121354, id=,S06, PRDE,actvstrat=,-0.973159, actvprof=,0.013670, id=,S07, PRDE,actvstrat=,0.767634, actvprof=,0.006695, best_B_id=,B09, best_B_prof=,6.515741, best_B_strat=,0.372539, best_S_id=,S00, best_S_prof=,6.368442, best_S_strat=,0.942834, 
t=,2916000, id=,B02, PRDE,actvstrat=,-0.921562, actvprof=,0.013640, id=,B03, PRDE,actvstrat=,0.728349, actvprof=,0.035075, id=,B05, PRDE,actvstrat=,0.408398, actvprof=,0.527796, id=,B06, PRDE,actvstrat=,0.467773, actvprof=,1.712830, id=,B09, PRDE,actvstrat=,0.372539, actvprof=,6.447958, id=,S00, PRDE,actvstrat=,0.942834, actvprof=,6.383376, id=,S02, PRDE,actvstrat=,0.412190, actvprof=,1.296523, id=,S05, PRDE,actvstrat=,0.922641, actvprof=,0.140439, id=,S06, PRDE,actvstrat=,-0.973159, actvprof=,0.024079, id=,S07, PRDE,actvstrat=,0.767634, actvprof=,0.005150, best_B_id=,B09, best_B_prof=,6.447958, best_B_strat=,0.372539, best_S_id=,S00, best_S_prof=,6.383376, best_S_strat=,0.942834, 
t=,2919600, id=,B02, PRDE,actvstrat=,-0.921562, actvprof=,0.012275, id=,B03, PRDE,actvstrat=,0.728349, actvprof=,0.063887, id=,B05, PRDE,actvstrat=,0.408398, actvprof=,0.776967, id=,B06, PRDE,actvstrat=,0.467773, actvprof=,2.149842, id=,B09, PRDE,actvstrat=,0.372539, actvprof=,6.917937, id=,S00, PRDE,actvstrat=,0.942834, actvprof=,6.154640, id=,S02, PRDE,actvstrat=,0.821159, actvprof=,2.288775, id=,S05, PRDE,actvstrat=,0.922641, actvprof=,0.056912, id=,S06, PRDE,actvstrat=,0.984393, actvprof=,0.038500, id=,S07, PRDE,actvstrat=,0.767634, actvprof=,0.001395, best_B_id=,B09, best_B_prof=,6.917937, best_B_strat=,0.372539, best_S_id=,S00, best_S_prof=,6.154640, best_S_strat=,0.942834, 
t=,2923200, id=,B02, PRDE,actvstrat=,-0.921562, actvprof=,0.016146, id=,B03, PRDE,actvstrat=,0.728349, actvprof=,0.057346, id=,B05, PRDE,actvstrat=,0.408398, actvprof=,0.788091, id=,B06, PRDE,actvstrat=,0.467773, actvprof=,2.126537, id=,B09, PRDE,actvstrat=,0.372539, actvprof=,6.928714, id=,S00, PRDE,actvstrat=,0.942834, actvprof=,6.035953, id=,S02, PRDE,actvstrat=,0.821159, actvprof=,2.267397, id=,S05, PRDE,actvstrat=,0.922641, actvprof=,0.059991, id=,S06, PRDE,actvstrat=,0.984393, actvprof=,0.039669, id=,S07, PRDE,actvstrat=,0.767634, actvprof=,0.001392, best_B_id=,B09, best_B_prof=,6.928714, best_B_strat=,0.372539, best_S_id=,S00, best_S_prof=,6.035953, best_S_strat=,0.942834, 
t=,2926800, id=,B02, PRDE,actvstrat=,-0.921562, actvprof=,0.018971, id=,B03, PRDE,actvstrat=,-0.639003, actvprof=,0.039058, id=,B05, PRDE,actvstrat=,0.408398, actvprof=,0.821895, id=,B06, PRDE,actvstrat=,0.467773, actvprof=,2.096585, id=,B09, PRDE,actvstrat=,0.372539, actvprof=,6.671409, id=,S00, PRDE,actvstrat=,0.942834, actvprof=,5.934048, id=,S02, PRDE,actvstrat=,0.821159, actvprof=,2.213202, id=,S05, PRDE,actvstrat=,0.922641, actvprof=,0.163765, id=,S06, PRDE,actvstrat=,-0.973159, actvprof=,0.016739, id=,S07, PRDE,actvstrat=,0.767634, actvprof=,0.004743, best_B_id=,B09, best_B_prof=,6.671409, best_B_strat=,0.372539, best_S_id=,S00, best_S_prof=,5.934048, best_S_strat=,0.942834, 
t=,2930400, id=,B02, PRDE,actvstrat=,-0.921562, actvprof=,0.023106, id=,B03, PRDE,actvstrat=,-0.639003, actvprof=,0.031457, id=,B05, PRDE,actvstrat=,0.408398, actvprof=,0.826652, id=,B06, PRDE,actvstrat=,0.467773, actvprof=,2.062246, id=,B09, PRDE,actvstrat=,0.372539, actvprof=,6.641752, id=,S00, PRDE,actvstrat=,0.942834, actvprof=,5.865069, id=,S02, PRDE,actvstrat=,0.821159, actvprof=,2.274233, id=,S05, PRDE,actvstrat=,0.922641, actvprof=,0.178303, id=,S06, PRDE,actvstrat=,-0.973159, actvprof=,0.020879, id=,S07, PRDE,actvstrat=,0.767634, actvprof=,0.004872, best_B_id=,B09, best_B_prof=,6.641752, best_B_strat=,0.372539, best_S_id=,S00, best_S_prof=,5.865069, best_S_strat=,0.942834, 
t=,2934000, id=,B02, PRDE,actvstrat=,-0.921562, actvprof=,0.015065, id=,B03, PRDE,actvstrat=,0.728349, actvprof=,0.054961, id=,B05, PRDE,actvstrat=,0.408398, actvprof=,0.823859, id=,B06, PRDE,actvstrat=,0.467773, actvprof=,2.192866, id=,B09, PRDE,actvstrat=,0.372539, actvprof=,6.713072, id=,S00, PRDE,actvstrat=,0.942834, actvprof=,5.872473, id=,S02, PRDE,actvstrat=,0.821159, actvprof=,2.160782, id=,S05, PRDE,actvstrat=,0.922641, actvprof=,0.063889, id=,S06, PRDE,actvstrat=,0.984393, actvprof=,0.023156, id=,S07, PRDE,actvstrat=,0.767634, actvprof=,0.000000, best_B_id=,B09, best_B_prof=,6.713072, best_B_strat=,0.372539, best_S_id=,S00, best_S_prof=,5.872473, best_S_strat=,0.942834, 
t=,2937600, id=,B02, PRDE,actvstrat=,-0.921562, actvprof=,0.017817, id=,B03, PRDE,actvstrat=,0.728349, actvprof=,0.046908, id=,B05, PRDE,actvstrat=,0.408398, actvprof=,0.791999, id=,B06, PRDE,actvstrat=,0.467773, actvprof=,2.189203, id=,B09, PRDE,actvstrat=,0.372539, actvprof=,6.798388, id=,S00, PRDE,actvstrat=,0.942834, actvprof=,5.909651, id=,S02, PRDE,actvstrat=,0.821159, actvprof=,2.186976, id=,S05, PRDE,actvstrat=,0.922641, actvprof=,0.062636, id=,S06, PRDE,actvstrat=,0.984393, actvprof=,0.038556, id=,S07, PRDE,actvstrat=,0.767634, actvprof=,0.000000, best_B_id=,B09, best_B_prof=,6.798388, best_B_strat=,0.372539, best_S_id=,S00, best_S_prof=,5.909651, best_S_strat=,0.942834, 
t=,2941200, id=,B02, PRDE,actvstrat=,-0.921562, actvprof=,0.017577, id=,B03, PRDE,actvstrat=,0.728349, actvprof=,0.038501, id=,B05, PRDE,actvstrat=,0.408398, actvprof=,0.751332, id=,B06, PRDE,actvstrat=,0.467773, actvprof=,2.107245, id=,B09, PRDE,actvstrat=,0.372539, actvprof=,6.839829, id=,S00, PRDE,actvstrat=,0.942834, actvprof=,6.079011, id=,S02, PRDE,actvstrat=,0.821159, actvprof=,2.147979, id=,S05, PRDE,actvstrat=,0.922641, actvprof=,0.061379, id=,S06, PRDE,actvstrat=,0.984393, actvprof=,0.039059, id=,S07, PRDE,actvstrat=,0.767634, actvprof=,0.000000, best_B_id=,B09, best_B_prof=,6.839829, best_B_strat=,0.372539, best_S_id=,S00, best_S_prof=,6.079011, best_S_strat=,0.942834, 
t=,2944800, id=,B02, PRDE,actvstrat=,-0.921562, actvprof=,0.013780, id=,B03, PRDE,actvstrat=,0.728349, actvprof=,0.058460, id=,B05, PRDE,actvstrat=,0.408398, actvprof=,0.794494, id=,B06, PRDE,actvstrat=,0.467773, actvprof=,2.160639, id=,B09, PRDE,actvstrat=,0.372539, actvprof=,6.851882, id=,S00, PRDE,actvstrat=,0.942834, actvprof=,5.992804, id=,S02, PRDE,actvstrat=,0.821159, actvprof=,2.107747, id=,S05, PRDE,actvstrat=,0.922641, actvprof=,0.068620, id=,S06, PRDE,actvstrat=,0.984393, actvprof=,0.031039, id=,S07, PRDE,actvstrat=,0.767634, actvprof=,0.001392, best_B_id=,B09, best_B_prof=,6.851882, best_B_strat=,0.372539, best_S_id=,S00, best_S_prof=,5.992804, best_S_strat=,0.942834, 
t=,2948400, id=,B02, PRDE,actvstrat=,-0.921562, actvprof=,0.015624, id=,B03, PRDE,actvstrat=,0.728349, actvprof=,0.038223, id=,B05, PRDE,actvstrat=,0.408398, actvprof=,0.684662, id=,B06, PRDE,actvstrat=,0.467773, actvprof=,2.064867, id=,B09, PRDE,actvstrat=,0.372539, actvprof=,6.476111, id=,S00, PRDE,actvstrat=,0.942834, actvprof=,6.140197, id=,S02, PRDE,actvstrat=,0.821159, actvprof=,2.267699, id=,S05, PRDE,actvstrat=,0.922641, actvprof=,0.075330, id=,S06, PRDE,actvstrat=,0.984393, actvprof=,0.045477, id=,S07, PRDE,actvstrat=,0.767634, actvprof=,0.000000, best_B_id=,B09, best_B_prof=,6.476111, best_B_strat=,0.372539, best_S_id=,S00, best_S_prof=,6.140197, best_S_strat=,0.942834, 
t=,2952000, id=,B02, PRDE,actvstrat=,-0.921562, actvprof=,0.014337, id=,B03, PRDE,actvstrat=,0.728349, actvprof=,0.037582, id=,B05, PRDE,actvstrat=,0.408398, actvprof=,0.679820, id=,B06, PRDE,actvstrat=,0.467773, actvprof=,2.097644, id=,B09, PRDE,actvstrat=,0.372539, actvprof=,6.553085, id=,S00, PRDE,actvstrat=,0.942834, actvprof=,6.167380, id=,S02, PRDE,actvstrat=,0.821159, actvprof=,2.289174, id=,S05, PRDE,actvstrat=,0.922641, actvprof=,0.072937, id=,S06, PRDE,actvstrat=,0.984393, actvprof=,0.039670, id=,S07, PRDE,actvstrat=,0.767634, actvprof=,0.000000, best_B_id=,B09, best_B_prof=,6.553085, best_B_strat=,0.372539, best_S_id=,S00, best_S_prof=,6.167380, best_S_strat=,0.942834, 
t=,2955600, id=,B02, PRDE,actvstrat=,-0.921562, actvprof=,0.022878, id=,B03, PRDE,actvstrat=,0.728349, actvprof=,0.036549, id=,B05, PRDE,actvstrat=,0.251398, actvprof=,0.769209, id=,B06, PRDE,actvstrat=,0.302185, actvprof=,2.145249, id=,B09, PRDE,actvstrat=,0.372539, actvprof=,7.205792, id=,S00, PRDE,actvstrat=,0.942834, actvprof=,5.723732, id=,S02, PRDE,actvstrat=,0.821159, actvprof=,2.033090, id=,S05, PRDE,actvstrat=,0.922641, actvprof=,0.063892, id=,S06, PRDE,actvstrat=,0.984393, actvprof=,0.037386, id=,S07, PRDE,actvstrat=,0.767634, actvprof=,0.000000, best_B_id=,B09, best_B_prof=,7.205792, best_B_strat=,0.372539, best_S_id=,S00, best_S_prof=,5.723732, best_S_strat=,0.942834, 
t=,2959200, id=,B02, PRDE,actvstrat=,-0.921562, actvprof=,0.022549, id=,B03, PRDE,actvstrat=,0.728349, actvprof=,0.034102, id=,B05, PRDE,actvstrat=,0.251398, actvprof=,0.766399, id=,B06, PRDE,actvstrat=,0.302185, actvprof=,2.043637, id=,B09, PRDE,actvstrat=,0.372539, actvprof=,7.137419, id=,S00, PRDE,actvstrat=,0.942834, actvprof=,5.796291, id=,S02, PRDE,actvstrat=,0.821159, actvprof=,2.057417, id=,S05, PRDE,actvstrat=,0.922641, actvprof=,0.053729, id=,S06, PRDE,actvstrat=,0.984393, actvprof=,0.032850, id=,S07, PRDE,actvstrat=,0.767634, actvprof=,0.000000, best_B_id=,B09, best_B_prof=,7.137419, best_B_strat=,0.372539, best_S_id=,S00, best_S_prof=,5.796291, best_S_strat=,0.942834, 
t=,2962800, id=,B02, PRDE,actvstrat=,-0.921562, actvprof=,0.005859, id=,B03, PRDE,actvstrat=,0.728349, actvprof=,0.031528, id=,B05, PRDE,actvstrat=,0.408398, actvprof=,0.796842, id=,B06, PRDE,actvstrat=,0.302185, actvprof=,2.055997, id=,B09, PRDE,actvstrat=,0.372539, actvprof=,6.881687, id=,S00, PRDE,actvstrat=,0.942834, actvprof=,5.991379, id=,S02, PRDE,actvstrat=,0.821159, actvprof=,2.110682, id=,S05, PRDE,actvstrat=,0.922641, actvprof=,0.051337, id=,S06, PRDE,actvstrat=,0.984393, actvprof=,0.017298, id=,S07, PRDE,actvstrat=,0.767634, actvprof=,0.000000, best_B_id=,B09, best_B_prof=,6.881687, best_B_strat=,0.372539, best_S_id=,S00, best_S_prof=,5.991379, best_S_strat=,0.942834, 
t=,2966400, id=,B02, PRDE,actvstrat=,-0.921562, actvprof=,0.012667, id=,B03, PRDE,actvstrat=,0.728349, actvprof=,0.032433, id=,B05, PRDE,actvstrat=,0.408398, actvprof=,0.805802, id=,B06, PRDE,actvstrat=,0.302185, actvprof=,2.037959, id=,B09, PRDE,actvstrat=,0.372539, actvprof=,6.863303, id=,S00, PRDE,actvstrat=,0.942834, actvprof=,5.958951, id=,S02, PRDE,actvstrat=,0.821159, actvprof=,2.157527, id=,S05, PRDE,actvstrat=,0.922641, actvprof=,0.065700, id=,S06, PRDE,actvstrat=,0.984393, actvprof=,0.018791, id=,S07, PRDE,actvstrat=,0.767634, actvprof=,0.000835, best_B_id=,B09, best_B_prof=,6.863303, best_B_strat=,0.372539, best_S_id=,S00, best_S_prof=,5.958951, best_S_strat=,0.942834, 
t=,2970000, id=,B02, PRDE,actvstrat=,-0.921562, actvprof=,0.003348, id=,B03, PRDE,actvstrat=,0.728349, actvprof=,0.041015, id=,B05, PRDE,actvstrat=,0.408398, actvprof=,0.663216, id=,B06, PRDE,actvstrat=,0.467773, actvprof=,2.039871, id=,B09, PRDE,actvstrat=,0.372539, actvprof=,6.572174, id=,S00, PRDE,actvstrat=,0.776691, actvprof=,5.205564, id=,S02, PRDE,actvstrat=,0.821159, actvprof=,2.497733, id=,S05, PRDE,actvstrat=,0.922641, actvprof=,0.175779, id=,S06, PRDE,actvstrat=,-0.973159, actvprof=,0.024832, id=,S07, PRDE,actvstrat=,0.767634, actvprof=,0.002232, best_B_id=,B09, best_B_prof=,6.572174, best_B_strat=,0.372539, best_S_id=,S00, best_S_prof=,5.205564, best_S_strat=,0.776691, 
t=,2973600, id=,B02, PRDE,actvstrat=,-0.921562, actvprof=,0.004176, id=,B03, PRDE,actvstrat=,0.728349, actvprof=,0.030206, id=,B05, PRDE,actvstrat=,0.408398, actvprof=,0.665084, id=,B06, PRDE,actvstrat=,0.467773, actvprof=,2.020309, id=,B09, PRDE,actvstrat=,0.372539, actvprof=,6.470445, id=,S00, PRDE,actvstrat=,0.776691, actvprof=,5.099909, id=,S02, PRDE,actvstrat=,0.821159, actvprof=,2.498591, id=,S05, PRDE,actvstrat=,0.922641, actvprof=,0.147827, id=,S06, PRDE,actvstrat=,-0.973159, actvprof=,0.025473, id=,S07, PRDE,actvstrat=,0.767634, actvprof=,0.001670, best_B_id=,B09, best_B_prof=,6.470445, best_B_strat=,0.372539, best_S_id=,S00, best_S_prof=,5.099909, best_S_strat=,0.776691, 
t=,2977200, id=,B02, PRDE,actvstrat=,-0.921562, actvprof=,0.010045, id=,B03, PRDE,actvstrat=,0.728349, actvprof=,0.039063, id=,B05, PRDE,actvstrat=,0.408398, actvprof=,0.700614, id=,B06, PRDE,actvstrat=,0.467773, actvprof=,1.998326, id=,B09, PRDE,actvstrat=,0.372539, actvprof=,6.828404, id=,S00, PRDE,actvstrat=,0.942834, actvprof=,6.068080, id=,S02, PRDE,actvstrat=,0.821159, actvprof=,2.218750, id=,S05, PRDE,actvstrat=,0.922641, actvprof=,0.052455, id=,S06, PRDE,actvstrat=,0.984393, actvprof=,0.042411, id=,S07, PRDE,actvstrat=,0.767634, actvprof=,0.002232, best_B_id=,B09, best_B_prof=,6.828404, best_B_strat=,0.372539, best_S_id=,S00, best_S_prof=,6.068080, best_S_strat=,0.942834, 
t=,2980800, id=,B02, PRDE,actvstrat=,-0.921562, actvprof=,0.015729, id=,B03, PRDE,actvstrat=,0.728349, actvprof=,0.039392, id=,B05, PRDE,actvstrat=,0.408398, actvprof=,0.752067, id=,B06, PRDE,actvstrat=,0.467773, actvprof=,2.109073, id=,B09, PRDE,actvstrat=,0.372539, actvprof=,6.947329, id=,S00, PRDE,actvstrat=,0.942834, actvprof=,5.970185, id=,S02, PRDE,actvstrat=,0.821159, actvprof=,2.191893, id=,S05, PRDE,actvstrat=,0.922641, actvprof=,0.060550, id=,S06, PRDE,actvstrat=,0.984393, actvprof=,0.042315, id=,S07, PRDE,actvstrat=,0.767634, actvprof=,0.002366, best_B_id=,B09, best_B_prof=,6.947329, best_B_strat=,0.372539, best_S_id=,S00, best_S_prof=,5.970185, best_S_strat=,0.942834, 
t=,2984400, id=,B02, PRDE,actvstrat=,-0.921562, actvprof=,0.005022, id=,B03, PRDE,actvstrat=,0.728349, actvprof=,0.030414, id=,B05, PRDE,actvstrat=,0.408398, actvprof=,0.736070, id=,B06, PRDE,actvstrat=,0.302185, actvprof=,1.922487, id=,B09, PRDE,actvstrat=,0.372539, actvprof=,6.796228, id=,S00, PRDE,actvstrat=,0.776691, actvprof=,4.927593, id=,S02, PRDE,actvstrat=,0.821159, actvprof=,2.315076, id=,S05, PRDE,actvstrat=,0.922641, actvprof=,0.053015, id=,S06, PRDE,actvstrat=,0.984393, actvprof=,0.032088, id=,S07, PRDE,actvstrat=,0.767634, actvprof=,0.003069, best_B_id=,B09, best_B_prof=,6.796228, best_B_strat=,0.372539, best_S_id=,S00, best_S_prof=,4.927593, best_S_strat=,0.776691, 
t=,2988000, id=,B02, PRDE,actvstrat=,-0.921562, actvprof=,0.007795, id=,B03, PRDE,actvstrat=,0.728349, actvprof=,0.031320, id=,B05, PRDE,actvstrat=,0.408398, actvprof=,0.773396, id=,B06, PRDE,actvstrat=,0.302185, actvprof=,1.923189, id=,B09, PRDE,actvstrat=,0.372539, actvprof=,6.777238, id=,S00, PRDE,actvstrat=,0.776691, actvprof=,4.884951, id=,S02, PRDE,actvstrat=,0.821159, actvprof=,2.234163, id=,S05, PRDE,actvstrat=,0.922641, actvprof=,0.060134, id=,S06, PRDE,actvstrat=,0.984393, actvprof=,0.033965, id=,S07, PRDE,actvstrat=,0.767634, actvprof=,0.001531, best_B_id=,B09, best_B_prof=,6.777238, best_B_strat=,0.372539, best_S_id=,S00, best_S_prof=,4.884951, best_S_strat=,0.776691, 
t=,2991600, id=,B02, PRDE,actvstrat=,-0.921562, actvprof=,0.013393, id=,B03, PRDE,actvstrat=,0.728349, actvprof=,0.050225, id=,B05, PRDE,actvstrat=,0.408398, actvprof=,0.748357, id=,B06, PRDE,actvstrat=,0.467773, actvprof=,2.147132, id=,B09, PRDE,actvstrat=,0.372539, actvprof=,6.767024, id=,S00, PRDE,actvstrat=,0.942834, actvprof=,5.931889, id=,S02, PRDE,actvstrat=,0.821159, actvprof=,2.231399, id=,S05, PRDE,actvstrat=,0.922641, actvprof=,0.056364, id=,S06, PRDE,actvstrat=,0.984393, actvprof=,0.025671, id=,S07, PRDE,actvstrat=,0.767634, actvprof=,0.001674, best_B_id=,B09, best_B_prof=,6.767024, best_B_strat=,0.372539, best_S_id=,S00, best_S_prof=,5.931889, best_S_strat=,0.942834, 
t=,2995200, id=,B02, PRDE,actvstrat=,-0.921562, actvprof=,0.011136, id=,B03, PRDE,actvstrat=,0.728349, actvprof=,0.046354, id=,B05, PRDE,actvstrat=,0.408398, actvprof=,0.766024, id=,B06, PRDE,actvstrat=,0.467773, actvprof=,2.193392, id=,B09, PRDE,actvstrat=,0.372539, actvprof=,6.829068, id=,S00, PRDE,actvstrat=,0.942834, actvprof=,5.983700, id=,S02, PRDE,actvstrat=,0.821159, actvprof=,2.191026, id=,S05, PRDE,actvstrat=,0.922641, actvprof=,0.061248, id=,S06, PRDE,actvstrat=,0.984393, actvprof=,0.028815, id=,S07, PRDE,actvstrat=,0.767634, actvprof=,0.001392, best_B_id=,B09, best_B_prof=,6.829068, best_B_strat=,0.372539, best_S_id=,S00, best_S_prof=,5.983700, best_S_strat=,0.942834, 
t=,2998800, id=,B02, PRDE,actvstrat=,-0.921562, actvprof=,0.021486, id=,B03, PRDE,actvstrat=,0.728349, actvprof=,0.035717, id=,B05, PRDE,actvstrat=,0.408398, actvprof=,0.785211, id=,B06, PRDE,actvstrat=,0.467773, actvprof=,2.053157, id=,B09, PRDE,actvstrat=,0.372539, actvprof=,6.607883, id=,S00, PRDE,actvstrat=,0.942834, actvprof=,6.064039, id=,S02, PRDE,actvstrat=,0.821159, actvprof=,2.357586, id=,S05, PRDE,actvstrat=,-0.829932, actvprof=,0.001674, id=,S06, PRDE,actvstrat=,0.984393, actvprof=,0.066411, id=,S07, PRDE,actvstrat=,0.767634, actvprof=,0.002790, best_B_id=,B09, best_B_prof=,6.607883, best_B_strat=,0.372539, best_S_id=,S00, best_S_prof=,6.064039, best_S_strat=,0.942834, 
t=,3002400, id=,B02, PRDE,actvstrat=,-0.921562, actvprof=,0.017122, id=,B03, PRDE,actvstrat=,0.728349, actvprof=,0.041483, id=,B05, PRDE,actvstrat=,0.408398, actvprof=,0.754620, id=,B06, PRDE,actvstrat=,0.467773, actvprof=,2.085679, id=,B09, PRDE,actvstrat=,0.372539, actvprof=,6.585558, id=,S00, PRDE,actvstrat=,0.942834, actvprof=,6.083313, id=,S02, PRDE,actvstrat=,0.821159, actvprof=,2.332765, id=,S05, PRDE,actvstrat=,-0.829932, actvprof=,0.000835, id=,S06, PRDE,actvstrat=,0.984393, actvprof=,0.070298, id=,S07, PRDE,actvstrat=,0.767634, actvprof=,0.002645, best_B_id=,B09, best_B_prof=,6.585558, best_B_strat=,0.372539, best_S_id=,S00, best_S_prof=,6.083313, best_S_strat=,0.942834, 
t=,3006000, id=,B02, PRDE,actvstrat=,-0.921562, actvprof=,0.019255, id=,B03, PRDE,actvstrat=,-0.142210, actvprof=,0.023161, id=,B05, PRDE,actvstrat=,0.408398, actvprof=,0.762652, id=,B06, PRDE,actvstrat=,0.467773, actvprof=,2.018948, id=,B09, PRDE,actvstrat=,0.372539, actvprof=,6.805542, id=,S00, PRDE,actvstrat=,0.942834, actvprof=,5.970058, id=,S02, PRDE,actvstrat=,0.821159, actvprof=,2.219866, id=,S05, PRDE,actvstrat=,0.922641, actvprof=,0.086506, id=,S06, PRDE,actvstrat=,0.984393, actvprof=,0.036835, id=,S07, PRDE,actvstrat=,0.767634, actvprof=,0.000000, best_B_id=,B09, best_B_prof=,6.805542, best_B_strat=,0.372539, best_S_id=,S00, best_S_prof=,5.970058, best_S_strat=,0.942834, 
t=,3009600, id=,B02, PRDE,actvstrat=,-0.921562, actvprof=,0.018375, id=,B03, PRDE,actvstrat=,-0.142210, actvprof=,0.025057, id=,B05, PRDE,actvstrat=,0.408398, actvprof=,0.817278, id=,B06, PRDE,actvstrat=,0.467773, actvprof=,2.152960, id=,B09, PRDE,actvstrat=,0.372539, actvprof=,6.787265, id=,S00, PRDE,actvstrat=,0.942834, actvprof=,5.885489, id=,S02, PRDE,actvstrat=,0.821159, actvprof=,2.124144, id=,S05, PRDE,actvstrat=,0.922641, actvprof=,0.069185, id=,S06, PRDE,actvstrat=,0.984393, actvprof=,0.031461, id=,S07, PRDE,actvstrat=,0.767634, actvprof=,0.000835, best_B_id=,B09, best_B_prof=,6.787265, best_B_strat=,0.372539, best_S_id=,S00, best_S_prof=,5.885489, best_S_strat=,0.942834, 
t=,3013200, id=,B02, PRDE,actvstrat=,-0.921562, actvprof=,0.001674, id=,B03, PRDE,actvstrat=,0.728349, actvprof=,0.022884, id=,B05, PRDE,actvstrat=,-0.973412, actvprof=,0.485858, id=,B06, PRDE,actvstrat=,0.302185, actvprof=,2.633290, id=,B09, PRDE,actvstrat=,0.372539, actvprof=,7.932521, id=,S00, PRDE,actvstrat=,0.942834, actvprof=,5.332998, id=,S02, PRDE,actvstrat=,0.821159, actvprof=,1.475156, id=,S05, PRDE,actvstrat=,0.922641, actvprof=,0.014512, id=,S06, PRDE,actvstrat=,0.984393, actvprof=,0.011721, id=,S07, PRDE,actvstrat=,0.767634, actvprof=,0.000000, best_B_id=,B09, best_B_prof=,7.932521, best_B_strat=,0.372539, best_S_id=,S00, best_S_prof=,5.332998, best_S_strat=,0.942834, 
t=,3016800, id=,B02, PRDE,actvstrat=,-0.921562, actvprof=,0.004176, id=,B03, PRDE,actvstrat=,0.728349, actvprof=,0.020464, id=,B05, PRDE,actvstrat=,-0.973412, actvprof=,0.466495, id=,B06, PRDE,actvstrat=,0.302185, actvprof=,2.568440, id=,B09, PRDE,actvstrat=,0.372539, actvprof=,7.812650, id=,S00, PRDE,actvstrat=,0.942834, actvprof=,5.411681, id=,S02, PRDE,actvstrat=,0.821159, actvprof=,1.560692, id=,S05, PRDE,actvstrat=,0.922641, actvprof=,0.027981, id=,S06, PRDE,actvstrat=,0.984393, actvprof=,0.010441, id=,S07, PRDE,actvstrat=,0.767634, actvprof=,0.000000, best_B_id=,B09, best_B_prof=,7.812650, best_B_strat=,0.372539, best_S_id=,S00, best_S_prof=,5.411681, best_S_strat=,0.942834, 
t=,3020400, id=,B02, PRDE,actvstrat=,-0.921562, actvprof=,0.042697, id=,B03, PRDE,actvstrat=,-0.142210, actvprof=,0.022884, id=,B05, PRDE,actvstrat=,0.408398, actvprof=,0.698508, id=,B06, PRDE,actvstrat=,0.467773, actvprof=,2.090781, id=,B09, PRDE,actvstrat=,0.372539, actvprof=,6.543877, id=,S00, PRDE,actvstrat=,0.942834, actvprof=,5.946670, id=,S02, PRDE,actvstrat=,0.821159, actvprof=,2.374035, id=,S05, PRDE,actvstrat=,0.922641, actvprof=,0.180278, id=,S06, PRDE,actvstrat=,-0.973159, actvprof=,0.036000, id=,S07, PRDE,actvstrat=,0.767634, actvprof=,0.002233, best_B_id=,B09, best_B_prof=,6.543877, best_B_strat=,0.372539, best_S_id=,S00, best_S_prof=,5.946670, best_S_strat=,0.942834, 
t=,3024000, id=,B02, PRDE,actvstrat=,-0.921562, actvprof=,0.032715, id=,B03, PRDE,actvstrat=,-0.142210, actvprof=,0.019629, id=,B05, PRDE,actvstrat=,0.408398, actvprof=,0.730166, id=,B06, PRDE,actvstrat=,0.467773, actvprof=,2.116298, id=,B09, PRDE,actvstrat=,0.372539, actvprof=,6.685367, id=,S00, PRDE,actvstrat=,0.942834, actvprof=,5.964250, id=,S02, PRDE,actvstrat=,0.821159, actvprof=,2.278479, id=,S05, PRDE,actvstrat=,0.922641, actvprof=,0.154525, id=,S06, PRDE,actvstrat=,-0.973159, actvprof=,0.035081, id=,S07, PRDE,actvstrat=,0.767634, actvprof=,0.003480, best_B_id=,B09, best_B_prof=,6.685367, best_B_strat=,0.372539, best_S_id=,S00, best_S_prof=,5.964250, best_S_strat=,0.942834, 
t=,3027600, id=,B02, PRDE,actvstrat=,-0.921562, actvprof=,0.006698, id=,B03, PRDE,actvstrat=,0.728349, actvprof=,0.012838, id=,B05, PRDE,actvstrat=,0.408398, actvprof=,0.464662, id=,B06, PRDE,actvstrat=,0.467773, actvprof=,1.670550, id=,B09, PRDE,actvstrat=,0.372539, actvprof=,6.158655, id=,S00, PRDE,actvstrat=,0.134012, actvprof=,2.512803, id=,S02, PRDE,actvstrat=,0.821159, actvprof=,2.647596, id=,S05, PRDE,actvstrat=,0.922641, actvprof=,0.147631, id=,S06, PRDE,actvstrat=,-0.973159, actvprof=,0.031536, id=,S07, PRDE,actvstrat=,0.767634, actvprof=,0.003907, best_B_id=,B09, best_B_prof=,6.158655, best_B_strat=,0.372539, best_S_id=,S02, best_S_prof=,2.647596, best_S_strat=,0.821159, 
t=,3031200, id=,B02, PRDE,actvstrat=,-0.921562, actvprof=,0.004176, id=,B03, PRDE,actvstrat=,0.728349, actvprof=,0.011555, id=,B05, PRDE,actvstrat=,0.408398, actvprof=,0.481119, id=,B06, PRDE,actvstrat=,0.467773, actvprof=,1.683082, id=,B09, PRDE,actvstrat=,0.372539, actvprof=,6.174642, id=,S00, PRDE,actvstrat=,0.134012, actvprof=,2.591445, id=,S02, PRDE,actvstrat=,0.821159, actvprof=,2.661052, id=,S05, PRDE,actvstrat=,0.922641, actvprof=,0.150907, id=,S06, PRDE,actvstrat=,-0.973159, actvprof=,0.035360, id=,S07, PRDE,actvstrat=,0.767634, actvprof=,0.001949, best_B_id=,B09, best_B_prof=,6.174642, best_B_strat=,0.372539, best_S_id=,S02, best_S_prof=,2.661052, best_S_strat=,0.821159, 
t=,3034800, id=,B02, PRDE,actvstrat=,-0.921562, actvprof=,0.009489, id=,B03, PRDE,actvstrat=,-0.142210, actvprof=,0.006977, id=,B05, PRDE,actvstrat=,0.408398, actvprof=,0.387932, id=,B06, PRDE,actvstrat=,0.467773, actvprof=,1.527727, id=,B09, PRDE,actvstrat=,0.372539, actvprof=,5.914990, id=,S00, PRDE,actvstrat=,0.942834, actvprof=,6.680249, id=,S02, PRDE,actvstrat=,-0.254918, actvprof=,0.194803, id=,S05, PRDE,actvstrat=,0.922641, actvprof=,0.134799, id=,S06, PRDE,actvstrat=,-0.973159, actvprof=,0.020653, id=,S07, PRDE,actvstrat=,0.767634, actvprof=,0.001395, best_B_id=,B09, best_B_prof=,5.914990, best_B_strat=,0.372539, best_S_id=,S00, best_S_prof=,6.680249, best_S_strat=,0.942834, 
t=,3038400, id=,B02, PRDE,actvstrat=,-0.921562, actvprof=,0.011276, id=,B03, PRDE,actvstrat=,-0.142210, actvprof=,0.009188, id=,B05, PRDE,actvstrat=,0.408398, actvprof=,0.405118, id=,B06, PRDE,actvstrat=,0.467773, actvprof=,1.547382, id=,B09, PRDE,actvstrat=,0.372539, actvprof=,6.052679, id=,S00, PRDE,actvstrat=,0.942834, actvprof=,6.658824, id=,S02, PRDE,actvstrat=,-0.254918, actvprof=,0.249753, id=,S05, PRDE,actvstrat=,0.922641, actvprof=,0.146594, id=,S06, PRDE,actvstrat=,-0.973159, actvprof=,0.023388, id=,S07, PRDE,actvstrat=,0.767634, actvprof=,0.000696, best_B_id=,B09, best_B_prof=,6.052679, best_B_strat=,0.372539, best_S_id=,S00, best_S_prof=,6.658824, best_S_strat=,0.942834, 
t=,3042000, id=,B02, PRDE,actvstrat=,-0.921562, actvprof=,0.027630, id=,B03, PRDE,actvstrat=,-0.142210, actvprof=,0.007256, id=,B05, PRDE,actvstrat=,0.408398, actvprof=,0.840078, id=,B06, PRDE,actvstrat=,0.302185, actvprof=,1.878035, id=,B09, PRDE,actvstrat=,0.372539, actvprof=,6.908736, id=,S00, PRDE,actvstrat=,0.940422, actvprof=,5.844544, id=,S02, PRDE,actvstrat=,0.821159, actvprof=,2.181970, id=,S05, PRDE,actvstrat=,0.922641, actvprof=,0.070611, id=,S06, PRDE,actvstrat=,0.984393, actvprof=,0.033491, id=,S07, PRDE,actvstrat=,0.767634, actvprof=,0.003907, best_B_id=,B09, best_B_prof=,6.908736, best_B_strat=,0.372539, best_S_id=,S00, best_S_prof=,5.844544, best_S_strat=,0.940422, 
t=,3045600, id=,B02, PRDE,actvstrat=,-0.921562, actvprof=,0.022553, id=,B03, PRDE,actvstrat=,-0.142210, actvprof=,0.010163, id=,B05, PRDE,actvstrat=,0.408398, actvprof=,0.871224, id=,B06, PRDE,actvstrat=,0.302185, actvprof=,2.012251, id=,B09, PRDE,actvstrat=,0.372539, actvprof=,6.912432, id=,S00, PRDE,actvstrat=,0.940422, actvprof=,5.809550, id=,S02, PRDE,actvstrat=,0.821159, actvprof=,2.160657, id=,S05, PRDE,actvstrat=,0.922641, actvprof=,0.062926, id=,S06, PRDE,actvstrat=,0.984393, actvprof=,0.027426, id=,S07, PRDE,actvstrat=,0.767634, actvprof=,0.002227, best_B_id=,B09, best_B_prof=,6.912432, best_B_strat=,0.372539, best_S_id=,S00, best_S_prof=,5.809550, best_S_strat=,0.940422, 
t=,3049200, id=,B02, PRDE,actvstrat=,-0.921562, actvprof=,0.018421, id=,B03, PRDE,actvstrat=,0.728349, actvprof=,0.050796, id=,B05, PRDE,actvstrat=,0.408398, actvprof=,0.713379, id=,B06, PRDE,actvstrat=,0.467773, actvprof=,2.033799, id=,B09, PRDE,actvstrat=,0.372539, actvprof=,6.704531, id=,S00, PRDE,actvstrat=,0.942834, actvprof=,6.124562, id=,S02, PRDE,actvstrat=,0.821159, actvprof=,2.344158, id=,S05, PRDE,actvstrat=,0.922641, actvprof=,0.150993, id=,S06, PRDE,actvstrat=,-0.973159, actvprof=,0.008094, id=,S07, PRDE,actvstrat=,0.767634, actvprof=,0.000000, best_B_id=,B09, best_B_prof=,6.704531, best_B_strat=,0.372539, best_S_id=,S00, best_S_prof=,6.124562, best_S_strat=,0.942834, 
t=,3052800, id=,B02, PRDE,actvstrat=,-0.921562, actvprof=,0.019908, id=,B03, PRDE,actvstrat=,0.728349, actvprof=,0.045385, id=,B05, PRDE,actvstrat=,0.408398, actvprof=,0.712521, id=,B06, PRDE,actvstrat=,0.467773, actvprof=,2.070737, id=,B09, PRDE,actvstrat=,0.372539, actvprof=,6.585456, id=,S00, PRDE,actvstrat=,0.942834, actvprof=,6.066588, id=,S02, PRDE,actvstrat=,0.821159, actvprof=,2.364070, id=,S05, PRDE,actvstrat=,0.922641, actvprof=,0.136156, id=,S06, PRDE,actvstrat=,-0.973159, actvprof=,0.030210, id=,S07, PRDE,actvstrat=,0.767634, actvprof=,0.000975, best_B_id=,B09, best_B_prof=,6.585456, best_B_strat=,0.372539, best_S_id=,S00, best_S_prof=,6.066588, best_S_strat=,0.942834, 
t=,3056400, id=,B02, PRDE,actvstrat=,-0.921562, actvprof=,0.012560, id=,B03, PRDE,actvstrat=,0.728349, actvprof=,0.043261, id=,B05, PRDE,actvstrat=,0.408398, actvprof=,0.770326, id=,B06, PRDE,actvstrat=,0.467773, actvprof=,2.154121, id=,B09, PRDE,actvstrat=,0.372539, actvprof=,6.963633, id=,S00, PRDE,actvstrat=,0.942834, actvprof=,5.939323, id=,S02, PRDE,actvstrat=,0.821159, actvprof=,2.211616, id=,S05, PRDE,actvstrat=,0.922641, actvprof=,0.072009, id=,S06, PRDE,actvstrat=,0.984393, actvprof=,0.045494, id=,S07, PRDE,actvstrat=,0.767634, actvprof=,0.000279, best_B_id=,B09, best_B_prof=,6.963633, best_B_strat=,0.372539, best_S_id=,S00, best_S_prof=,5.939323, best_S_strat=,0.942834, 
t=,3060000, id=,B02, PRDE,actvstrat=,-0.921562, actvprof=,0.011973, id=,B03, PRDE,actvstrat=,0.728349, actvprof=,0.040513, id=,B05, PRDE,actvstrat=,0.408398, actvprof=,0.773365, id=,B06, PRDE,actvstrat=,0.467773, actvprof=,2.138551, id=,B09, PRDE,actvstrat=,0.372539, actvprof=,6.823846, id=,S00, PRDE,actvstrat=,0.942834, actvprof=,5.995072, id=,S02, PRDE,actvstrat=,0.821159, actvprof=,2.199947, id=,S05, PRDE,actvstrat=,0.922641, actvprof=,0.086455, id=,S06, PRDE,actvstrat=,0.984393, actvprof=,0.039678, id=,S07, PRDE,actvstrat=,0.767634, actvprof=,0.000418, best_B_id=,B09, best_B_prof=,6.823846, best_B_strat=,0.372539, best_S_id=,S00, best_S_prof=,5.995072, best_S_strat=,0.942834, 
t=,3063600, id=,B02, PRDE,actvstrat=,-0.921562, actvprof=,0.018421, id=,B03, PRDE,actvstrat=,0.728349, actvprof=,0.061683, id=,B05, PRDE,actvstrat=,0.408398, actvprof=,0.699722, id=,B06, PRDE,actvstrat=,0.467773, actvprof=,2.020738, id=,B09, PRDE,actvstrat=,0.372539, actvprof=,6.574096, id=,S00, PRDE,actvstrat=,0.942834, actvprof=,6.135618, id=,S02, PRDE,actvstrat=,0.821159, actvprof=,2.439957, id=,S05, PRDE,actvstrat=,0.922641, actvprof=,0.128389, id=,S06, PRDE,actvstrat=,-0.973159, actvprof=,0.033214, id=,S07, PRDE,actvstrat=,0.767634, actvprof=,0.001396, best_B_id=,B09, best_B_prof=,6.574096, best_B_strat=,0.372539, best_S_id=,S00, best_S_prof=,6.135618, best_S_strat=,0.942834, 
t=,3067200, id=,B02, PRDE,actvstrat=,-0.921562, actvprof=,0.016567, id=,B03, PRDE,actvstrat=,0.728349, actvprof=,0.053878, id=,B05, PRDE,actvstrat=,0.408398, actvprof=,0.696371, id=,B06, PRDE,actvstrat=,0.467773, actvprof=,2.085355, id=,B09, PRDE,actvstrat=,0.372539, actvprof=,6.590189, id=,S00, PRDE,actvstrat=,0.942834, actvprof=,6.091648, id=,S02, PRDE,actvstrat=,0.821159, actvprof=,2.398318, id=,S05, PRDE,actvstrat=,0.922641, actvprof=,0.135877, id=,S06, PRDE,actvstrat=,-0.973159, actvprof=,0.029932, id=,S07, PRDE,actvstrat=,0.767634, actvprof=,0.001810, best_B_id=,B09, best_B_prof=,6.590189, best_B_strat=,0.372539, best_S_id=,S00, best_S_prof=,6.091648, best_S_strat=,0.942834, 
t=,3070800, id=,B02, PRDE,actvstrat=,-0.921562, actvprof=,0.018421, id=,B03, PRDE,actvstrat=,0.728349, actvprof=,0.046053, id=,B05, PRDE,actvstrat=,0.408398, actvprof=,0.721224, id=,B06, PRDE,actvstrat=,0.467773, actvprof=,2.062353, id=,B09, PRDE,actvstrat=,0.372539, actvprof=,6.552417, id=,S00, PRDE,actvstrat=,0.942834, actvprof=,5.958468, id=,S02, PRDE,actvstrat=,0.821159, actvprof=,2.379982, id=,S05, PRDE,actvstrat=,0.922641, actvprof=,0.132299, id=,S06, PRDE,actvstrat=,-0.973159, actvprof=,0.027911, id=,S07, PRDE,actvstrat=,0.472759, actvprof=,0.001396, best_B_id=,B09, best_B_prof=,6.552417, best_B_strat=,0.372539, best_S_id=,S00, best_S_prof=,5.958468, best_S_strat=,0.942834, 
t=,3074400, id=,B02, PRDE,actvstrat=,-0.921562, actvprof=,0.015593, id=,B03, PRDE,actvstrat=,0.728349, actvprof=,0.045525, id=,B05, PRDE,actvstrat=,0.408398, actvprof=,0.719074, id=,B06, PRDE,actvstrat=,0.467773, actvprof=,2.046820, id=,B09, PRDE,actvstrat=,0.372539, actvprof=,6.494497, id=,S00, PRDE,actvstrat=,0.942834, actvprof=,6.052055, id=,S02, PRDE,actvstrat=,0.821159, actvprof=,2.414640, id=,S05, PRDE,actvstrat=,0.922641, actvprof=,0.123767, id=,S06, PRDE,actvstrat=,-0.973159, actvprof=,0.019909, id=,S07, PRDE,actvstrat=,0.472759, actvprof=,0.001531, best_B_id=,B09, best_B_prof=,6.494497, best_B_strat=,0.372539, best_S_id=,S00, best_S_prof=,6.052055, best_S_strat=,0.942834, 
t=,3078000, id=,B02, PRDE,actvstrat=,-0.921562, actvprof=,0.003349, id=,B03, PRDE,actvstrat=,-0.142210, actvprof=,0.005582, id=,B05, PRDE,actvstrat=,0.408398, actvprof=,0.621869, id=,B06, PRDE,actvstrat=,0.467773, actvprof=,1.881236, id=,B09, PRDE,actvstrat=,-0.078231, actvprof=,5.608262, id=,S00, PRDE,actvstrat=,0.570274, actvprof=,3.885284, id=,S02, PRDE,actvstrat=,0.821159, actvprof=,2.417417, id=,S05, PRDE,actvstrat=,0.794943, actvprof=,0.027353, id=,S06, PRDE,actvstrat=,0.984393, actvprof=,0.038797, id=,S07, PRDE,actvstrat=,0.767634, actvprof=,0.000000, best_B_id=,B09, best_B_prof=,5.608262, best_B_strat=,-0.078231, best_S_id=,S00, best_S_prof=,3.885284, best_S_strat=,0.570274, 
t=,3081600, id=,B02, PRDE,actvstrat=,-0.921562, actvprof=,0.002506, id=,B03, PRDE,actvstrat=,-0.142210, actvprof=,0.005290, id=,B05, PRDE,actvstrat=,0.408398, actvprof=,0.627615, id=,B06, PRDE,actvstrat=,0.467773, actvprof=,1.883401, id=,B09, PRDE,actvstrat=,-0.078231, actvprof=,5.693363, id=,S00, PRDE,actvstrat=,0.570274, actvprof=,3.951272, id=,S02, PRDE,actvstrat=,0.821159, actvprof=,2.428875, id=,S05, PRDE,actvstrat=,0.794943, actvprof=,0.027984, id=,S06, PRDE,actvstrat=,0.984393, actvprof=,0.034945, id=,S07, PRDE,actvstrat=,0.767634, actvprof=,0.000000, best_B_id=,B09, best_B_prof=,5.693363, best_B_strat=,-0.078231, best_S_id=,S00, best_S_prof=,3.951272, best_S_strat=,0.570274, 
t=,3085200, id=,B02, PRDE,actvstrat=,0.706422, actvprof=,0.010327, id=,B03, PRDE,actvstrat=,0.728349, actvprof=,0.048008, id=,B05, PRDE,actvstrat=,0.408398, actvprof=,0.795489, id=,B06, PRDE,actvstrat=,0.467773, actvprof=,2.074413, id=,B09, PRDE,actvstrat=,0.372539, actvprof=,6.862143, id=,S00, PRDE,actvstrat=,0.942834, actvprof=,5.965333, id=,S02, PRDE,actvstrat=,0.821159, actvprof=,2.212856, id=,S05, PRDE,actvstrat=,0.922641, actvprof=,0.074246, id=,S06, PRDE,actvstrat=,0.984393, actvprof=,0.030703, id=,S07, PRDE,actvstrat=,0.472759, actvprof=,0.000000, best_B_id=,B09, best_B_prof=,6.862143, best_B_strat=,0.372539, best_S_id=,S00, best_S_prof=,5.965333, best_S_strat=,0.942834, 
t=,3088800, id=,B02, PRDE,actvstrat=,0.706422, actvprof=,0.010163, id=,B03, PRDE,actvstrat=,0.728349, actvprof=,0.039122, id=,B05, PRDE,actvstrat=,0.408398, actvprof=,0.799699, id=,B06, PRDE,actvstrat=,0.467773, actvprof=,2.095034, id=,B09, PRDE,actvstrat=,0.372539, actvprof=,6.835452, id=,S00, PRDE,actvstrat=,0.942834, actvprof=,6.018210, id=,S02, PRDE,actvstrat=,0.821159, actvprof=,2.222284, id=,S05, PRDE,actvstrat=,0.922641, actvprof=,0.060145, id=,S06, PRDE,actvstrat=,0.984393, actvprof=,0.030908, id=,S07, PRDE,actvstrat=,0.472759, actvprof=,0.000000, best_B_id=,B09, best_B_prof=,6.835452, best_B_strat=,0.372539, best_S_id=,S00, best_S_prof=,6.018210, best_S_strat=,0.942834, 
t=,3092400, id=,B02, PRDE,actvstrat=,-0.921562, actvprof=,0.008374, id=,B03, PRDE,actvstrat=,0.728349, actvprof=,0.050800, id=,B05, PRDE,actvstrat=,0.408398, actvprof=,0.957392, id=,B06, PRDE,actvstrat=,0.467773, actvprof=,2.395154, id=,B09, PRDE,actvstrat=,-0.078231, actvprof=,6.187040, id=,S00, PRDE,actvstrat=,0.942834, actvprof=,5.678199, id=,S02, PRDE,actvstrat=,0.821159, actvprof=,2.039552, id=,S05, PRDE,actvstrat=,0.922641, actvprof=,0.050521, id=,S06, PRDE,actvstrat=,0.984393, actvprof=,0.020934, id=,S07, PRDE,actvstrat=,0.767634, actvprof=,0.001675, best_B_id=,B09, best_B_prof=,6.187040, best_B_strat=,-0.078231, best_S_id=,S00, best_S_prof=,5.678199, best_S_strat=,0.942834, 
t=,3096000, id=,B02, PRDE,actvstrat=,-0.921562, actvprof=,0.013644, id=,B03, PRDE,actvstrat=,0.728349, actvprof=,0.044969, id=,B05, PRDE,actvstrat=,0.408398, actvprof=,0.877671, id=,B06, PRDE,actvstrat=,0.467773, actvprof=,2.288013, id=,B09, PRDE,actvstrat=,-0.078231, actvprof=,6.114178, id=,S00, PRDE,actvstrat=,0.942834, actvprof=,5.829603, id=,S02, PRDE,actvstrat=,0.821159, actvprof=,2.043675, id=,S05, PRDE,actvstrat=,0.922641, actvprof=,0.053323, id=,S06, PRDE,actvstrat=,0.984393, actvprof=,0.024364, id=,S07, PRDE,actvstrat=,0.767634, actvprof=,0.000835, best_B_id=,B09, best_B_prof=,6.114178, best_B_strat=,-0.078231, best_S_id=,S00, best_S_prof=,5.829603, best_S_strat=,0.942834, 
t=,3099600, id=,B02, PRDE,actvstrat=,-0.921562, actvprof=,0.016468, id=,B03, PRDE,actvstrat=,0.728349, actvprof=,0.053033, id=,B05, PRDE,actvstrat=,0.408398, actvprof=,0.965766, id=,B06, PRDE,actvstrat=,-0.075167, actvprof=,1.484097, id=,B09, PRDE,actvstrat=,0.372539, actvprof=,6.965235, id=,S00, PRDE,actvstrat=,0.942834, actvprof=,5.832833, id=,S02, PRDE,actvstrat=,0.821159, actvprof=,1.934601, id=,S05, PRDE,actvstrat=,0.922641, actvprof=,0.105788, id=,S06, PRDE,actvstrat=,-0.973159, actvprof=,0.021772, id=,S07, PRDE,actvstrat=,0.767634, actvprof=,0.002512, best_B_id=,B09, best_B_prof=,6.965235, best_B_strat=,0.372539, best_S_id=,S00, best_S_prof=,5.832833, best_S_strat=,0.942834, 
t=,3103200, id=,B02, PRDE,actvstrat=,-0.921562, actvprof=,0.017264, id=,B03, PRDE,actvstrat=,0.728349, actvprof=,0.052349, id=,B05, PRDE,actvstrat=,0.408398, actvprof=,0.969565, id=,B06, PRDE,actvstrat=,-0.075167, actvprof=,1.507950, id=,B09, PRDE,actvstrat=,0.372539, actvprof=,7.051903, id=,S00, PRDE,actvstrat=,0.942834, actvprof=,5.797344, id=,S02, PRDE,actvstrat=,0.821159, actvprof=,1.887617, id=,S05, PRDE,actvstrat=,0.922641, actvprof=,0.092306, id=,S06, PRDE,actvstrat=,-0.973159, actvprof=,0.021998, id=,S07, PRDE,actvstrat=,0.767634, actvprof=,0.002785, best_B_id=,B09, best_B_prof=,7.051903, best_B_strat=,0.372539, best_S_id=,S00, best_S_prof=,5.797344, best_S_strat=,0.942834, 
t=,3106800, id=,B02, PRDE,actvstrat=,-0.921562, actvprof=,0.018144, id=,B03, PRDE,actvstrat=,0.728349, actvprof=,0.050523, id=,B05, PRDE,actvstrat=,0.408398, actvprof=,0.888486, id=,B06, PRDE,actvstrat=,0.467773, actvprof=,2.255129, id=,B09, PRDE,actvstrat=,0.372539, actvprof=,6.754222, id=,S00, PRDE,actvstrat=,0.942834, actvprof=,5.849546, id=,S02, PRDE,actvstrat=,0.821159, actvprof=,2.134543, id=,S05, PRDE,actvstrat=,0.922641, actvprof=,0.073971, id=,S06, PRDE,actvstrat=,0.984393, actvprof=,0.020377, id=,S07, PRDE,actvstrat=,0.767634, actvprof=,0.001675, best_B_id=,B09, best_B_prof=,6.754222, best_B_strat=,0.372539, best_S_id=,S00, best_S_prof=,5.849546, best_S_strat=,0.942834, 
t=,3110400, id=,B02, PRDE,actvstrat=,-0.921562, actvprof=,0.016290, id=,B03, PRDE,actvstrat=,0.728349, actvprof=,0.058475, id=,B05, PRDE,actvstrat=,0.408398, actvprof=,0.807797, id=,B06, PRDE,actvstrat=,0.467773, actvprof=,2.238775, id=,B09, PRDE,actvstrat=,0.372539, actvprof=,6.637939, id=,S00, PRDE,actvstrat=,0.942834, actvprof=,5.861608, id=,S02, PRDE,actvstrat=,0.821159, actvprof=,2.179464, id=,S05, PRDE,actvstrat=,0.922641, actvprof=,0.068778, id=,S06, PRDE,actvstrat=,0.984393, actvprof=,0.032718, id=,S07, PRDE,actvstrat=,0.767634, actvprof=,0.000835, best_B_id=,B09, best_B_prof=,6.637939, best_B_strat=,0.372539, best_S_id=,S00, best_S_prof=,5.861608, best_S_strat=,0.942834, 
t=,3114000, id=,B02, PRDE,actvstrat=,-0.921562, actvprof=,0.009491, id=,B03, PRDE,actvstrat=,0.728349, actvprof=,0.070904, id=,B05, PRDE,actvstrat=,-0.619372, actvprof=,0.341122, id=,B06, PRDE,actvstrat=,0.467773, actvprof=,2.761913, id=,B09, PRDE,actvstrat=,0.372539, actvprof=,7.208497, id=,S00, PRDE,actvstrat=,0.942834, actvprof=,5.419982, id=,S02, PRDE,actvstrat=,0.821159, actvprof=,1.741060, id=,S05, PRDE,actvstrat=,0.922641, actvprof=,0.051364, id=,S06, PRDE,actvstrat=,0.984393, actvprof=,0.016749, id=,S07, PRDE,actvstrat=,0.767634, actvprof=,0.001675, best_B_id=,B09, best_B_prof=,7.208497, best_B_strat=,0.372539, best_S_id=,S00, best_S_prof=,5.419982, best_S_strat=,0.942834, 
t=,3117600, id=,B02, PRDE,actvstrat=,-0.921562, actvprof=,0.009607, id=,B03, PRDE,actvstrat=,0.728349, actvprof=,0.054857, id=,B05, PRDE,actvstrat=,-0.619372, actvprof=,0.349470, id=,B06, PRDE,actvstrat=,0.467773, actvprof=,2.729349, id=,B09, PRDE,actvstrat=,0.372539, actvprof=,7.299612, id=,S00, PRDE,actvstrat=,0.942834, actvprof=,5.487796, id=,S02, PRDE,actvstrat=,0.821159, actvprof=,1.735934, id=,S05, PRDE,actvstrat=,0.922641, actvprof=,0.043022, id=,S06, PRDE,actvstrat=,0.984393, actvprof=,0.021024, id=,S07, PRDE,actvstrat=,0.767634, actvprof=,0.001253, best_B_id=,B09, best_B_prof=,7.299612, best_B_strat=,0.372539, best_S_id=,S00, best_S_prof=,5.487796, best_S_strat=,0.942834, 
t=,3121200, id=,B02, PRDE,actvstrat=,-0.921562, actvprof=,0.005583, id=,B03, PRDE,actvstrat=,0.728349, actvprof=,0.012283, id=,B05, PRDE,actvstrat=,0.408398, actvprof=,0.569754, id=,B06, PRDE,actvstrat=,0.467773, actvprof=,1.807244, id=,B09, PRDE,actvstrat=,0.372539, actvprof=,6.436458, id=,S00, PRDE,actvstrat=,0.570274, actvprof=,3.862656, id=,S02, PRDE,actvstrat=,0.821159, actvprof=,2.663689, id=,S05, PRDE,actvstrat=,0.794943, actvprof=,0.036848, id=,S06, PRDE,actvstrat=,0.984393, actvprof=,0.042431, id=,S07, PRDE,actvstrat=,0.767634, actvprof=,0.001954, best_B_id=,B09, best_B_prof=,6.436458, best_B_strat=,0.372539, best_S_id=,S00, best_S_prof=,3.862656, best_S_strat=,0.570274, 
t=,3124800, id=,B02, PRDE,actvstrat=,-0.921562, actvprof=,0.003620, id=,B03, PRDE,actvstrat=,0.728349, actvprof=,0.015455, id=,B05, PRDE,actvstrat=,0.408398, actvprof=,0.586028, id=,B06, PRDE,actvstrat=,0.467773, actvprof=,1.777020, id=,B09, PRDE,actvstrat=,0.372539, actvprof=,6.381844, id=,S00, PRDE,actvstrat=,0.570274, actvprof=,3.875944, id=,S02, PRDE,actvstrat=,0.821159, actvprof=,2.665182, id=,S05, PRDE,actvstrat=,0.794943, actvprof=,0.045390, id=,S06, PRDE,actvstrat=,0.984393, actvprof=,0.045390, id=,S07, PRDE,actvstrat=,0.767634, actvprof=,0.000975, best_B_id=,B09, best_B_prof=,6.381844, best_B_strat=,0.372539, best_S_id=,S00, best_S_prof=,3.875944, best_S_strat=,0.570274, 
t=,3128400, id=,B02, PRDE,actvstrat=,-0.921562, actvprof=,0.021216, id=,B03, PRDE,actvstrat=,-0.142210, actvprof=,0.001954, id=,B05, PRDE,actvstrat=,0.408398, actvprof=,0.670528, id=,B06, PRDE,actvstrat=,0.467773, actvprof=,2.022472, id=,B09, PRDE,actvstrat=,-0.078231, actvprof=,5.727685, id=,S00, PRDE,actvstrat=,0.570274, actvprof=,3.684835, id=,S02, PRDE,actvstrat=,0.821159, actvprof=,2.277340, id=,S05, PRDE,actvstrat=,0.794943, actvprof=,0.049969, id=,S06, PRDE,actvstrat=,0.984393, actvprof=,0.023728, id=,S07, PRDE,actvstrat=,0.767634, actvprof=,0.001117, best_B_id=,B09, best_B_prof=,5.727685, best_B_strat=,-0.078231, best_S_id=,S00, best_S_prof=,3.684835, best_S_strat=,0.570274, 
t=,3132000, id=,B02, PRDE,actvstrat=,-0.921562, actvprof=,0.012253, id=,B03, PRDE,actvstrat=,-0.142210, actvprof=,0.001949, id=,B05, PRDE,actvstrat=,0.408398, actvprof=,0.636852, id=,B06, PRDE,actvstrat=,0.467773, actvprof=,1.977249, id=,B09, PRDE,actvstrat=,-0.078231, actvprof=,5.677926, id=,S00, PRDE,actvstrat=,0.570274, actvprof=,3.790621, id=,S02, PRDE,actvstrat=,0.821159, actvprof=,2.340508, id=,S05, PRDE,actvstrat=,0.794943, actvprof=,0.039542, id=,S06, PRDE,actvstrat=,0.984393, actvprof=,0.031327, id=,S07, PRDE,actvstrat=,0.767634, actvprof=,0.001253, best_B_id=,B09, best_B_prof=,5.677926, best_B_strat=,-0.078231, best_S_id=,S00, best_S_prof=,3.790621, best_S_strat=,0.570274, 
t=,3135600, id=,B02, PRDE,actvstrat=,-0.921562, actvprof=,0.009492, id=,B03, PRDE,actvstrat=,0.728349, actvprof=,0.020100, id=,B05, PRDE,actvstrat=,0.408398, actvprof=,0.967017, id=,B06, PRDE,actvstrat=,-0.651067, actvprof=,1.241433, id=,B09, PRDE,actvstrat=,0.372539, actvprof=,7.367642, id=,S00, PRDE,actvstrat=,0.942834, actvprof=,5.695183, id=,S02, PRDE,actvstrat=,0.821159, actvprof=,1.846936, id=,S05, PRDE,actvstrat=,0.922641, actvprof=,0.031545, id=,S06, PRDE,actvstrat=,0.984393, actvprof=,0.018983, id=,S07, PRDE,actvstrat=,0.767634, actvprof=,0.000000, best_B_id=,B09, best_B_prof=,7.367642, best_B_strat=,0.372539, best_S_id=,S00, best_S_prof=,5.695183, best_S_strat=,0.942834, 
t=,3139200, id=,B02, PRDE,actvstrat=,-0.921562, actvprof=,0.008772, id=,B03, PRDE,actvstrat=,0.728349, actvprof=,0.025898, id=,B05, PRDE,actvstrat=,0.408398, actvprof=,1.033674, id=,B06, PRDE,actvstrat=,-0.651067, actvprof=,1.219134, id=,B09, PRDE,actvstrat=,0.372539, actvprof=,7.391937, id=,S00, PRDE,actvstrat=,0.942834, actvprof=,5.633132, id=,S02, PRDE,actvstrat=,0.821159, actvprof=,1.794449, id=,S05, PRDE,actvstrat=,0.922641, actvprof=,0.038150, id=,S06, PRDE,actvstrat=,0.984393, actvprof=,0.020328, id=,S07, PRDE,actvstrat=,0.767634, actvprof=,0.000000, best_B_id=,B09, best_B_prof=,7.391937, best_B_strat=,0.372539, best_S_id=,S00, best_S_prof=,5.633132, best_S_strat=,0.942834, 
t=,3142800, id=,B02, PRDE,actvstrat=,-0.921562, actvprof=,0.039642, id=,B03, PRDE,actvstrat=,-0.142210, actvprof=,0.006700, id=,B05, PRDE,actvstrat=,0.408398, actvprof=,0.881606, id=,B06, PRDE,actvstrat=,0.467773, actvprof=,2.135060, id=,B09, PRDE,actvstrat=,0.372539, actvprof=,6.801876, id=,S00, PRDE,actvstrat=,0.942834, actvprof=,5.791575, id=,S02, PRDE,actvstrat=,0.821159, actvprof=,2.117752, id=,S05, PRDE,actvstrat=,0.922641, actvprof=,0.070071, id=,S06, PRDE,actvstrat=,0.984393, actvprof=,0.046900, id=,S07, PRDE,actvstrat=,0.767634, actvprof=,0.000000, best_B_id=,B09, best_B_prof=,6.801876, best_B_strat=,0.372539, best_S_id=,S00, best_S_prof=,5.791575, best_S_strat=,0.942834, 
t=,3146400, id=,B02, PRDE,actvstrat=,-0.921562, actvprof=,0.031467, id=,B03, PRDE,actvstrat=,-0.142210, actvprof=,0.013367, id=,B05, PRDE,actvstrat=,0.408398, actvprof=,0.879269, id=,B06, PRDE,actvstrat=,0.467773, actvprof=,2.167193, id=,B09, PRDE,actvstrat=,0.372539, actvprof=,6.872224, id=,S00, PRDE,actvstrat=,0.942834, actvprof=,5.800114, id=,S02, PRDE,actvstrat=,0.821159, actvprof=,2.090475, id=,S05, PRDE,actvstrat=,0.922641, actvprof=,0.072681, id=,S06, PRDE,actvstrat=,0.984393, actvprof=,0.040100, id=,S07, PRDE,actvstrat=,0.767634, actvprof=,0.000000, best_B_id=,B09, best_B_prof=,6.872224, best_B_strat=,0.372539, best_S_id=,S00, best_S_prof=,5.800114, best_S_strat=,0.942834, 
t=,3150000, id=,B02, PRDE,actvstrat=,-0.921562, actvprof=,0.016192, id=,B03, PRDE,actvstrat=,-0.142210, actvprof=,0.014796, id=,B05, PRDE,actvstrat=,0.408398, actvprof=,0.891377, id=,B06, PRDE,actvstrat=,0.467773, actvprof=,2.241143, id=,B09, PRDE,actvstrat=,0.372539, actvprof=,6.793222, id=,S00, PRDE,actvstrat=,0.942834, actvprof=,5.847129, id=,S02, PRDE,actvstrat=,0.821159, actvprof=,2.101281, id=,S05, PRDE,actvstrat=,0.922641, actvprof=,0.071187, id=,S06, PRDE,actvstrat=,0.984393, actvprof=,0.029033, id=,S07, PRDE,actvstrat=,0.767634, actvprof=,0.004746, best_B_id=,B09, best_B_prof=,6.793222, best_B_strat=,0.372539, best_S_id=,S00, best_S_prof=,5.847129, best_S_strat=,0.942834, 
t=,3153600, id=,B02, PRDE,actvstrat=,-0.921562, actvprof=,0.021303, id=,B03, PRDE,actvstrat=,-0.142210, actvprof=,0.014202, id=,B05, PRDE,actvstrat=,0.408398, actvprof=,0.859922, id=,B06, PRDE,actvstrat=,0.467773, actvprof=,2.214549, id=,B09, PRDE,actvstrat=,0.372539, actvprof=,6.823818, id=,S00, PRDE,actvstrat=,0.942834, actvprof=,5.869216, id=,S02, PRDE,actvstrat=,0.821159, actvprof=,2.183638, id=,S05, PRDE,actvstrat=,0.922641, actvprof=,0.090086, id=,S06, PRDE,actvstrat=,0.984393, actvprof=,0.032999, id=,S07, PRDE,actvstrat=,0.767634, actvprof=,0.002367, best_B_id=,B09, best_B_prof=,6.823818, best_B_strat=,0.372539, best_S_id=,S00, best_S_prof=,5.869216, best_S_strat=,0.942834, 
t=,3157200, id=,B02, PRDE,actvstrat=,-0.921562, actvprof=,0.010050, id=,B03, PRDE,actvstrat=,0.728349, actvprof=,0.042155, id=,B05, PRDE,actvstrat=,0.408398, actvprof=,1.058906, id=,B06, PRDE,actvstrat=,-0.651067, actvprof=,1.044389, id=,B09, PRDE,actvstrat=,0.372539, actvprof=,7.220826, id=,S00, PRDE,actvstrat=,0.942834, actvprof=,5.709659, id=,S02, PRDE,actvstrat=,0.821159, actvprof=,1.893356, id=,S05, PRDE,actvstrat=,0.922641, actvprof=,0.063652, id=,S06, PRDE,actvstrat=,-0.973159, actvprof=,0.022334, id=,S07, PRDE,actvstrat=,-0.258146, actvprof=,0.000000, best_B_id=,B09, best_B_prof=,7.220826, best_B_strat=,0.372539, best_S_id=,S00, best_S_prof=,5.709659, best_S_strat=,0.942834, 
t=,3160800, id=,B02, PRDE,actvstrat=,-0.921562, actvprof=,0.012949, id=,B03, PRDE,actvstrat=,0.728349, actvprof=,0.050125, id=,B05, PRDE,actvstrat=,0.408398, actvprof=,1.087580, id=,B06, PRDE,actvstrat=,-0.651067, actvprof=,1.096491, id=,B09, PRDE,actvstrat=,0.372539, actvprof=,7.259538, id=,S00, PRDE,actvstrat=,0.942834, actvprof=,5.565441, id=,S02, PRDE,actvstrat=,0.821159, actvprof=,1.821359, id=,S05, PRDE,actvstrat=,0.922641, actvprof=,0.068505, id=,S06, PRDE,actvstrat=,-0.973159, actvprof=,0.023670, id=,S07, PRDE,actvstrat=,-0.258146, actvprof=,0.000000, best_B_id=,B09, best_B_prof=,7.259538, best_B_strat=,0.372539, best_S_id=,S00, best_S_prof=,5.565441, best_S_strat=,0.942834, 
t=,3164400, id=,B02, PRDE,actvstrat=,-0.028488, actvprof=,0.000000, id=,B03, PRDE,actvstrat=,0.728349, actvprof=,0.010051, id=,B05, PRDE,actvstrat=,0.408398, actvprof=,0.646602, id=,B06, PRDE,actvstrat=,0.467773, actvprof=,1.960188, id=,B09, PRDE,actvstrat=,0.372539, actvprof=,6.843207, id=,S00, PRDE,actvstrat=,0.570274, actvprof=,4.043498, id=,S02, PRDE,actvstrat=,0.821159, actvprof=,2.299403, id=,S05, PRDE,actvstrat=,0.922641, actvprof=,0.108884, id=,S06, PRDE,actvstrat=,0.984393, actvprof=,0.028477, id=,S07, PRDE,actvstrat=,0.767634, actvprof=,0.001954, best_B_id=,B09, best_B_prof=,6.843207, best_B_strat=,0.372539, best_S_id=,S00, best_S_prof=,4.043498, best_S_strat=,0.570274, 
t=,3168000, id=,B02, PRDE,actvstrat=,-0.028488, actvprof=,0.000000, id=,B03, PRDE,actvstrat=,0.728349, actvprof=,0.018519, id=,B05, PRDE,actvstrat=,0.408398, actvprof=,0.609736, id=,B06, PRDE,actvstrat=,0.467773, actvprof=,1.934334, id=,B09, PRDE,actvstrat=,0.372539, actvprof=,6.751511, id=,S00, PRDE,actvstrat=,0.570274, actvprof=,3.894706, id=,S02, PRDE,actvstrat=,0.821159, actvprof=,2.352196, id=,S05, PRDE,actvstrat=,0.922641, actvprof=,0.102064, id=,S06, PRDE,actvstrat=,0.984393, actvprof=,0.026456, id=,S07, PRDE,actvstrat=,0.767634, actvprof=,0.000975, best_B_id=,B09, best_B_prof=,6.751511, best_B_strat=,0.372539, best_S_id=,S00, best_S_prof=,3.894706, best_S_strat=,0.570274, 
t=,3171600, id=,B02, PRDE,actvstrat=,-0.921562, actvprof=,0.006142, id=,B03, PRDE,actvstrat=,0.728349, actvprof=,0.004188, id=,B05, PRDE,actvstrat=,0.337087, actvprof=,0.329727, id=,B06, PRDE,actvstrat=,0.467773, actvprof=,1.605081, id=,B09, PRDE,actvstrat=,0.372539, actvprof=,6.179940, id=,S00, PRDE,actvstrat=,0.942834, actvprof=,6.798074, id=,S02, PRDE,actvstrat=,-0.254918, actvprof=,0.202694, id=,S05, PRDE,actvstrat=,0.922641, actvprof=,0.066169, id=,S06, PRDE,actvstrat=,0.984393, actvprof=,0.019544, id=,S07, PRDE,actvstrat=,0.767634, actvprof=,0.001675, best_B_id=,B09, best_B_prof=,6.179940, best_B_strat=,0.372539, best_S_id=,S00, best_S_prof=,6.798074, best_S_strat=,0.942834, 
t=,3175200, id=,B02, PRDE,actvstrat=,-0.921562, actvprof=,0.004595, id=,B03, PRDE,actvstrat=,0.728349, actvprof=,0.009190, id=,B05, PRDE,actvstrat=,0.337087, actvprof=,0.362029, id=,B06, PRDE,actvstrat=,0.467773, actvprof=,1.688725, id=,B09, PRDE,actvstrat=,0.372539, actvprof=,6.350541, id=,S00, PRDE,actvstrat=,0.942834, actvprof=,6.680823, id=,S02, PRDE,actvstrat=,-0.254918, actvprof=,0.211648, id=,S05, PRDE,actvstrat=,0.922641, actvprof=,0.059178, id=,S06, PRDE,actvstrat=,0.984393, actvprof=,0.030355, id=,S07, PRDE,actvstrat=,0.767634, actvprof=,0.000835, best_B_id=,B09, best_B_prof=,6.350541, best_B_strat=,0.372539, best_S_id=,S00, best_S_prof=,6.680823, best_S_strat=,0.942834, 
t=,3178800, id=,B02, PRDE,actvstrat=,-0.921562, actvprof=,0.009493, id=,B03, PRDE,actvstrat=,0.728349, actvprof=,0.056118, id=,B05, PRDE,actvstrat=,0.408398, actvprof=,0.793467, id=,B06, PRDE,actvstrat=,0.467773, actvprof=,2.098695, id=,B09, PRDE,actvstrat=,0.372539, actvprof=,6.721854, id=,S00, PRDE,actvstrat=,0.942834, actvprof=,6.048161, id=,S02, PRDE,actvstrat=,0.821159, actvprof=,2.356669, id=,S05, PRDE,actvstrat=,0.922641, actvprof=,0.107489, id=,S06, PRDE,actvstrat=,0.984393, actvprof=,0.037970, id=,S07, PRDE,actvstrat=,0.767634, actvprof=,0.000000, best_B_id=,B09, best_B_prof=,6.721854, best_B_strat=,0.372539, best_S_id=,S00, best_S_prof=,6.048161, best_S_strat=,0.942834, 
t=,3182400, id=,B02, PRDE,actvstrat=,-0.921562, actvprof=,0.007937, id=,B03, PRDE,actvstrat=,0.728349, actvprof=,0.055419, id=,B05, PRDE,actvstrat=,0.408398, actvprof=,0.767785, id=,B06, PRDE,actvstrat=,0.467773, actvprof=,2.104933, id=,B09, PRDE,actvstrat=,0.372539, actvprof=,6.764554, id=,S00, PRDE,actvstrat=,0.942834, actvprof=,6.061796, id=,S02, PRDE,actvstrat=,0.821159, actvprof=,2.211454, id=,S05, PRDE,actvstrat=,0.922641, actvprof=,0.101926, id=,S06, PRDE,actvstrat=,0.984393, actvprof=,0.033418, id=,S07, PRDE,actvstrat=,0.767634, actvprof=,0.000000, best_B_id=,B09, best_B_prof=,6.764554, best_B_strat=,0.372539, best_S_id=,S00, best_S_prof=,6.061796, best_S_strat=,0.942834, 
t=,3186000, id=,B02, PRDE,actvstrat=,-0.921562, actvprof=,0.002792, id=,B03, PRDE,actvstrat=,0.728349, actvprof=,0.015357, id=,B05, PRDE,actvstrat=,0.408398, actvprof=,0.597515, id=,B06, PRDE,actvstrat=,0.467773, actvprof=,2.024292, id=,B09, PRDE,actvstrat=,0.372539, actvprof=,6.544185, id=,S00, PRDE,actvstrat=,0.570274, actvprof=,3.587324, id=,S02, PRDE,actvstrat=,0.821159, actvprof=,2.460422, id=,S05, PRDE,actvstrat=,0.922641, actvprof=,0.070082, id=,S06, PRDE,actvstrat=,0.984393, actvprof=,0.027921, id=,S07, PRDE,actvstrat=,0.767634, actvprof=,0.000000, best_B_id=,B09, best_B_prof=,6.544185, best_B_strat=,0.372539, best_S_id=,S00, best_S_prof=,3.587324, best_S_strat=,0.570274, 
t=,3189600, id=,B02, PRDE,actvstrat=,-0.921562, actvprof=,0.005709, id=,B03, PRDE,actvstrat=,0.728349, actvprof=,0.017545, id=,B05, PRDE,actvstrat=,0.408398, actvprof=,0.578709, id=,B06, PRDE,actvstrat=,0.467773, actvprof=,1.900578, id=,B09, PRDE,actvstrat=,0.372539, actvprof=,6.505605, id=,S00, PRDE,actvstrat=,0.570274, actvprof=,3.769965, id=,S02, PRDE,actvstrat=,0.821159, actvprof=,2.481794, id=,S05, PRDE,actvstrat=,0.922641, actvprof=,0.081042, id=,S06, PRDE,actvstrat=,0.984393, actvprof=,0.035229, id=,S07, PRDE,actvstrat=,0.767634, actvprof=,0.000000, best_B_id=,B09, best_B_prof=,6.505605, best_B_strat=,0.372539, best_S_id=,S00, best_S_prof=,3.769965, best_S_strat=,0.570274, 
t=,3193200, id=,B02, PRDE,actvstrat=,-0.028488, actvprof=,0.008656, id=,B03, PRDE,actvstrat=,-0.142210, actvprof=,0.021500, id=,B05, PRDE,actvstrat=,0.408398, actvprof=,0.825934, id=,B06, PRDE,actvstrat=,0.467773, actvprof=,2.122913, id=,B09, PRDE,actvstrat=,0.372539, actvprof=,6.628693, id=,S00, PRDE,actvstrat=,0.942834, actvprof=,6.013291, id=,S02, PRDE,actvstrat=,0.821159, actvprof=,2.475847, id=,S05, PRDE,actvstrat=,0.794943, actvprof=,0.063104, id=,S06, PRDE,actvstrat=,-0.973159, actvprof=,0.025130, id=,S07, PRDE,actvstrat=,0.767634, actvprof=,0.001675, best_B_id=,B09, best_B_prof=,6.628693, best_B_strat=,0.372539, best_S_id=,S00, best_S_prof=,6.013291, best_S_strat=,0.942834, 
t=,3196800, id=,B02, PRDE,actvstrat=,-0.028488, actvprof=,0.012393, id=,B03, PRDE,actvstrat=,-0.142210, actvprof=,0.017684, id=,B05, PRDE,actvstrat=,0.408398, actvprof=,0.836739, id=,B06, PRDE,actvstrat=,0.467773, actvprof=,2.098323, id=,B09, PRDE,actvstrat=,0.372539, actvprof=,6.487130, id=,S00, PRDE,actvstrat=,0.942834, actvprof=,5.979712, id=,S02, PRDE,actvstrat=,0.821159, actvprof=,2.439480, id=,S05, PRDE,actvstrat=,0.794943, actvprof=,0.072827, id=,S06, PRDE,actvstrat=,-0.973159, actvprof=,0.033559, id=,S07, PRDE,actvstrat=,0.767634, actvprof=,0.003481, best_B_id=,B09, best_B_prof=,6.487130, best_B_strat=,0.372539, best_S_id=,S00, best_S_prof=,5.979712, best_S_strat=,0.942834, 
t=,3200400, id=,B02, PRDE,actvstrat=,-0.921562, actvprof=,0.008377, id=,B03, PRDE,actvstrat=,0.728349, actvprof=,0.057241, id=,B05, PRDE,actvstrat=,-0.146688, actvprof=,0.450668, id=,B06, PRDE,actvstrat=,0.467773, actvprof=,2.352186, id=,B09, PRDE,actvstrat=,0.372539, actvprof=,6.876736, id=,S00, PRDE,actvstrat=,0.942834, actvprof=,5.753975, id=,S02, PRDE,actvstrat=,0.821159, actvprof=,2.080221, id=,S05, PRDE,actvstrat=,0.794943, actvprof=,0.085163, id=,S06, PRDE,actvstrat=,-0.973159, actvprof=,0.027922, id=,S07, PRDE,actvstrat=,-0.113715, actvprof=,0.000000, best_B_id=,B09, best_B_prof=,6.876736, best_B_strat=,0.372539, best_S_id=,S00, best_S_prof=,5.753975, best_S_strat=,0.942834, 
t=,3204000, id=,B02, PRDE,actvstrat=,-0.921562, actvprof=,0.014760, id=,B03, PRDE,actvstrat=,0.728349, actvprof=,0.069068, id=,B05, PRDE,actvstrat=,-0.146688, actvprof=,0.400760, id=,B06, PRDE,actvstrat=,0.467773, actvprof=,2.331874, id=,B09, PRDE,actvstrat=,0.372539, actvprof=,6.920565, id=,S00, PRDE,actvstrat=,0.942834, actvprof=,5.755046, id=,S02, PRDE,actvstrat=,0.821159, actvprof=,2.116733, id=,S05, PRDE,actvstrat=,0.794943, actvprof=,0.069068, id=,S06, PRDE,actvstrat=,-0.973159, actvprof=,0.030496, id=,S07, PRDE,actvstrat=,-0.113715, actvprof=,0.000000, best_B_id=,B09, best_B_prof=,6.920565, best_B_strat=,0.372539, best_S_id=,S00, best_S_prof=,5.755046, best_S_strat=,0.942834, 
t=,3207600, id=,B02, PRDE,actvstrat=,-0.921562, actvprof=,0.004747, id=,B03, PRDE,actvstrat=,0.728349, actvprof=,0.018708, id=,B05, PRDE,actvstrat=,0.408398, actvprof=,0.533869, id=,B06, PRDE,actvstrat=,0.467773, actvprof=,1.853744, id=,B09, PRDE,actvstrat=,0.372539, actvprof=,6.541855, id=,S00, PRDE,actvstrat=,0.570274, actvprof=,3.825320, id=,S02, PRDE,actvstrat=,0.821159, actvprof=,2.531971, id=,S05, PRDE,actvstrat=,0.794943, actvprof=,0.041883, id=,S06, PRDE,actvstrat=,0.984393, actvprof=,0.059753, id=,S07, PRDE,actvstrat=,0.767634, actvprof=,0.000000, best_B_id=,B09, best_B_prof=,6.541855, best_B_strat=,0.372539, best_S_id=,S00, best_S_prof=,3.825320, best_S_strat=,0.570274, 
t=,3211200, id=,B02, PRDE,actvstrat=,-0.921562, actvprof=,0.004038, id=,B03, PRDE,actvstrat=,0.728349, actvprof=,0.024090, id=,B05, PRDE,actvstrat=,0.408398, actvprof=,0.548369, id=,B06, PRDE,actvstrat=,0.467773, actvprof=,1.818473, id=,B09, PRDE,actvstrat=,0.372539, actvprof=,6.504393, id=,S00, PRDE,actvstrat=,0.570274, actvprof=,3.869216, id=,S02, PRDE,actvstrat=,0.821159, actvprof=,2.584490, id=,S05, PRDE,actvstrat=,0.794943, actvprof=,0.039129, id=,S06, PRDE,actvstrat=,0.984393, actvprof=,0.059460, id=,S07, PRDE,actvstrat=,0.767634, actvprof=,0.000975, best_B_id=,B09, best_B_prof=,6.504393, best_B_strat=,0.372539, best_S_id=,S00, best_S_prof=,3.869216, best_S_strat=,0.570274, 
t=,3214800, id=,B02, PRDE,actvstrat=,-0.921562, actvprof=,0.024573, id=,B03, PRDE,actvstrat=,-0.142210, actvprof=,0.017592, id=,B05, PRDE,actvstrat=,0.408398, actvprof=,0.844689, id=,B06, PRDE,actvstrat=,0.467773, actvprof=,2.208757, id=,B09, PRDE,actvstrat=,0.372539, actvprof=,6.815313, id=,S00, PRDE,actvstrat=,0.942834, actvprof=,5.795264, id=,S02, PRDE,actvstrat=,0.821159, actvprof=,2.147325, id=,S05, PRDE,actvstrat=,0.922641, actvprof=,0.101363, id=,S06, PRDE,actvstrat=,0.984393, actvprof=,0.038255, id=,S07, PRDE,actvstrat=,0.767634, actvprof=,0.000000, best_B_id=,B09, best_B_prof=,6.815313, best_B_strat=,0.372539, best_S_id=,S00, best_S_prof=,5.795264, best_S_strat=,0.942834, 
t=,3218400, id=,B02, PRDE,actvstrat=,-0.921562, actvprof=,0.021723, id=,B03, PRDE,actvstrat=,-0.142210, actvprof=,0.017824, id=,B05, PRDE,actvstrat=,0.408398, actvprof=,0.787473, id=,B06, PRDE,actvstrat=,0.467773, actvprof=,2.139336, id=,B09, PRDE,actvstrat=,0.372539, actvprof=,6.777976, id=,S00, PRDE,actvstrat=,0.942834, actvprof=,5.875759, id=,S02, PRDE,actvstrat=,0.821159, actvprof=,2.288336, id=,S05, PRDE,actvstrat=,0.922641, actvprof=,0.096502, id=,S06, PRDE,actvstrat=,0.984393, actvprof=,0.036206, id=,S07, PRDE,actvstrat=,0.767634, actvprof=,0.000000, best_B_id=,B09, best_B_prof=,6.777976, best_B_strat=,0.372539, best_S_id=,S00, best_S_prof=,5.875759, best_S_strat=,0.942834, 
t=,3222000, id=,B02, PRDE,actvstrat=,-0.921562, actvprof=,0.001675, id=,B03, PRDE,actvstrat=,0.728349, actvprof=,0.007819, id=,B05, PRDE,actvstrat=,0.408398, actvprof=,0.597286, id=,B06, PRDE,actvstrat=,0.467773, actvprof=,1.939015, id=,B09, PRDE,actvstrat=,0.372539, actvprof=,6.529655, id=,S00, PRDE,actvstrat=,0.570274, actvprof=,3.808500, id=,S02, PRDE,actvstrat=,0.821159, actvprof=,2.482129, id=,S05, PRDE,actvstrat=,0.794943, actvprof=,0.060315, id=,S06, PRDE,actvstrat=,0.984393, actvprof=,0.035463, id=,S07, PRDE,actvstrat=,0.767634, actvprof=,0.003909, best_B_id=,B09, best_B_prof=,6.529655, best_B_strat=,0.372539, best_S_id=,S00, best_S_prof=,3.808500, best_S_strat=,0.570274, 
t=,3225600, id=,B02, PRDE,actvstrat=,-0.921562, actvprof=,0.004178, id=,B03, PRDE,actvstrat=,0.728349, actvprof=,0.018660, id=,B05, PRDE,actvstrat=,0.408398, actvprof=,0.574007, id=,B06, PRDE,actvstrat=,0.467773, actvprof=,1.894974, id=,B09, PRDE,actvstrat=,0.372539, actvprof=,6.565846, id=,S00, PRDE,actvstrat=,0.570274, actvprof=,3.873919, id=,S02, PRDE,actvstrat=,0.821159, actvprof=,2.467728, id=,S05, PRDE,actvstrat=,0.794943, actvprof=,0.047207, id=,S06, PRDE,actvstrat=,0.984393, actvprof=,0.042473, id=,S07, PRDE,actvstrat=,0.767634, actvprof=,0.002367, best_B_id=,B09, best_B_prof=,6.565846, best_B_strat=,0.372539, best_S_id=,S00, best_S_prof=,3.873919, best_S_strat=,0.570274, 
t=,3229200, id=,B02, PRDE,actvstrat=,-0.921562, actvprof=,0.012845, id=,B03, PRDE,actvstrat=,0.728349, actvprof=,0.044959, id=,B05, PRDE,actvstrat=,0.408398, actvprof=,0.758437, id=,B06, PRDE,actvstrat=,0.467773, actvprof=,1.958364, id=,B09, PRDE,actvstrat=,0.372539, actvprof=,6.351210, id=,S00, PRDE,actvstrat=,0.942834, actvprof=,6.139819, id=,S02, PRDE,actvstrat=,0.821159, actvprof=,2.472459, id=,S05, PRDE,actvstrat=,0.794943, actvprof=,0.111141, id=,S06, PRDE,actvstrat=,-0.973159, actvprof=,0.038536, id=,S07, PRDE,actvstrat=,0.767634, actvprof=,0.009774, best_B_id=,B09, best_B_prof=,6.351210, best_B_strat=,0.372539, best_S_id=,S00, best_S_prof=,6.139819, best_S_strat=,0.942834, 
t=,3232800, id=,B02, PRDE,actvstrat=,-0.921562, actvprof=,0.013647, id=,B03, PRDE,actvstrat=,0.728349, actvprof=,0.060437, id=,B05, PRDE,actvstrat=,0.408398, actvprof=,0.736522, id=,B06, PRDE,actvstrat=,0.467773, actvprof=,2.006392, id=,B09, PRDE,actvstrat=,0.372539, actvprof=,6.323727, id=,S00, PRDE,actvstrat=,0.942834, actvprof=,6.010820, id=,S02, PRDE,actvstrat=,0.821159, actvprof=,2.430703, id=,S05, PRDE,actvstrat=,0.794943, actvprof=,0.111544, id=,S06, PRDE,actvstrat=,-0.973159, actvprof=,0.028965, id=,S07, PRDE,actvstrat=,0.767634, actvprof=,0.006266, best_B_id=,B09, best_B_prof=,6.323727, best_B_strat=,0.372539, best_S_id=,S00, best_S_prof=,6.010820, best_S_strat=,0.942834, 
t=,3236400, id=,B02, PRDE,actvstrat=,-0.921562, actvprof=,0.009774, id=,B03, PRDE,actvstrat=,0.728349, actvprof=,0.051662, id=,B05, PRDE,actvstrat=,0.408398, actvprof=,0.711533, id=,B06, PRDE,actvstrat=,0.467773, actvprof=,2.110584, id=,B09, PRDE,actvstrat=,0.372539, actvprof=,6.718235, id=,S00, PRDE,actvstrat=,0.942834, actvprof=,6.050265, id=,S02, PRDE,actvstrat=,0.821159, actvprof=,2.315554, id=,S05, PRDE,actvstrat=,0.922641, actvprof=,0.071488, id=,S06, PRDE,actvstrat=,0.984393, actvprof=,0.036023, id=,S07, PRDE,actvstrat=,0.767634, actvprof=,0.000000, best_B_id=,B09, best_B_prof=,6.718235, best_B_strat=,0.372539, best_S_id=,S00, best_S_prof=,6.050265, best_S_strat=,0.942834, 
t=,3240000, id=,B02, PRDE,actvstrat=,-0.921562, actvprof=,0.015597, id=,B03, PRDE,actvstrat=,0.728349, actvprof=,0.037738, id=,B05, PRDE,actvstrat=,0.408398, actvprof=,0.763821, id=,B06, PRDE,actvstrat=,0.467773, actvprof=,2.147890, id=,B09, PRDE,actvstrat=,0.372539, actvprof=,6.778722, id=,S00, PRDE,actvstrat=,0.942834, actvprof=,5.970338, id=,S02, PRDE,actvstrat=,0.821159, actvprof=,2.260409, id=,S05, PRDE,actvstrat=,0.922641, actvprof=,0.057791, id=,S06, PRDE,actvstrat=,0.984393, actvprof=,0.032586, id=,S07, PRDE,actvstrat=,0.767634, actvprof=,0.000000, best_B_id=,B09, best_B_prof=,6.778722, best_B_strat=,0.372539, best_S_id=,S00, best_S_prof=,5.970338, best_S_strat=,0.942834, 
t=,3243600, id=,B02, PRDE,actvstrat=,-0.028488, actvprof=,0.000000, id=,B03, PRDE,actvstrat=,0.728349, actvprof=,0.047194, id=,B05, PRDE,actvstrat=,-0.429182, actvprof=,0.447367, id=,B06, PRDE,actvstrat=,0.467773, actvprof=,2.593725, id=,B09, PRDE,actvstrat=,0.372539, actvprof=,7.477904, id=,S00, PRDE,actvstrat=,0.942834, actvprof=,5.548248, id=,S02, PRDE,actvstrat=,0.821159, actvprof=,1.845600, id=,S05, PRDE,actvstrat=,0.922641, actvprof=,0.032394, id=,S06, PRDE,actvstrat=,0.984393, actvprof=,0.020386, id=,S07, PRDE,actvstrat=,0.767634, actvprof=,0.000559, best_B_id=,B09, best_B_prof=,7.477904, best_B_strat=,0.372539, best_S_id=,S00, best_S_prof=,5.548248, best_S_strat=,0.942834, 
t=,3247200, id=,B02, PRDE,actvstrat=,-0.028488, actvprof=,0.003064, id=,B03, PRDE,actvstrat=,0.728349, actvprof=,0.055285, id=,B05, PRDE,actvstrat=,-0.429182, actvprof=,0.407467, id=,B06, PRDE,actvstrat=,0.467773, actvprof=,2.615949, id=,B09, PRDE,actvstrat=,0.372539, actvprof=,7.508338, id=,S00, PRDE,actvstrat=,0.942834, actvprof=,5.490221, id=,S02, PRDE,actvstrat=,0.821159, actvprof=,1.809510, id=,S05, PRDE,actvstrat=,0.922641, actvprof=,0.043031, id=,S06, PRDE,actvstrat=,0.984393, actvprof=,0.019775, id=,S07, PRDE,actvstrat=,0.767634, actvprof=,0.000279, best_B_id=,B09, best_B_prof=,7.508338, best_B_strat=,0.372539, best_S_id=,S00, best_S_prof=,5.490221, best_S_strat=,0.942834, 
t=,3250800, id=,B02, PRDE,actvstrat=,-0.921562, actvprof=,0.017593, id=,B03, PRDE,actvstrat=,-0.142210, actvprof=,0.019827, id=,B05, PRDE,actvstrat=,0.408398, actvprof=,0.795331, id=,B06, PRDE,actvstrat=,0.467773, actvprof=,2.210617, id=,B09, PRDE,actvstrat=,0.372539, actvprof=,6.867547, id=,S00, PRDE,actvstrat=,0.942834, actvprof=,5.869474, id=,S02, PRDE,actvstrat=,0.821159, actvprof=,2.106733, id=,S05, PRDE,actvstrat=,0.922641, actvprof=,0.079030, id=,S06, PRDE,actvstrat=,0.984393, actvprof=,0.030439, id=,S07, PRDE,actvstrat=,0.767634, actvprof=,0.002793, best_B_id=,B09, best_B_prof=,6.867547, best_B_strat=,0.372539, best_S_id=,S00, best_S_prof=,5.869474, best_S_strat=,0.942834, 
t=,3254400, id=,B02, PRDE,actvstrat=,-0.921562, actvprof=,0.022142, id=,B03, PRDE,actvstrat=,-0.142210, actvprof=,0.015179, id=,B05, PRDE,actvstrat=,0.408398, actvprof=,0.819953, id=,B06, PRDE,actvstrat=,0.467773, actvprof=,2.214346, id=,B09, PRDE,actvstrat=,0.372539, actvprof=,6.833962, id=,S00, PRDE,actvstrat=,0.942834, actvprof=,5.810971, id=,S02, PRDE,actvstrat=,0.821159, actvprof=,2.141654, id=,S05, PRDE,actvstrat=,0.922641, actvprof=,0.084669, id=,S06, PRDE,actvstrat=,0.984393, actvprof=,0.026738, id=,S07, PRDE,actvstrat=,0.767634, actvprof=,0.001393, best_B_id=,B09, best_B_prof=,6.833962, best_B_strat=,0.372539, best_S_id=,S00, best_S_prof=,5.810971, best_S_strat=,0.942834, 
t=,3258000, id=,B02, PRDE,actvstrat=,-0.921562, actvprof=,0.012567, id=,B03, PRDE,actvstrat=,0.728349, actvprof=,0.025134, id=,B05, PRDE,actvstrat=,0.408398, actvprof=,0.541771, id=,B06, PRDE,actvstrat=,0.467773, actvprof=,1.981652, id=,B09, PRDE,actvstrat=,0.372539, actvprof=,6.522474, id=,S00, PRDE,actvstrat=,0.570274, actvprof=,4.057137, id=,S02, PRDE,actvstrat=,0.821159, actvprof=,2.418979, id=,S05, PRDE,actvstrat=,0.922641, actvprof=,0.081545, id=,S06, PRDE,actvstrat=,0.984393, actvprof=,0.029602, id=,S07, PRDE,actvstrat=,0.767634, actvprof=,0.000000, best_B_id=,B09, best_B_prof=,6.522474, best_B_strat=,0.372539, best_S_id=,S00, best_S_prof=,4.057137, best_S_strat=,0.570274, 
t=,3261600, id=,B02, PRDE,actvstrat=,-0.921562, actvprof=,0.009887, id=,B03, PRDE,actvstrat=,0.728349, actvprof=,0.019496, id=,B05, PRDE,actvstrat=,0.408398, actvprof=,0.565389, id=,B06, PRDE,actvstrat=,0.467773, actvprof=,1.886672, id=,B09, PRDE,actvstrat=,0.372539, actvprof=,6.603629, id=,S00, PRDE,actvstrat=,0.570274, actvprof=,3.955075, id=,S02, PRDE,actvstrat=,0.821159, actvprof=,2.470164, id=,S05, PRDE,actvstrat=,0.922641, actvprof=,0.072414, id=,S06, PRDE,actvstrat=,0.984393, actvprof=,0.029244, id=,S07, PRDE,actvstrat=,0.767634, actvprof=,0.000000, best_B_id=,B09, best_B_prof=,6.603629, best_B_strat=,0.372539, best_S_id=,S00, best_S_prof=,3.955075, best_S_strat=,0.570274, 
t=,3265200, id=,B02, PRDE,actvstrat=,-0.921562, actvprof=,0.010053, id=,B03, PRDE,actvstrat=,0.728349, actvprof=,0.046358, id=,B05, PRDE,actvstrat=,0.408398, actvprof=,0.739768, id=,B06, PRDE,actvstrat=,0.467773, actvprof=,1.974112, id=,B09, PRDE,actvstrat=,0.372539, actvprof=,6.414399, id=,S00, PRDE,actvstrat=,0.942834, actvprof=,6.018403, id=,S02, PRDE,actvstrat=,0.821159, actvprof=,2.362847, id=,S05, PRDE,actvstrat=,0.922641, actvprof=,0.117849, id=,S06, PRDE,actvstrat=,-0.973159, actvprof=,0.050547, id=,S07, PRDE,actvstrat=,0.767634, actvprof=,0.000000, best_B_id=,B09, best_B_prof=,6.414399, best_B_strat=,0.372539, best_S_id=,S00, best_S_prof=,6.018403, best_S_strat=,0.942834, 
t=,3268800, id=,B02, PRDE,actvstrat=,-0.921562, actvprof=,0.009191, id=,B03, PRDE,actvstrat=,0.728349, actvprof=,0.065174, id=,B05, PRDE,actvstrat=,0.408398, actvprof=,0.749777, id=,B06, PRDE,actvstrat=,0.467773, actvprof=,2.066622, id=,B09, PRDE,actvstrat=,0.372539, actvprof=,6.494959, id=,S00, PRDE,actvstrat=,0.942834, actvprof=,6.023981, id=,S02, PRDE,actvstrat=,0.821159, actvprof=,2.304479, id=,S05, PRDE,actvstrat=,0.922641, actvprof=,0.124638, id=,S06, PRDE,actvstrat=,-0.973159, actvprof=,0.042335, id=,S07, PRDE,actvstrat=,0.767634, actvprof=,0.001810, best_B_id=,B09, best_B_prof=,6.494959, best_B_strat=,0.372539, best_S_id=,S00, best_S_prof=,6.023981, best_S_strat=,0.942834, 
t=,3272400, id=,B02, PRDE,actvstrat=,-0.921562, actvprof=,0.012288, id=,B03, PRDE,actvstrat=,0.728349, actvprof=,0.072330, id=,B05, PRDE,actvstrat=,0.408398, actvprof=,0.834171, id=,B06, PRDE,actvstrat=,0.467773, actvprof=,2.127458, id=,B09, PRDE,actvstrat=,-0.078231, actvprof=,5.662980, id=,S00, PRDE,actvstrat=,0.942834, actvprof=,5.933032, id=,S02, PRDE,actvstrat=,0.821159, actvprof=,2.150637, id=,S05, PRDE,actvstrat=,0.794943, actvprof=,0.028485, id=,S06, PRDE,actvstrat=,0.984393, actvprof=,0.031836, id=,S07, PRDE,actvstrat=,0.619199, actvprof=,0.000000, best_B_id=,B09, best_B_prof=,5.662980, best_B_strat=,-0.078231, best_S_id=,S00, best_S_prof=,5.933032, best_S_strat=,0.942834, 
t=,3276000, id=,B02, PRDE,actvstrat=,-0.921562, actvprof=,0.013508, id=,B03, PRDE,actvstrat=,0.728349, actvprof=,0.069770, id=,B05, PRDE,actvstrat=,0.408398, actvprof=,0.839188, id=,B06, PRDE,actvstrat=,0.467773, actvprof=,2.147269, id=,B09, PRDE,actvstrat=,-0.078231, actvprof=,5.618076, id=,S00, PRDE,actvstrat=,0.942834, actvprof=,6.004526, id=,S02, PRDE,actvstrat=,0.821159, actvprof=,2.202555, id=,S05, PRDE,actvstrat=,0.794943, actvprof=,0.032866, id=,S06, PRDE,actvstrat=,0.984393, actvprof=,0.030359, id=,S07, PRDE,actvstrat=,0.619199, actvprof=,0.000139, best_B_id=,B09, best_B_prof=,5.618076, best_B_strat=,-0.078231, best_S_id=,S00, best_S_prof=,6.004526, best_S_strat=,0.942834, 
t=,3279600, id=,B02, PRDE,actvstrat=,-0.921562, actvprof=,0.005027, id=,B03, PRDE,actvstrat=,0.728349, actvprof=,0.013126, id=,B05, PRDE,actvstrat=,0.408398, actvprof=,0.592901, id=,B06, PRDE,actvstrat=,0.467773, actvprof=,1.901863, id=,B09, PRDE,actvstrat=,0.372539, actvprof=,6.604854, id=,S00, PRDE,actvstrat=,0.570274, actvprof=,3.646214, id=,S02, PRDE,actvstrat=,0.821159, actvprof=,2.550619, id=,S05, PRDE,actvstrat=,0.922641, actvprof=,0.068702, id=,S06, PRDE,actvstrat=,0.984393, actvprof=,0.025693, id=,S07, PRDE,actvstrat=,0.767634, actvprof=,0.000000, best_B_id=,B09, best_B_prof=,6.604854, best_B_strat=,0.372539, best_S_id=,S00, best_S_prof=,3.646214, best_S_strat=,0.570274, 
t=,3283200, id=,B02, PRDE,actvstrat=,-0.921562, actvprof=,0.004039, id=,B03, PRDE,actvstrat=,0.728349, actvprof=,0.016433, id=,B05, PRDE,actvstrat=,0.408398, actvprof=,0.604816, id=,B06, PRDE,actvstrat=,0.467773, actvprof=,1.919869, id=,B09, PRDE,actvstrat=,0.372539, actvprof=,6.612308, id=,S00, PRDE,actvstrat=,0.570274, actvprof=,3.800187, id=,S02, PRDE,actvstrat=,0.821159, actvprof=,2.460763, id=,S05, PRDE,actvstrat=,0.922641, actvprof=,0.071442, id=,S06, PRDE,actvstrat=,0.984393, actvprof=,0.027435, id=,S07, PRDE,actvstrat=,0.767634, actvprof=,0.000000, best_B_id=,B09, best_B_prof=,6.612308, best_B_strat=,0.372539, best_S_id=,S00, best_S_prof=,3.800187, best_S_strat=,0.570274, 
t=,3286800, id=,B02, PRDE,actvstrat=,-0.921562, actvprof=,0.013126, id=,B03, PRDE,actvstrat=,0.728349, actvprof=,0.046919, id=,B05, PRDE,actvstrat=,0.408398, actvprof=,0.839233, id=,B06, PRDE,actvstrat=,0.467773, actvprof=,2.223898, id=,B09, PRDE,actvstrat=,0.372539, actvprof=,6.693757, id=,S00, PRDE,actvstrat=,0.942834, actvprof=,5.881893, id=,S02, PRDE,actvstrat=,0.821159, actvprof=,2.156033, id=,S05, PRDE,actvstrat=,0.922641, actvprof=,0.153045, id=,S06, PRDE,actvstrat=,-0.973159, actvprof=,0.025135, id=,S07, PRDE,actvstrat=,0.767634, actvprof=,0.000000, best_B_id=,B09, best_B_prof=,6.693757, best_B_strat=,0.372539, best_S_id=,S00, best_S_prof=,5.881893, best_S_strat=,0.942834, 
t=,3290400, id=,B02, PRDE,actvstrat=,-0.921562, actvprof=,0.016851, id=,B03, PRDE,actvstrat=,0.728349, actvprof=,0.064061, id=,B05, PRDE,actvstrat=,0.408398, actvprof=,0.827502, id=,B06, PRDE,actvstrat=,0.467773, actvprof=,2.135740, id=,B09, PRDE,actvstrat=,0.372539, actvprof=,6.791446, id=,S00, PRDE,actvstrat=,0.942834, actvprof=,5.877602, id=,S02, PRDE,actvstrat=,0.821159, actvprof=,2.160946, id=,S05, PRDE,actvstrat=,0.922641, actvprof=,0.141770, id=,S06, PRDE,actvstrat=,-0.973159, actvprof=,0.022282, id=,S07, PRDE,actvstrat=,0.767634, actvprof=,0.002228, best_B_id=,B09, best_B_prof=,6.791446, best_B_strat=,0.372539, best_S_id=,S00, best_S_prof=,5.877602, best_S_strat=,0.942834, 
t=,3294000, id=,B02, PRDE,actvstrat=,-0.921562, actvprof=,0.006703, id=,B03, PRDE,actvstrat=,0.728349, actvprof=,0.014523, id=,B05, PRDE,actvstrat=,0.408398, actvprof=,0.529241, id=,B06, PRDE,actvstrat=,0.467773, actvprof=,1.813104, id=,B09, PRDE,actvstrat=,0.372539, actvprof=,6.171312, id=,S00, PRDE,actvstrat=,0.570274, actvprof=,4.292297, id=,S02, PRDE,actvstrat=,0.821159, actvprof=,2.681394, id=,S05, PRDE,actvstrat=,0.922641, actvprof=,0.163101, id=,S06, PRDE,actvstrat=,-0.973159, actvprof=,0.045244, id=,S07, PRDE,actvstrat=,0.767634, actvprof=,0.003910, best_B_id=,B09, best_B_prof=,6.171312, best_B_strat=,0.372539, best_S_id=,S00, best_S_prof=,4.292297, best_S_strat=,0.570274, 
t=,3297600, id=,B02, PRDE,actvstrat=,-0.921562, actvprof=,0.005431, id=,B03, PRDE,actvstrat=,0.728349, actvprof=,0.018661, id=,B05, PRDE,actvstrat=,0.408398, actvprof=,0.532268, id=,B06, PRDE,actvstrat=,0.467773, actvprof=,1.822967, id=,B09, PRDE,actvstrat=,0.372539, actvprof=,6.320642, id=,S00, PRDE,actvstrat=,0.570274, actvprof=,4.175417, id=,S02, PRDE,actvstrat=,0.821159, actvprof=,2.625686, id=,S05, PRDE,actvstrat=,0.922641, actvprof=,0.132440, id=,S06, PRDE,actvstrat=,-0.973159, actvprof=,0.036069, id=,S07, PRDE,actvstrat=,0.767634, actvprof=,0.002646, best_B_id=,B09, best_B_prof=,6.320642, best_B_strat=,0.372539, best_S_id=,S00, best_S_prof=,4.175417, best_S_strat=,0.570274, 
t=,3301200, id=,B02, PRDE,actvstrat=,-0.921562, actvprof=,0.003352, id=,B03, PRDE,actvstrat=,0.728349, actvprof=,0.010055, id=,B05, PRDE,actvstrat=,0.408398, actvprof=,0.677289, id=,B06, PRDE,actvstrat=,0.467773, actvprof=,1.937745, id=,B09, PRDE,actvstrat=,0.372539, actvprof=,6.628496, id=,S00, PRDE,actvstrat=,0.570274, actvprof=,3.817397, id=,S02, PRDE,actvstrat=,0.821159, actvprof=,2.322613, id=,S05, PRDE,actvstrat=,0.922641, actvprof=,0.065076, id=,S06, PRDE,actvstrat=,0.984393, actvprof=,0.046642, id=,S07, PRDE,actvstrat=,0.767634, actvprof=,0.000279, best_B_id=,B09, best_B_prof=,6.628496, best_B_strat=,0.372539, best_S_id=,S00, best_S_prof=,3.817397, best_S_strat=,0.570274, 
t=,3304800, id=,B02, PRDE,actvstrat=,-0.921562, actvprof=,0.004317, id=,B03, PRDE,actvstrat=,0.728349, actvprof=,0.008356, id=,B05, PRDE,actvstrat=,0.408398, actvprof=,0.662489, id=,B06, PRDE,actvstrat=,0.467773, actvprof=,1.941090, id=,B09, PRDE,actvstrat=,0.372539, actvprof=,6.593831, id=,S00, PRDE,actvstrat=,0.570274, actvprof=,3.764780, id=,S02, PRDE,actvstrat=,0.821159, actvprof=,2.361953, id=,S05, PRDE,actvstrat=,0.922641, actvprof=,0.061973, id=,S06, PRDE,actvstrat=,0.984393, actvprof=,0.039969, id=,S07, PRDE,actvstrat=,0.767634, actvprof=,0.000139, best_B_id=,B09, best_B_prof=,6.593831, best_B_strat=,0.372539, best_S_id=,S00, best_S_prof=,3.764780, best_S_strat=,0.570274, 
t=,3308400, id=,B02, PRDE,actvstrat=,-0.921562, actvprof=,0.019552, id=,B03, PRDE,actvstrat=,0.728349, actvprof=,0.061449, id=,B05, PRDE,actvstrat=,0.408398, actvprof=,0.667281, id=,B06, PRDE,actvstrat=,0.467773, actvprof=,1.857438, id=,B09, PRDE,actvstrat=,0.372539, actvprof=,6.347131, id=,S00, PRDE,actvstrat=,0.942834, actvprof=,6.056645, id=,S02, PRDE,actvstrat=,0.821159, actvprof=,2.509078, id=,S05, PRDE,actvstrat=,-0.876709, actvprof=,0.000000, id=,S06, PRDE,actvstrat=,-0.973159, actvprof=,0.035194, id=,S07, PRDE,actvstrat=,0.767634, actvprof=,0.013407, best_B_id=,B09, best_B_prof=,6.347131, best_B_strat=,0.372539, best_S_id=,S00, best_S_prof=,6.056645, best_S_strat=,0.942834, 
t=,3312000, id=,B02, PRDE,actvstrat=,-0.921562, actvprof=,0.012674, id=,B03, PRDE,actvstrat=,0.728349, actvprof=,0.053759, id=,B05, PRDE,actvstrat=,0.408398, actvprof=,0.638840, id=,B06, PRDE,actvstrat=,0.467773, actvprof=,1.882956, id=,B09, PRDE,actvstrat=,0.372539, actvprof=,6.336453, id=,S00, PRDE,actvstrat=,0.942834, actvprof=,6.191610, id=,S02, PRDE,actvstrat=,0.821159, actvprof=,2.596446, id=,S05, PRDE,actvstrat=,-0.876709, actvprof=,0.000000, id=,S06, PRDE,actvstrat=,-0.973159, actvprof=,0.044706, id=,S07, PRDE,actvstrat=,0.767634, actvprof=,0.010585, best_B_id=,B09, best_B_prof=,6.336453, best_B_strat=,0.372539, best_S_id=,S00, best_S_prof=,6.191610, best_S_strat=,0.942834, 
t=,3315600, id=,B02, PRDE,actvstrat=,-0.921562, actvprof=,0.010335, id=,B03, PRDE,actvstrat=,0.728349, actvprof=,0.054188, id=,B05, PRDE,actvstrat=,0.447268, actvprof=,0.834043, id=,B06, PRDE,actvstrat=,0.467773, actvprof=,2.029524, id=,B09, PRDE,actvstrat=,0.372539, actvprof=,6.784632, id=,S00, PRDE,actvstrat=,0.942834, actvprof=,6.003938, id=,S02, PRDE,actvstrat=,0.821159, actvprof=,2.229516, id=,S05, PRDE,actvstrat=,0.922641, actvprof=,0.066478, id=,S06, PRDE,actvstrat=,0.984393, actvprof=,0.033518, id=,S07, PRDE,actvstrat=,0.767634, actvprof=,0.000000, best_B_id=,B09, best_B_prof=,6.784632, best_B_strat=,0.372539, best_S_id=,S00, best_S_prof=,6.003938, best_S_strat=,0.942834, 
t=,3319200, id=,B02, PRDE,actvstrat=,-0.921562, actvprof=,0.009749, id=,B03, PRDE,actvstrat=,0.728349, actvprof=,0.051531, id=,B05, PRDE,actvstrat=,0.447268, actvprof=,0.799705, id=,B06, PRDE,actvstrat=,0.467773, actvprof=,2.105527, id=,B09, PRDE,actvstrat=,0.372539, actvprof=,6.751112, id=,S00, PRDE,actvstrat=,0.942834, actvprof=,5.990683, id=,S02, PRDE,actvstrat=,0.821159, actvprof=,2.277529, id=,S05, PRDE,actvstrat=,0.922641, actvprof=,0.058912, id=,S06, PRDE,actvstrat=,0.984393, actvprof=,0.034679, id=,S07, PRDE,actvstrat=,0.767634, actvprof=,0.000000, best_B_id=,B09, best_B_prof=,6.751112, best_B_strat=,0.372539, best_S_id=,S00, best_S_prof=,5.990683, best_S_strat=,0.942834, 
t=,3322800, id=,B02, PRDE,actvstrat=,-0.028488, actvprof=,0.000000, id=,B03, PRDE,actvstrat=,0.728349, actvprof=,0.050278, id=,B05, PRDE,actvstrat=,0.408398, actvprof=,0.748303, id=,B06, PRDE,actvstrat=,0.467773, actvprof=,2.100500, id=,B09, PRDE,actvstrat=,0.372539, actvprof=,6.774112, id=,S00, PRDE,actvstrat=,0.942834, actvprof=,6.084188, id=,S02, PRDE,actvstrat=,0.821159, actvprof=,2.289322, id=,S05, PRDE,actvstrat=,0.922641, actvprof=,0.077093, id=,S06, PRDE,actvstrat=,0.984393, actvprof=,0.032681, id=,S07, PRDE,actvstrat=,0.767634, actvprof=,0.000000, best_B_id=,B09, best_B_prof=,6.774112, best_B_strat=,0.372539, best_S_id=,S00, best_S_prof=,6.084188, best_S_strat=,0.942834, 
t=,3326400, id=,B02, PRDE,actvstrat=,-0.028488, actvprof=,0.003482, id=,B03, PRDE,actvstrat=,0.728349, actvprof=,0.058773, id=,B05, PRDE,actvstrat=,0.408398, actvprof=,0.776168, id=,B06, PRDE,actvstrat=,0.467773, actvprof=,2.134217, id=,B09, PRDE,actvstrat=,0.372539, actvprof=,6.893728, id=,S00, PRDE,actvstrat=,0.942834, actvprof=,5.959346, id=,S02, PRDE,actvstrat=,0.821159, actvprof=,2.221124, id=,S05, PRDE,actvstrat=,0.922641, actvprof=,0.082728, id=,S06, PRDE,actvstrat=,0.984393, actvprof=,0.034818, id=,S07, PRDE,actvstrat=,0.767634, actvprof=,0.000000, best_B_id=,B09, best_B_prof=,6.893728, best_B_strat=,0.372539, best_S_id=,S00, best_S_prof=,5.959346, best_S_strat=,0.942834, 
t=,3330000, id=,B02, PRDE,actvstrat=,-0.921562, actvprof=,0.003352, id=,B03, PRDE,actvstrat=,0.728349, actvprof=,0.016480, id=,B05, PRDE,actvstrat=,0.408398, actvprof=,0.553903, id=,B06, PRDE,actvstrat=,0.467773, actvprof=,1.766176, id=,B09, PRDE,actvstrat=,0.372539, actvprof=,6.351029, id=,S00, PRDE,actvstrat=,0.570274, actvprof=,3.835421, id=,S02, PRDE,actvstrat=,0.821159, actvprof=,2.756107, id=,S05, PRDE,actvstrat=,0.922641, actvprof=,0.158936, id=,S06, PRDE,actvstrat=,-0.973159, actvprof=,0.041620, id=,S07, PRDE,actvstrat=,0.767634, actvprof=,0.000000, best_B_id=,B09, best_B_prof=,6.351029, best_B_strat=,0.372539, best_S_id=,S00, best_S_prof=,3.835421, best_S_strat=,0.570274, 
t=,3333600, id=,B02, PRDE,actvstrat=,-0.921562, actvprof=,0.006267, id=,B03, PRDE,actvstrat=,0.728349, actvprof=,0.016434, id=,B05, PRDE,actvstrat=,0.408398, actvprof=,0.588018, id=,B06, PRDE,actvstrat=,0.467773, actvprof=,1.792188, id=,B09, PRDE,actvstrat=,0.372539, actvprof=,6.332129, id=,S00, PRDE,actvstrat=,0.570274, actvprof=,3.858608, id=,S02, PRDE,actvstrat=,0.821159, actvprof=,2.641625, id=,S05, PRDE,actvstrat=,0.922641, actvprof=,0.149024, id=,S06, PRDE,actvstrat=,-0.973159, actvprof=,0.034540, id=,S07, PRDE,actvstrat=,0.767634, actvprof=,0.000418, best_B_id=,B09, best_B_prof=,6.332129, best_B_strat=,0.372539, best_S_id=,S00, best_S_prof=,3.858608, best_S_strat=,0.570274, 
t=,3337200, id=,B02, PRDE,actvstrat=,-0.921562, actvprof=,0.015084, id=,B03, PRDE,actvstrat=,0.728349, actvprof=,0.065642, id=,B05, PRDE,actvstrat=,0.408398, actvprof=,0.698324, id=,B06, PRDE,actvstrat=,0.467773, actvprof=,2.091620, id=,B09, PRDE,actvstrat=,0.372539, actvprof=,6.593855, id=,S00, PRDE,actvstrat=,0.942834, actvprof=,6.091620, id=,S02, PRDE,actvstrat=,0.821159, actvprof=,2.388268, id=,S05, PRDE,actvstrat=,0.922641, actvprof=,0.133799, id=,S06, PRDE,actvstrat=,-0.973159, actvprof=,0.024302, id=,S07, PRDE,actvstrat=,0.767634, actvprof=,0.000838, best_B_id=,B09, best_B_prof=,6.593855, best_B_strat=,0.372539, best_S_id=,S00, best_S_prof=,6.091620, best_S_strat=,0.942834, 
t=,3340800, id=,B02, PRDE,actvstrat=,-0.921562, actvprof=,0.013928, id=,B03, PRDE,actvstrat=,0.728349, actvprof=,0.056267, id=,B05, PRDE,actvstrat=,0.408398, actvprof=,0.739554, id=,B06, PRDE,actvstrat=,0.467773, actvprof=,2.034123, id=,B09, PRDE,actvstrat=,0.372539, actvprof=,6.568802, id=,S00, PRDE,actvstrat=,0.942834, actvprof=,6.142897, id=,S02, PRDE,actvstrat=,0.821159, actvprof=,2.338301, id=,S05, PRDE,actvstrat=,0.922641, actvprof=,0.155153, id=,S06, PRDE,actvstrat=,-0.973159, actvprof=,0.028412, id=,S07, PRDE,actvstrat=,0.767634, actvprof=,0.001253, best_B_id=,B09, best_B_prof=,6.568802, best_B_strat=,0.372539, best_S_id=,S00, best_S_prof=,6.142897, best_S_strat=,0.942834, 
t=,3344400, id=,B02, PRDE,actvstrat=,-0.921562, actvprof=,0.003352, id=,B03, PRDE,actvstrat=,0.728349, actvprof=,0.028213, id=,B05, PRDE,actvstrat=,0.408398, actvprof=,0.468722, id=,B06, PRDE,actvstrat=,0.467773, actvprof=,1.710359, id=,B09, PRDE,actvstrat=,0.372539, actvprof=,6.329697, id=,S00, PRDE,actvstrat=,0.942834, actvprof=,6.423833, id=,S02, PRDE,actvstrat=,0.087778, actvprof=,0.820403, id=,S05, PRDE,actvstrat=,0.922641, actvprof=,0.084359, id=,S06, PRDE,actvstrat=,0.984393, actvprof=,0.039107, id=,S07, PRDE,actvstrat=,0.767634, actvprof=,0.000000, best_B_id=,B09, best_B_prof=,6.329697, best_B_strat=,0.372539, best_S_id=,S00, best_S_prof=,6.423833, best_S_strat=,0.942834, 
t=,3348000, id=,B02, PRDE,actvstrat=,-0.921562, actvprof=,0.006407, id=,B03, PRDE,actvstrat=,0.728349, actvprof=,0.026880, id=,B05, PRDE,actvstrat=,0.408398, actvprof=,0.439836, id=,B06, PRDE,actvstrat=,0.467773, actvprof=,1.678424, id=,B09, PRDE,actvstrat=,0.372539, actvprof=,6.319960, id=,S00, PRDE,actvstrat=,0.942834, actvprof=,6.499070, id=,S02, PRDE,actvstrat=,0.087778, actvprof=,0.876469, id=,S05, PRDE,actvstrat=,0.922641, actvprof=,0.086073, id=,S06, PRDE,actvstrat=,0.984393, actvprof=,0.036769, id=,S07, PRDE,actvstrat=,0.767634, actvprof=,0.000000, best_B_id=,B09, best_B_prof=,6.319960, best_B_strat=,0.372539, best_S_id=,S00, best_S_prof=,6.499070, best_S_strat=,0.942834, 
t=,3351600, id=,B02, PRDE,actvstrat=,-0.921562, actvprof=,0.001676, id=,B03, PRDE,actvstrat=,0.728349, actvprof=,0.019554, id=,B05, PRDE,actvstrat=,0.408398, actvprof=,0.617894, id=,B06, PRDE,actvstrat=,0.467773, actvprof=,1.951731, id=,B09, PRDE,actvstrat=,0.372539, actvprof=,6.531188, id=,S00, PRDE,actvstrat=,0.570274, actvprof=,3.964357, id=,S02, PRDE,actvstrat=,0.821159, actvprof=,2.364033, id=,S05, PRDE,actvstrat=,0.922641, actvprof=,0.062851, id=,S06, PRDE,actvstrat=,0.984393, actvprof=,0.031006, id=,S07, PRDE,actvstrat=,0.619199, actvprof=,0.000000, best_B_id=,B09, best_B_prof=,6.531188, best_B_strat=,0.372539, best_S_id=,S00, best_S_prof=,3.964357, best_S_strat=,0.570274, 
t=,3355200, id=,B02, PRDE,actvstrat=,-0.921562, actvprof=,0.002507, id=,B03, PRDE,actvstrat=,0.728349, actvprof=,0.024374, id=,B05, PRDE,actvstrat=,0.408398, actvprof=,0.587752, id=,B06, PRDE,actvstrat=,0.467773, actvprof=,1.923704, id=,B09, PRDE,actvstrat=,0.372539, actvprof=,6.542013, id=,S00, PRDE,actvstrat=,0.570274, actvprof=,3.868995, id=,S02, PRDE,actvstrat=,0.821159, actvprof=,2.416468, id=,S05, PRDE,actvstrat=,0.922641, actvprof=,0.067828, id=,S06, PRDE,actvstrat=,0.984393, actvprof=,0.036212, id=,S07, PRDE,actvstrat=,0.619199, actvprof=,0.000000, best_B_id=,B09, best_B_prof=,6.542013, best_B_strat=,0.372539, best_S_id=,S00, best_S_prof=,3.868995, best_S_strat=,0.570274, 
t=,3358800, id=,B02, PRDE,actvstrat=,-0.921562, actvprof=,0.018157, id=,B03, PRDE,actvstrat=,0.728349, actvprof=,0.036314, id=,B05, PRDE,actvstrat=,0.408398, actvprof=,0.767351, id=,B06, PRDE,actvstrat=,0.467773, actvprof=,2.132212, id=,B09, PRDE,actvstrat=,0.372539, actvprof=,6.698046, id=,S00, PRDE,actvstrat=,0.942834, actvprof=,6.138246, id=,S02, PRDE,actvstrat=,0.821159, actvprof=,2.297862, id=,S05, PRDE,actvstrat=,0.922641, actvprof=,0.085758, id=,S06, PRDE,actvstrat=,0.984393, actvprof=,0.034359, id=,S07, PRDE,actvstrat=,0.767634, actvprof=,0.000000, best_B_id=,B09, best_B_prof=,6.698046, best_B_strat=,0.372539, best_S_id=,S00, best_S_prof=,6.138246, best_S_strat=,0.942834, 
t=,3362400, id=,B02, PRDE,actvstrat=,-0.921562, actvprof=,0.014346, id=,B03, PRDE,actvstrat=,0.728349, actvprof=,0.040809, id=,B05, PRDE,actvstrat=,0.408398, actvprof=,0.777593, id=,B06, PRDE,actvstrat=,0.467773, actvprof=,2.158959, id=,B09, PRDE,actvstrat=,0.372539, actvprof=,6.717271, id=,S00, PRDE,actvstrat=,0.942834, actvprof=,6.040516, id=,S02, PRDE,actvstrat=,0.821159, actvprof=,2.266482, id=,S05, PRDE,actvstrat=,0.922641, actvprof=,0.070057, id=,S06, PRDE,actvstrat=,0.984393, actvprof=,0.028970, id=,S07, PRDE,actvstrat=,0.767634, actvprof=,0.000000, best_B_id=,B09, best_B_prof=,6.717271, best_B_strat=,0.372539, best_S_id=,S00, best_S_prof=,6.040516, best_S_strat=,0.942834, 
t=,3366000, id=,B02, PRDE,actvstrat=,-0.921562, actvprof=,0.003352, id=,B03, PRDE,actvstrat=,0.728349, actvprof=,0.007542, id=,B05, PRDE,actvstrat=,0.408398, actvprof=,0.574892, id=,B06, PRDE,actvstrat=,0.467773, actvprof=,1.914632, id=,B09, PRDE,actvstrat=,0.372539, actvprof=,6.408179, id=,S00, PRDE,actvstrat=,0.570274, actvprof=,4.078999, id=,S02, PRDE,actvstrat=,0.821159, actvprof=,2.600425, id=,S05, PRDE,actvstrat=,0.922641, actvprof=,0.157551, id=,S06, PRDE,actvstrat=,-0.973159, actvprof=,0.046092, id=,S07, PRDE,actvstrat=,0.767634, actvprof=,0.002793, best_B_id=,B09, best_B_prof=,6.408179, best_B_strat=,0.372539, best_S_id=,S00, best_S_prof=,4.078999, best_S_strat=,0.570274, 
t=,3369600, id=,B02, PRDE,actvstrat=,-0.921562, actvprof=,0.004875, id=,B03, PRDE,actvstrat=,0.728349, actvprof=,0.015321, id=,B05, PRDE,actvstrat=,0.408398, actvprof=,0.587895, id=,B06, PRDE,actvstrat=,0.467773, actvprof=,1.841960, id=,B09, PRDE,actvstrat=,0.372539, actvprof=,6.376735, id=,S00, PRDE,actvstrat=,0.570274, actvprof=,4.019861, id=,S02, PRDE,actvstrat=,0.821159, actvprof=,2.558967, id=,S05, PRDE,actvstrat=,0.922641, actvprof=,0.154321, id=,S06, PRDE,actvstrat=,-0.973159, actvprof=,0.040948, id=,S07, PRDE,actvstrat=,0.767634, actvprof=,0.003203, best_B_id=,B09, best_B_prof=,6.376735, best_B_strat=,0.372539, best_S_id=,S00, best_S_prof=,4.019861, best_S_strat=,0.570274, 
t=,3373200, id=,B02, PRDE,actvstrat=,-0.921562, actvprof=,0.012012, id=,B03, PRDE,actvstrat=,-0.142210, actvprof=,0.028494, id=,B05, PRDE,actvstrat=,0.408398, actvprof=,0.874363, id=,B06, PRDE,actvstrat=,0.467773, actvprof=,2.172777, id=,B09, PRDE,actvstrat=,0.372539, actvprof=,7.015294, id=,S00, PRDE,actvstrat=,0.942834, actvprof=,5.778336, id=,S02, PRDE,actvstrat=,0.821159, actvprof=,2.063552, id=,S05, PRDE,actvstrat=,0.922641, actvprof=,0.072910, id=,S06, PRDE,actvstrat=,0.984393, actvprof=,0.027935, id=,S07, PRDE,actvstrat=,0.767634, actvprof=,0.001955, best_B_id=,B09, best_B_prof=,7.015294, best_B_strat=,0.372539, best_S_id=,S00, best_S_prof=,5.778336, best_S_strat=,0.942834, 
t=,3376800, id=,B02, PRDE,actvstrat=,-0.921562, actvprof=,0.014346, id=,B03, PRDE,actvstrat=,-0.142210, actvprof=,0.023817, id=,B05, PRDE,actvstrat=,0.408398, actvprof=,0.844876, id=,B06, PRDE,actvstrat=,0.467773, actvprof=,2.207180, id=,B09, PRDE,actvstrat=,0.372539, actvprof=,6.934085, id=,S00, PRDE,actvstrat=,0.942834, actvprof=,5.821094, id=,S02, PRDE,actvstrat=,0.821159, actvprof=,2.103277, id=,S05, PRDE,actvstrat=,0.922641, actvprof=,0.074933, id=,S06, PRDE,actvstrat=,0.984393, actvprof=,0.031338, id=,S07, PRDE,actvstrat=,0.767634, actvprof=,0.001114, best_B_id=,B09, best_B_prof=,6.934085, best_B_strat=,0.372539, best_S_id=,S00, best_S_prof=,5.821094, best_S_strat=,0.942834, 
t=,3380400, id=,B02, PRDE,actvstrat=,-0.921562, actvprof=,0.001676, id=,B03, PRDE,actvstrat=,0.728349, actvprof=,0.016761, id=,B05, PRDE,actvstrat=,0.408398, actvprof=,0.533844, id=,B06, PRDE,actvstrat=,0.467773, actvprof=,1.873900, id=,B09, PRDE,actvstrat=,0.372539, actvprof=,6.336565, id=,S00, PRDE,actvstrat=,0.570274, actvprof=,4.004246, id=,S02, PRDE,actvstrat=,0.821159, actvprof=,2.541274, id=,S05, PRDE,actvstrat=,0.922641, actvprof=,0.124871, id=,S06, PRDE,actvstrat=,-0.973159, actvprof=,0.033522, id=,S07, PRDE,actvstrat=,0.619199, actvprof=,0.001117, best_B_id=,B09, best_B_prof=,6.336565, best_B_strat=,0.372539, best_S_id=,S00, best_S_prof=,4.004246, best_S_strat=,0.570274, 
t=,3384000, id=,B02, PRDE,actvstrat=,-0.921562, actvprof=,0.004318, id=,B03, PRDE,actvstrat=,0.728349, actvprof=,0.024235, id=,B05, PRDE,actvstrat=,0.408398, actvprof=,0.544173, id=,B06, PRDE,actvstrat=,0.467773, actvprof=,1.819157, id=,B09, PRDE,actvstrat=,0.372539, actvprof=,6.350126, id=,S00, PRDE,actvstrat=,0.570274, actvprof=,3.891945, id=,S02, PRDE,actvstrat=,0.821159, actvprof=,2.514450, id=,S05, PRDE,actvstrat=,0.922641, actvprof=,0.141789, id=,S06, PRDE,actvstrat=,-0.973159, actvprof=,0.025489, id=,S07, PRDE,actvstrat=,0.619199, actvprof=,0.001114, best_B_id=,B09, best_B_prof=,6.350126, best_B_strat=,0.372539, best_S_id=,S00, best_S_prof=,3.891945, best_S_strat=,0.570274, 
t=,3387600, id=,B02, PRDE,actvstrat=,-0.921562, actvprof=,0.000000, id=,B03, PRDE,actvstrat=,0.728349, actvprof=,0.010895, id=,B05, PRDE,actvstrat=,0.408398, actvprof=,0.563479, id=,B06, PRDE,actvstrat=,0.467773, actvprof=,1.883477, id=,B09, PRDE,actvstrat=,0.372539, actvprof=,6.542722, id=,S00, PRDE,actvstrat=,0.570274, actvprof=,3.808859, id=,S02, PRDE,actvstrat=,0.821159, actvprof=,2.339121, id=,S05, PRDE,actvstrat=,0.922641, actvprof=,0.085486, id=,S06, PRDE,actvstrat=,0.984393, actvprof=,0.019835, id=,S07, PRDE,actvstrat=,0.619199, actvprof=,0.001956, best_B_id=,B09, best_B_prof=,6.542722, best_B_strat=,0.372539, best_S_id=,S00, best_S_prof=,3.808859, best_S_strat=,0.570274, 
t=,3391200, id=,B02, PRDE,actvstrat=,-0.921562, actvprof=,0.002507, id=,B03, PRDE,actvstrat=,0.728349, actvprof=,0.014068, id=,B05, PRDE,actvstrat=,0.408398, actvprof=,0.579145, id=,B06, PRDE,actvstrat=,0.467773, actvprof=,1.945247, id=,B09, PRDE,actvstrat=,0.372539, actvprof=,6.590246, id=,S00, PRDE,actvstrat=,0.570274, actvprof=,3.862081, id=,S02, PRDE,actvstrat=,0.821159, actvprof=,2.361011, id=,S05, PRDE,actvstrat=,0.922641, actvprof=,0.076049, id=,S06, PRDE,actvstrat=,0.984393, actvprof=,0.026185, id=,S07, PRDE,actvstrat=,0.619199, actvprof=,0.000975, best_B_id=,B09, best_B_prof=,6.590246, best_B_strat=,0.372539, best_S_id=,S00, best_S_prof=,3.862081, best_S_strat=,0.570274, 
t=,3394800, id=,B02, PRDE,actvstrat=,-0.921562, actvprof=,0.000000, id=,B03, PRDE,actvstrat=,0.728349, actvprof=,0.012292, id=,B05, PRDE,actvstrat=,-0.919999, actvprof=,0.087163, id=,B06, PRDE,actvstrat=,0.467773, actvprof=,2.428272, id=,B09, PRDE,actvstrat=,0.372539, actvprof=,7.280626, id=,S00, PRDE,actvstrat=,0.570274, actvprof=,3.556921, id=,S02, PRDE,actvstrat=,0.821159, actvprof=,1.854449, id=,S05, PRDE,actvstrat=,-0.876709, actvprof=,0.000000, id=,S06, PRDE,actvstrat=,0.984393, actvprof=,0.024305, id=,S07, PRDE,actvstrat=,0.767634, actvprof=,0.001956, best_B_id=,B09, best_B_prof=,7.280626, best_B_strat=,0.372539, best_S_id=,S00, best_S_prof=,3.556921, best_S_strat=,0.570274, 
t=,3398400, id=,B02, PRDE,actvstrat=,-0.921562, actvprof=,0.000000, id=,B03, PRDE,actvstrat=,0.728349, actvprof=,0.008218, id=,B05, PRDE,actvstrat=,-0.919999, actvprof=,0.112961, id=,B06, PRDE,actvstrat=,0.467773, actvprof=,2.525246, id=,B09, PRDE,actvstrat=,0.372539, actvprof=,7.276273, id=,S00, PRDE,actvstrat=,0.570274, actvprof=,3.484087, id=,S02, PRDE,actvstrat=,0.821159, actvprof=,1.867818, id=,S05, PRDE,actvstrat=,-0.876709, actvprof=,0.000000, id=,S06, PRDE,actvstrat=,0.984393, actvprof=,0.029807, id=,S07, PRDE,actvstrat=,0.767634, actvprof=,0.002089, best_B_id=,B09, best_B_prof=,7.276273, best_B_strat=,0.372539, best_S_id=,S00, best_S_prof=,3.484087, best_S_strat=,0.570274, 
t=,3402000, id=,B02, PRDE,actvstrat=,-0.921562, actvprof=,0.008102, id=,B03, PRDE,actvstrat=,0.728349, actvprof=,0.021232, id=,B05, PRDE,actvstrat=,0.408398, actvprof=,0.591703, id=,B06, PRDE,actvstrat=,0.467773, actvprof=,1.858639, id=,B09, PRDE,actvstrat=,0.372539, actvprof=,6.600922, id=,S00, PRDE,actvstrat=,0.570274, actvprof=,3.982400, id=,S02, PRDE,actvstrat=,0.821159, actvprof=,2.518229, id=,S05, PRDE,actvstrat=,0.922641, actvprof=,0.085487, id=,S06, PRDE,actvstrat=,0.984393, actvprof=,0.029892, id=,S07, PRDE,actvstrat=,0.767634, actvprof=,0.001117, best_B_id=,B09, best_B_prof=,6.600922, best_B_strat=,0.372539, best_S_id=,S00, best_S_prof=,3.982400, best_S_strat=,0.570274, 
t=,3405600, id=,B02, PRDE,actvstrat=,-0.921562, actvprof=,0.004875, id=,B03, PRDE,actvstrat=,0.728349, actvprof=,0.020196, id=,B05, PRDE,actvstrat=,0.408398, actvprof=,0.576363, id=,B06, PRDE,actvstrat=,0.467773, actvprof=,1.924368, id=,B09, PRDE,actvstrat=,0.372539, actvprof=,6.615363, id=,S00, PRDE,actvstrat=,0.570274, actvprof=,3.957239, id=,S02, PRDE,actvstrat=,0.821159, actvprof=,2.425378, id=,S05, PRDE,actvstrat=,0.922641, actvprof=,0.087332, id=,S06, PRDE,actvstrat=,0.984393, actvprof=,0.032871, id=,S07, PRDE,actvstrat=,0.767634, actvprof=,0.000836, best_B_id=,B09, best_B_prof=,6.615363, best_B_strat=,0.372539, best_S_id=,S00, best_S_prof=,3.957239, best_S_strat=,0.570274, 
t=,3409200, id=,B02, PRDE,actvstrat=,-0.921562, actvprof=,0.003353, id=,B03, PRDE,actvstrat=,0.728349, actvprof=,0.016763, id=,B05, PRDE,actvstrat=,0.408398, actvprof=,0.536962, id=,B06, PRDE,actvstrat=,0.467773, actvprof=,1.886070, id=,B09, PRDE,actvstrat=,0.372539, actvprof=,6.648321, id=,S00, PRDE,actvstrat=,0.570274, actvprof=,3.811533, id=,S02, PRDE,actvstrat=,0.821159, actvprof=,2.300386, id=,S05, PRDE,actvstrat=,0.922641, actvprof=,0.085489, id=,S06, PRDE,actvstrat=,0.984393, actvprof=,0.032408, id=,S07, PRDE,actvstrat=,0.767634, actvprof=,0.000000, best_B_id=,B09, best_B_prof=,6.648321, best_B_strat=,0.372539, best_S_id=,S00, best_S_prof=,3.811533, best_S_strat=,0.570274, 
t=,3412800, id=,B02, PRDE,actvstrat=,-0.921562, actvprof=,0.005571, id=,B03, PRDE,actvstrat=,0.728349, actvprof=,0.011839, id=,B05, PRDE,actvstrat=,0.408398, actvprof=,0.579157, id=,B06, PRDE,actvstrat=,0.467773, actvprof=,1.948213, id=,B09, PRDE,actvstrat=,0.372539, actvprof=,6.672563, id=,S00, PRDE,actvstrat=,0.570274, actvprof=,3.888347, id=,S02, PRDE,actvstrat=,0.821159, actvprof=,2.319971, id=,S05, PRDE,actvstrat=,0.922641, actvprof=,0.089980, id=,S06, PRDE,actvstrat=,0.984393, actvprof=,0.030643, id=,S07, PRDE,actvstrat=,0.767634, actvprof=,0.000139, best_B_id=,B09, best_B_prof=,6.672563, best_B_strat=,0.372539, best_S_id=,S00, best_S_prof=,3.888347, best_S_strat=,0.570274, 
t=,3416400, id=,B02, PRDE,actvstrat=,-0.921562, actvprof=,0.006706, id=,B03, PRDE,actvstrat=,0.728349, actvprof=,0.029616, id=,B05, PRDE,actvstrat=,0.408398, actvprof=,0.537837, id=,B06, PRDE,actvstrat=,0.467773, actvprof=,1.789531, id=,B09, PRDE,actvstrat=,0.372539, actvprof=,6.530601, id=,S00, PRDE,actvstrat=,0.570274, actvprof=,4.070520, id=,S02, PRDE,actvstrat=,0.821159, actvprof=,2.446670, id=,S05, PRDE,actvstrat=,0.922641, actvprof=,0.127405, id=,S06, PRDE,actvstrat=,-0.973159, actvprof=,0.019558, id=,S07, PRDE,actvstrat=,0.767634, actvprof=,0.001956, best_B_id=,B09, best_B_prof=,6.530601, best_B_strat=,0.372539, best_S_id=,S00, best_S_prof=,4.070520, best_S_strat=,0.570274, 
t=,3420000, id=,B02, PRDE,actvstrat=,-0.921562, actvprof=,0.006825, id=,B03, PRDE,actvstrat=,0.728349, actvprof=,0.025212, id=,B05, PRDE,actvstrat=,0.408398, actvprof=,0.534604, id=,B06, PRDE,actvstrat=,0.467773, actvprof=,1.816371, id=,B09, PRDE,actvstrat=,0.372539, actvprof=,6.410230, id=,S00, PRDE,actvstrat=,0.570274, actvprof=,4.028611, id=,S02, PRDE,actvstrat=,0.821159, actvprof=,2.514086, id=,S05, PRDE,actvstrat=,0.922641, actvprof=,0.123274, id=,S06, PRDE,actvstrat=,-0.973159, actvprof=,0.038027, id=,S07, PRDE,actvstrat=,0.767634, actvprof=,0.000975, best_B_id=,B09, best_B_prof=,6.410230, best_B_strat=,0.372539, best_S_id=,S00, best_S_prof=,4.028611, best_S_strat=,0.570274, 
t=,3423600, id=,B02, PRDE,actvstrat=,-0.028488, actvprof=,0.003912, id=,B03, PRDE,actvstrat=,0.728349, actvprof=,0.048337, id=,B05, PRDE,actvstrat=,0.408398, actvprof=,0.910297, id=,B06, PRDE,actvstrat=,0.467773, actvprof=,2.081279, id=,B09, PRDE,actvstrat=,-0.078231, actvprof=,5.759070, id=,S00, PRDE,actvstrat=,0.942834, actvprof=,6.055797, id=,S02, PRDE,actvstrat=,0.821159, actvprof=,2.200584, id=,S05, PRDE,actvstrat=,0.922641, actvprof=,0.055322, id=,S06, PRDE,actvstrat=,0.984393, actvprof=,0.024308, id=,S07, PRDE,actvstrat=,0.767634, actvprof=,0.000000, best_B_id=,B09, best_B_prof=,5.759070, best_B_strat=,-0.078231, best_S_id=,S00, best_S_prof=,6.055797, best_S_strat=,0.942834, 
t=,3427200, id=,B02, PRDE,actvstrat=,-0.028488, actvprof=,0.002089, id=,B03, PRDE,actvstrat=,0.728349, actvprof=,0.051121, id=,B05, PRDE,actvstrat=,0.408398, actvprof=,0.853316, id=,B06, PRDE,actvstrat=,0.467773, actvprof=,2.183994, id=,B09, PRDE,actvstrat=,-0.078231, actvprof=,5.853003, id=,S00, PRDE,actvstrat=,0.942834, actvprof=,5.989233, id=,S02, PRDE,actvstrat=,0.821159, actvprof=,2.194859, id=,S05, PRDE,actvstrat=,0.922641, actvprof=,0.064911, id=,S06, PRDE,actvstrat=,0.984393, actvprof=,0.025769, id=,S07, PRDE,actvstrat=,0.767634, actvprof=,0.000000, best_B_id=,B09, best_B_prof=,5.853003, best_B_strat=,-0.078231, best_S_id=,S00, best_S_prof=,5.989233, best_S_strat=,0.942834, 
t=,3430800, id=,B02, PRDE,actvstrat=,-0.921562, actvprof=,0.001676, id=,B03, PRDE,actvstrat=,0.728349, actvprof=,0.012573, id=,B05, PRDE,actvstrat=,0.408398, actvprof=,0.566359, id=,B06, PRDE,actvstrat=,0.467773, actvprof=,1.768092, id=,B09, PRDE,actvstrat=,0.372539, actvprof=,6.405700, id=,S00, PRDE,actvstrat=,0.570274, actvprof=,3.998882, id=,S02, PRDE,actvstrat=,0.821159, actvprof=,2.615256, id=,S05, PRDE,actvstrat=,0.922641, actvprof=,0.191115, id=,S06, PRDE,actvstrat=,-0.973159, actvprof=,0.034926, id=,S07, PRDE,actvstrat=,0.619199, actvprof=,0.001118, best_B_id=,B09, best_B_prof=,6.405700, best_B_strat=,0.372539, best_S_id=,S00, best_S_prof=,3.998882, best_S_strat=,0.570274, 
t=,3434400, id=,B02, PRDE,actvstrat=,-0.921562, actvprof=,0.004040, id=,B03, PRDE,actvstrat=,0.728349, actvprof=,0.018248, id=,B05, PRDE,actvstrat=,0.408398, actvprof=,0.541997, id=,B06, PRDE,actvstrat=,0.467773, actvprof=,1.782560, id=,B09, PRDE,actvstrat=,0.372539, actvprof=,6.230394, id=,S00, PRDE,actvstrat=,0.570274, actvprof=,4.079259, id=,S02, PRDE,actvstrat=,0.821159, actvprof=,2.607188, id=,S05, PRDE,actvstrat=,0.922641, actvprof=,0.163254, id=,S06, PRDE,actvstrat=,-0.973159, actvprof=,0.032874, id=,S07, PRDE,actvstrat=,0.619199, actvprof=,0.001114, best_B_id=,B09, best_B_prof=,6.230394, best_B_strat=,0.372539, best_S_id=,S00, best_S_prof=,4.079259, best_S_strat=,0.570274, 
t=,3438000, id=,B02, PRDE,actvstrat=,-0.921562, actvprof=,0.015647, id=,B03, PRDE,actvstrat=,0.728349, actvprof=,0.046383, id=,B05, PRDE,actvstrat=,0.408398, actvprof=,0.799966, id=,B06, PRDE,actvstrat=,0.467773, actvprof=,2.014585, id=,B09, PRDE,actvstrat=,0.372539, actvprof=,6.689206, id=,S00, PRDE,actvstrat=,0.942834, actvprof=,6.010227, id=,S02, PRDE,actvstrat=,0.821159, actvprof=,2.181397, id=,S05, PRDE,actvstrat=,0.922641, actvprof=,0.095840, id=,S06, PRDE,actvstrat=,0.984393, actvprof=,0.046383, id=,S07, PRDE,actvstrat=,0.767634, actvprof=,0.000000, best_B_id=,B09, best_B_prof=,6.689206, best_B_strat=,0.372539, best_S_id=,S00, best_S_prof=,6.010227, best_S_strat=,0.942834, 
t=,3441600, id=,B02, PRDE,actvstrat=,-0.921562, actvprof=,0.014626, id=,B03, PRDE,actvstrat=,0.728349, actvprof=,0.043600, id=,B05, PRDE,actvstrat=,0.408398, actvprof=,0.799287, id=,B06, PRDE,actvstrat=,0.467773, actvprof=,2.114669, id=,B09, PRDE,actvstrat=,0.372539, actvprof=,6.763850, id=,S00, PRDE,actvstrat=,0.942834, actvprof=,5.953837, id=,S02, PRDE,actvstrat=,0.821159, actvprof=,2.190029, id=,S05, PRDE,actvstrat=,0.922641, actvprof=,0.087618, id=,S06, PRDE,actvstrat=,0.984393, actvprof=,0.039700, id=,S07, PRDE,actvstrat=,0.767634, actvprof=,0.000000, best_B_id=,B09, best_B_prof=,6.763850, best_B_strat=,0.372539, best_S_id=,S00, best_S_prof=,5.953837, best_S_strat=,0.942834, 
t=,3445200, id=,B02, PRDE,actvstrat=,-0.921562, actvprof=,0.013133, id=,B03, PRDE,actvstrat=,0.728349, actvprof=,0.027942, id=,B05, PRDE,actvstrat=,0.408398, actvprof=,1.030792, id=,B06, PRDE,actvstrat=,-0.651067, actvprof=,1.041131, id=,B09, PRDE,actvstrat=,0.372539, actvprof=,7.251313, id=,S00, PRDE,actvstrat=,0.942834, actvprof=,5.727339, id=,S02, PRDE,actvstrat=,0.821159, actvprof=,1.870180, id=,S05, PRDE,actvstrat=,0.922641, actvprof=,0.039958, id=,S06, PRDE,actvstrat=,0.984393, actvprof=,0.013133, id=,S07, PRDE,actvstrat=,0.767634, actvprof=,0.000000, best_B_id=,B09, best_B_prof=,7.251313, best_B_strat=,0.372539, best_S_id=,S00, best_S_prof=,5.727339, best_S_strat=,0.942834, 
t=,3448800, id=,B02, PRDE,actvstrat=,-0.921562, actvprof=,0.015601, id=,B03, PRDE,actvstrat=,0.728349, actvprof=,0.044854, id=,B05, PRDE,actvstrat=,0.408398, actvprof=,1.045997, id=,B06, PRDE,actvstrat=,-0.651067, actvprof=,1.073438, id=,B09, PRDE,actvstrat=,0.372539, actvprof=,7.352482, id=,S00, PRDE,actvstrat=,0.942834, actvprof=,5.593693, id=,S02, PRDE,actvstrat=,0.821159, actvprof=,1.858528, id=,S05, PRDE,actvstrat=,0.922641, actvprof=,0.046804, id=,S06, PRDE,actvstrat=,0.984393, actvprof=,0.018109, id=,S07, PRDE,actvstrat=,0.767634, actvprof=,0.000000, best_B_id=,B09, best_B_prof=,7.352482, best_B_strat=,0.372539, best_S_id=,S00, best_S_prof=,5.593693, best_S_strat=,0.942834, 
t=,3452400, id=,B02, PRDE,actvstrat=,-0.028488, actvprof=,0.002794, id=,B03, PRDE,actvstrat=,0.728349, actvprof=,0.013971, id=,B05, PRDE,actvstrat=,0.408398, actvprof=,0.377506, id=,B06, PRDE,actvstrat=,0.467773, actvprof=,1.558924, id=,B09, PRDE,actvstrat=,0.372539, actvprof=,6.306671, id=,S00, PRDE,actvstrat=,0.942834, actvprof=,6.746490, id=,S02, PRDE,actvstrat=,-0.370031, actvprof=,0.243660, id=,S05, PRDE,actvstrat=,0.922641, actvprof=,0.065665, id=,S06, PRDE,actvstrat=,0.984393, actvprof=,0.030178, id=,S07, PRDE,actvstrat=,0.767634, actvprof=,0.001956, best_B_id=,B09, best_B_prof=,6.306671, best_B_strat=,0.372539, best_S_id=,S00, best_S_prof=,6.746490, best_S_strat=,0.942834, 
t=,3456000, id=,B02, PRDE,actvstrat=,-0.028488, actvprof=,0.001393, id=,B03, PRDE,actvstrat=,0.728349, actvprof=,0.016437, id=,B05, PRDE,actvstrat=,0.408398, actvprof=,0.375274, id=,B06, PRDE,actvstrat=,0.467773, actvprof=,1.612537, id=,B09, PRDE,actvstrat=,0.372539, actvprof=,6.385791, id=,S00, PRDE,actvstrat=,0.942834, actvprof=,6.691973, id=,S02, PRDE,actvstrat=,-0.370031, actvprof=,0.196413, id=,S05, PRDE,actvstrat=,0.922641, actvprof=,0.067839, id=,S06, PRDE,actvstrat=,0.984393, actvprof=,0.032457, id=,S07, PRDE,actvstrat=,0.767634, actvprof=,0.000975, best_B_id=,B09, best_B_prof=,6.385791, best_B_strat=,0.372539, best_S_id=,S00, best_S_prof=,6.691973, best_S_strat=,0.942834, 
t=,3459600, id=,B02, PRDE,actvstrat=,-0.028488, actvprof=,0.006427, id=,B03, PRDE,actvstrat=,0.728349, actvprof=,0.039120, id=,B05, PRDE,actvstrat=,0.408398, actvprof=,0.844720, id=,B06, PRDE,actvstrat=,0.467773, actvprof=,2.246346, id=,B09, PRDE,actvstrat=,-0.078231, actvprof=,5.700115, id=,S00, PRDE,actvstrat=,0.942834, actvprof=,6.022857, id=,S02, PRDE,actvstrat=,0.821159, actvprof=,2.163914, id=,S05, PRDE,actvstrat=,0.922641, actvprof=,0.056445, id=,S06, PRDE,actvstrat=,0.984393, actvprof=,0.024590, id=,S07, PRDE,actvstrat=,0.767634, actvprof=,0.000000, best_B_id=,B09, best_B_prof=,5.700115, best_B_strat=,-0.078231, best_S_id=,S00, best_S_prof=,6.022857, best_S_strat=,0.942834, 
t=,3463200, id=,B02, PRDE,actvstrat=,-0.028488, actvprof=,0.004318, id=,B03, PRDE,actvstrat=,0.728349, actvprof=,0.049034, id=,B05, PRDE,actvstrat=,0.408398, actvprof=,0.860741, id=,B06, PRDE,actvstrat=,0.467773, actvprof=,2.259323, id=,B09, PRDE,actvstrat=,-0.078231, actvprof=,5.784752, id=,S00, PRDE,actvstrat=,0.942834, actvprof=,5.955953, id=,S02, PRDE,actvstrat=,0.821159, actvprof=,2.113335, id=,S05, PRDE,actvstrat=,0.922641, actvprof=,0.046387, id=,S06, PRDE,actvstrat=,0.984393, actvprof=,0.017691, id=,S07, PRDE,actvstrat=,0.767634, actvprof=,0.000000, best_B_id=,B09, best_B_prof=,5.784752, best_B_strat=,-0.078231, best_S_id=,S00, best_S_prof=,5.955953, best_S_strat=,0.942834, 
t=,3466800, id=,B02, PRDE,actvstrat=,-0.921562, actvprof=,0.004471, id=,B03, PRDE,actvstrat=,0.728349, actvprof=,0.006986, id=,B05, PRDE,actvstrat=,0.408398, actvprof=,0.511094, id=,B06, PRDE,actvstrat=,0.467773, actvprof=,1.786173, id=,B09, PRDE,actvstrat=,0.372539, actvprof=,6.347734, id=,S00, PRDE,actvstrat=,0.570274, actvprof=,4.057453, id=,S02, PRDE,actvstrat=,0.821159, actvprof=,2.650757, id=,S05, PRDE,actvstrat=,0.922641, actvprof=,0.183591, id=,S06, PRDE,actvstrat=,-0.973159, actvprof=,0.021796, id=,S07, PRDE,actvstrat=,0.767634, actvprof=,0.005030, best_B_id=,B09, best_B_prof=,6.347734, best_B_strat=,0.372539, best_S_id=,S00, best_S_prof=,4.057453, best_S_strat=,0.570274, 
t=,3470400, id=,B02, PRDE,actvstrat=,-0.921562, actvprof=,0.004458, id=,B03, PRDE,actvstrat=,0.728349, actvprof=,0.013791, id=,B05, PRDE,actvstrat=,0.408398, actvprof=,0.546625, id=,B06, PRDE,actvstrat=,0.467773, actvprof=,1.801744, id=,B09, PRDE,actvstrat=,0.372539, actvprof=,6.316273, id=,S00, PRDE,actvstrat=,0.570274, actvprof=,3.969019, id=,S02, PRDE,actvstrat=,0.821159, actvprof=,2.594935, id=,S05, PRDE,actvstrat=,0.922641, actvprof=,0.171621, id=,S06, PRDE,actvstrat=,-0.973159, actvprof=,0.035940, id=,S07, PRDE,actvstrat=,0.767634, actvprof=,0.003622, best_B_id=,B09, best_B_prof=,6.316273, best_B_strat=,0.372539, best_S_id=,S00, best_S_prof=,3.969019, best_S_strat=,0.570274, 
t=,3474000, id=,B02, PRDE,actvstrat=,-0.921562, actvprof=,0.003353, id=,B03, PRDE,actvstrat=,0.728349, actvprof=,0.007266, id=,B05, PRDE,actvstrat=,0.408398, actvprof=,0.347906, id=,B06, PRDE,actvstrat=,0.467773, actvprof=,1.568512, id=,B09, PRDE,actvstrat=,0.372539, actvprof=,6.284948, id=,S00, PRDE,actvstrat=,0.942834, actvprof=,6.780959, id=,S02, PRDE,actvstrat=,-0.370031, actvprof=,0.195051, id=,S05, PRDE,actvstrat=,0.922641, actvprof=,0.093054, id=,S06, PRDE,actvstrat=,0.984393, actvprof=,0.034092, id=,S07, PRDE,actvstrat=,0.767634, actvprof=,0.001677, best_B_id=,B09, best_B_prof=,6.284948, best_B_strat=,0.372539, best_S_id=,S00, best_S_prof=,6.780959, best_S_strat=,0.942834, 
t=,3477600, id=,B02, PRDE,actvstrat=,-0.921562, actvprof=,0.004179, id=,B03, PRDE,actvstrat=,0.728349, actvprof=,0.014488, id=,B05, PRDE,actvstrat=,0.408398, actvprof=,0.369852, id=,B06, PRDE,actvstrat=,0.467773, actvprof=,1.605617, id=,B09, PRDE,actvstrat=,0.372539, actvprof=,6.316596, id=,S00, PRDE,actvstrat=,0.942834, actvprof=,6.711801, id=,S02, PRDE,actvstrat=,-0.370031, actvprof=,0.178170, id=,S05, PRDE,actvstrat=,0.922641, actvprof=,0.074110, id=,S06, PRDE,actvstrat=,0.984393, actvprof=,0.033433, id=,S07, PRDE,actvstrat=,0.767634, actvprof=,0.000836, best_B_id=,B09, best_B_prof=,6.316596, best_B_strat=,0.372539, best_S_id=,S00, best_S_prof=,6.711801, best_S_strat=,0.942834, 
t=,3481200, id=,B02, PRDE,actvstrat=,-0.921562, actvprof=,0.018723, id=,B03, PRDE,actvstrat=,0.728349, actvprof=,0.076010, id=,B05, PRDE,actvstrat=,0.408398, actvprof=,0.827442, id=,B06, PRDE,actvstrat=,0.467773, actvprof=,2.021517, id=,B09, PRDE,actvstrat=,0.372539, actvprof=,6.375017, id=,S00, PRDE,actvstrat=,0.942834, actvprof=,5.991337, id=,S02, PRDE,actvstrat=,0.821159, actvprof=,2.267710, id=,S05, PRDE,actvstrat=,0.922641, actvprof=,0.143077, id=,S06, PRDE,actvstrat=,-0.973159, actvprof=,0.030739, id=,S07, PRDE,actvstrat=,0.767634, actvprof=,0.001956, best_B_id=,B09, best_B_prof=,6.375017, best_B_strat=,0.372539, best_S_id=,S00, best_S_prof=,5.991337, best_S_strat=,0.942834, 
t=,3484800, id=,B02, PRDE,actvstrat=,-0.921562, actvprof=,0.015881, id=,B03, PRDE,actvstrat=,0.728349, actvprof=,0.075503, id=,B05, PRDE,actvstrat=,0.408398, actvprof=,0.830536, id=,B06, PRDE,actvstrat=,0.467773, actvprof=,2.157415, id=,B09, PRDE,actvstrat=,0.372539, actvprof=,6.563906, id=,S00, PRDE,actvstrat=,0.942834, actvprof=,5.956258, id=,S02, PRDE,actvstrat=,0.821159, actvprof=,2.246430, id=,S05, PRDE,actvstrat=,0.922641, actvprof=,0.138887, id=,S06, PRDE,actvstrat=,-0.973159, actvprof=,0.023264, id=,S07, PRDE,actvstrat=,0.767634, actvprof=,0.002507, best_B_id=,B09, best_B_prof=,6.563906, best_B_strat=,0.372539, best_S_id=,S00, best_S_prof=,5.956258, best_S_strat=,0.942834, 
t=,3488400, id=,B02, PRDE,actvstrat=,-0.921562, actvprof=,0.003353, id=,B03, PRDE,actvstrat=,0.728349, actvprof=,0.027386, id=,B05, PRDE,actvstrat=,0.408398, actvprof=,0.572874, id=,B06, PRDE,actvstrat=,0.467773, actvprof=,1.773673, id=,B09, PRDE,actvstrat=,0.372539, actvprof=,6.414789, id=,S00, PRDE,actvstrat=,0.570274, actvprof=,3.904484, id=,S02, PRDE,actvstrat=,0.821159, actvprof=,2.391538, id=,S05, PRDE,actvstrat=,0.922641, actvprof=,0.118208, id=,S06, PRDE,actvstrat=,-0.973159, actvprof=,0.035770, id=,S07, PRDE,actvstrat=,0.767634, actvprof=,0.000000, best_B_id=,B09, best_B_prof=,6.414789, best_B_strat=,0.372539, best_S_id=,S00, best_S_prof=,3.904484, best_S_strat=,0.570274, 
t=,3492000, id=,B02, PRDE,actvstrat=,-0.921562, actvprof=,0.001672, id=,B03, PRDE,actvstrat=,0.728349, actvprof=,0.021314, id=,B05, PRDE,actvstrat=,0.408398, actvprof=,0.594557, id=,B06, PRDE,actvstrat=,0.467773, actvprof=,1.846081, id=,B09, PRDE,actvstrat=,0.372539, actvprof=,6.471453, id=,S00, PRDE,actvstrat=,0.570274, actvprof=,3.836344, id=,S02, PRDE,actvstrat=,0.821159, actvprof=,2.449415, id=,S05, PRDE,actvstrat=,0.922641, actvprof=,0.143206, id=,S06, PRDE,actvstrat=,-0.973159, actvprof=,0.034687, id=,S07, PRDE,actvstrat=,0.767634, actvprof=,0.002508, best_B_id=,B09, best_B_prof=,6.471453, best_B_strat=,0.372539, best_S_id=,S00, best_S_prof=,3.836344, best_S_strat=,0.570274, 
t=,3495600, id=,B02, PRDE,actvstrat=,-0.921562, actvprof=,0.009781, id=,B03, PRDE,actvstrat=,0.728349, actvprof=,0.023195, id=,B05, PRDE,actvstrat=,-0.919999, actvprof=,0.309636, id=,B06, PRDE,actvstrat=,0.467773, actvprof=,2.610385, id=,B09, PRDE,actvstrat=,0.372539, actvprof=,7.241784, id=,S00, PRDE,actvstrat=,0.942834, actvprof=,5.631288, id=,S02, PRDE,actvstrat=,0.821159, actvprof=,1.819808, id=,S05, PRDE,actvstrat=,-0.876709, actvprof=,0.006427, id=,S06, PRDE,actvstrat=,-0.973159, actvprof=,0.031578, id=,S07, PRDE,actvstrat=,0.767634, actvprof=,0.009501, best_B_id=,B09, best_B_prof=,7.241784, best_B_strat=,0.372539, best_S_id=,S00, best_S_prof=,5.631288, best_S_strat=,0.942834, 
t=,3499200, id=,B02, PRDE,actvstrat=,-0.921562, actvprof=,0.008219, id=,B03, PRDE,actvstrat=,0.728349, actvprof=,0.030369, id=,B05, PRDE,actvstrat=,-0.919999, actvprof=,0.275270, id=,B06, PRDE,actvstrat=,0.467773, actvprof=,2.507244, id=,B09, PRDE,actvstrat=,0.372539, actvprof=,7.093363, id=,S00, PRDE,actvstrat=,0.942834, actvprof=,5.684972, id=,S02, PRDE,actvstrat=,0.821159, actvprof=,1.903767, id=,S05, PRDE,actvstrat=,-0.876709, actvprof=,0.003204, id=,S06, PRDE,actvstrat=,-0.973159, actvprof=,0.033155, id=,S07, PRDE,actvstrat=,0.767634, actvprof=,0.006547, best_B_id=,B09, best_B_prof=,7.093363, best_B_strat=,0.372539, best_S_id=,S00, best_S_prof=,5.684972, best_S_strat=,0.942834, 
t=,3502800, id=,B02, PRDE,actvstrat=,-0.921562, actvprof=,0.020959, id=,B03, PRDE,actvstrat=,0.728349, actvprof=,0.037727, id=,B05, PRDE,actvstrat=,0.408398, actvprof=,0.755656, id=,B06, PRDE,actvstrat=,0.467773, actvprof=,2.157419, id=,B09, PRDE,actvstrat=,0.372539, actvprof=,6.701972, id=,S00, PRDE,actvstrat=,0.942834, actvprof=,5.955818, id=,S02, PRDE,actvstrat=,0.821159, actvprof=,2.252994, id=,S05, PRDE,actvstrat=,0.922641, actvprof=,0.150628, id=,S06, PRDE,actvstrat=,-0.973159, actvprof=,0.038845, id=,S07, PRDE,actvstrat=,0.767634, actvprof=,0.001956, best_B_id=,B09, best_B_prof=,6.701972, best_B_strat=,0.372539, best_S_id=,S00, best_S_prof=,5.955818, best_S_strat=,0.942834, 
t=,3506400, id=,B02, PRDE,actvstrat=,-0.921562, actvprof=,0.017971, id=,B03, PRDE,actvstrat=,0.728349, actvprof=,0.047922, id=,B05, PRDE,actvstrat=,0.408398, actvprof=,0.735824, id=,B06, PRDE,actvstrat=,0.467773, actvprof=,2.069974, id=,B09, PRDE,actvstrat=,0.372539, actvprof=,6.638852, id=,S00, PRDE,actvstrat=,0.942834, actvprof=,6.031888, id=,S02, PRDE,actvstrat=,0.821159, actvprof=,2.317106, id=,S05, PRDE,actvstrat=,0.922641, actvprof=,0.143348, id=,S06, PRDE,actvstrat=,-0.973159, actvprof=,0.042071, id=,S07, PRDE,actvstrat=,0.767634, actvprof=,0.001254, best_B_id=,B09, best_B_prof=,6.638852, best_B_strat=,0.372539, best_S_id=,S00, best_S_prof=,6.031888, best_S_strat=,0.942834, 
t=,3510000, id=,B02, PRDE,actvstrat=,-0.921562, actvprof=,0.001677, id=,B03, PRDE,actvstrat=,0.728349, actvprof=,0.009781, id=,B05, PRDE,actvstrat=,-0.919999, actvprof=,0.270520, id=,B06, PRDE,actvstrat=,0.467773, actvprof=,2.606824, id=,B09, PRDE,actvstrat=,0.372539, actvprof=,7.418048, id=,S00, PRDE,actvstrat=,0.942834, actvprof=,5.644580, id=,S02, PRDE,actvstrat=,0.821159, actvprof=,1.741889, id=,S05, PRDE,actvstrat=,-0.876709, actvprof=,0.000000, id=,S06, PRDE,actvstrat=,0.984393, actvprof=,0.033256, id=,S07, PRDE,actvstrat=,0.767634, actvprof=,0.000838, best_B_id=,B09, best_B_prof=,7.418048, best_B_strat=,0.372539, best_S_id=,S00, best_S_prof=,5.644580, best_S_strat=,0.942834, 
t=,3513600, id=,B02, PRDE,actvstrat=,-0.921562, actvprof=,0.003065, id=,B03, PRDE,actvstrat=,0.728349, actvprof=,0.021314, id=,B05, PRDE,actvstrat=,-0.919999, actvprof=,0.252427, id=,B06, PRDE,actvstrat=,0.467773, actvprof=,2.686012, id=,B09, PRDE,actvstrat=,0.372539, actvprof=,7.350069, id=,S00, PRDE,actvstrat=,0.942834, actvprof=,5.581684, id=,S02, PRDE,actvstrat=,0.821159, actvprof=,1.733976, id=,S05, PRDE,actvstrat=,-0.876709, actvprof=,0.002508, id=,S06, PRDE,actvstrat=,0.984393, actvprof=,0.041932, id=,S07, PRDE,actvstrat=,0.767634, actvprof=,0.000975, best_B_id=,B09, best_B_prof=,7.350069, best_B_strat=,0.372539, best_S_id=,S00, best_S_prof=,5.581684, best_S_strat=,0.942834, 
t=,3517200, id=,B02, PRDE,actvstrat=,-0.921562, actvprof=,0.036610, id=,B03, PRDE,actvstrat=,-0.142210, actvprof=,0.020401, id=,B05, PRDE,actvstrat=,0.408398, actvprof=,0.809334, id=,B06, PRDE,actvstrat=,0.467773, actvprof=,2.193251, id=,B09, PRDE,actvstrat=,0.372539, actvprof=,6.799972, id=,S00, PRDE,actvstrat=,0.942834, actvprof=,5.950395, id=,S02, PRDE,actvstrat=,0.821159, actvprof=,2.188221, id=,S05, PRDE,actvstrat=,0.922641, actvprof=,0.153986, id=,S06, PRDE,actvstrat=,-0.973159, actvprof=,0.035213, id=,S07, PRDE,actvstrat=,0.767634, actvprof=,0.001677, best_B_id=,B09, best_B_prof=,6.799972, best_B_strat=,0.372539, best_S_id=,S00, best_S_prof=,5.950395, best_S_strat=,0.942834, 
t=,3520800, id=,B02, PRDE,actvstrat=,-0.921562, actvprof=,0.024240, id=,B03, PRDE,actvstrat=,-0.142210, actvprof=,0.031484, id=,B05, PRDE,actvstrat=,0.408398, actvprof=,0.764248, id=,B06, PRDE,actvstrat=,0.467773, actvprof=,2.147166, id=,B09, PRDE,actvstrat=,0.372539, actvprof=,6.741290, id=,S00, PRDE,actvstrat=,0.942834, actvprof=,5.969519, id=,S02, PRDE,actvstrat=,0.821159, actvprof=,2.272683, id=,S05, PRDE,actvstrat=,0.922641, actvprof=,0.150036, id=,S06, PRDE,actvstrat=,-0.973159, actvprof=,0.034409, id=,S07, PRDE,actvstrat=,0.767634, actvprof=,0.004319, best_B_id=,B09, best_B_prof=,6.741290, best_B_strat=,0.372539, best_S_id=,S00, best_S_prof=,5.969519, best_S_strat=,0.942834, 
t=,3524400, id=,B02, PRDE,actvstrat=,-0.036298, actvprof=,0.000000, id=,B03, PRDE,actvstrat=,0.728349, actvprof=,0.013974, id=,B05, PRDE,actvstrat=,0.408398, actvprof=,0.569281, id=,B06, PRDE,actvstrat=,0.467773, actvprof=,1.866860, id=,B09, PRDE,actvstrat=,0.372539, actvprof=,6.499078, id=,S00, PRDE,actvstrat=,0.570274, actvprof=,3.991951, id=,S02, PRDE,actvstrat=,0.821159, actvprof=,2.572802, id=,S05, PRDE,actvstrat=,0.922641, actvprof=,0.081885, id=,S06, PRDE,actvstrat=,0.984393, actvprof=,0.032698, id=,S07, PRDE,actvstrat=,0.619199, actvprof=,0.000000, best_B_id=,B09, best_B_prof=,6.499078, best_B_strat=,0.372539, best_S_id=,S00, best_S_prof=,3.991951, best_S_strat=,0.570274, 
t=,3528000, id=,B02, PRDE,actvstrat=,-0.036298, actvprof=,0.000000, id=,B03, PRDE,actvstrat=,0.728349, actvprof=,0.023404, id=,B05, PRDE,actvstrat=,0.408398, actvprof=,0.589419, id=,B06, PRDE,actvstrat=,0.467773, actvprof=,1.924982, id=,B09, PRDE,actvstrat=,0.372539, actvprof=,6.499077, id=,S00, PRDE,actvstrat=,0.570274, actvprof=,3.950963, id=,S02, PRDE,actvstrat=,0.821159, actvprof=,2.506878, id=,S05, PRDE,actvstrat=,0.922641, actvprof=,0.089855, id=,S06, PRDE,actvstrat=,0.984393, actvprof=,0.033713, id=,S07, PRDE,actvstrat=,0.619199, actvprof=,0.000000, best_B_id=,B09, best_B_prof=,6.499077, best_B_strat=,0.372539, best_S_id=,S00, best_S_prof=,3.950963, best_S_strat=,0.570274, 
t=,3531600, id=,B02, PRDE,actvstrat=,-0.036298, actvprof=,0.000000, id=,B03, PRDE,actvstrat=,-0.193413, actvprof=,0.000000, id=,B05, PRDE,actvstrat=,0.408398, actvprof=,0.574878, id=,B06, PRDE,actvstrat=,0.467773, actvprof=,1.829996, id=,B09, PRDE,actvstrat=,0.372539, actvprof=,6.548356, id=,S00, PRDE,actvstrat=,0.570274, actvprof=,3.933876, id=,S02, PRDE,actvstrat=,0.821159, actvprof=,2.417730, id=,S05, PRDE,actvstrat=,0.922641, actvprof=,0.065117, id=,S06, PRDE,actvstrat=,0.984393, actvprof=,0.040803, id=,S07, PRDE,actvstrat=,0.767634, actvprof=,0.000000, best_B_id=,B09, best_B_prof=,6.548356, best_B_strat=,0.372539, best_S_id=,S00, best_S_prof=,3.933876, best_S_strat=,0.570274, 
t=,3535200, id=,B02, PRDE,actvstrat=,-0.036298, actvprof=,0.000000, id=,B03, PRDE,actvstrat=,-0.193413, actvprof=,0.001950, id=,B05, PRDE,actvstrat=,0.408398, actvprof=,0.581622, id=,B06, PRDE,actvstrat=,0.467773, actvprof=,1.914129, id=,B09, PRDE,actvstrat=,0.372539, actvprof=,6.637040, id=,S00, PRDE,actvstrat=,0.570274, actvprof=,3.913934, id=,S02, PRDE,actvstrat=,0.821159, actvprof=,2.436823, id=,S05, PRDE,actvstrat=,0.922641, actvprof=,0.072999, id=,S06, PRDE,actvstrat=,0.984393, actvprof=,0.039982, id=,S07, PRDE,actvstrat=,0.767634, actvprof=,0.000000, best_B_id=,B09, best_B_prof=,6.637040, best_B_strat=,0.372539, best_S_id=,S00, best_S_prof=,3.913934, best_S_strat=,0.570274, 
t=,3538800, id=,B02, PRDE,actvstrat=,-0.921562, actvprof=,0.006428, id=,B03, PRDE,actvstrat=,0.728349, actvprof=,0.016489, id=,B05, PRDE,actvstrat=,0.408398, actvprof=,0.626039, id=,B06, PRDE,actvstrat=,0.467773, actvprof=,1.981806, id=,B09, PRDE,actvstrat=,0.372539, actvprof=,6.730761, id=,S00, PRDE,actvstrat=,0.570274, actvprof=,3.885916, id=,S02, PRDE,actvstrat=,0.821159, actvprof=,2.436243, id=,S05, PRDE,actvstrat=,0.922641, actvprof=,0.060368, id=,S06, PRDE,actvstrat=,0.984393, actvprof=,0.032140, id=,S07, PRDE,actvstrat=,0.767634, actvprof=,0.000000, best_B_id=,B09, best_B_prof=,6.730761, best_B_strat=,0.372539, best_S_id=,S00, best_S_prof=,3.885916, best_S_strat=,0.570274, 
t=,3542400, id=,B02, PRDE,actvstrat=,-0.921562, actvprof=,0.004040, id=,B03, PRDE,actvstrat=,0.728349, actvprof=,0.016857, id=,B05, PRDE,actvstrat=,0.408398, actvprof=,0.616171, id=,B06, PRDE,actvstrat=,0.467773, actvprof=,1.935722, id=,B09, PRDE,actvstrat=,0.372539, actvprof=,6.726199, id=,S00, PRDE,actvstrat=,0.570274, actvprof=,3.955031, id=,S02, PRDE,actvstrat=,0.821159, actvprof=,2.440027, id=,S05, PRDE,actvstrat=,0.922641, actvprof=,0.073556, id=,S06, PRDE,actvstrat=,0.984393, actvprof=,0.038032, id=,S07, PRDE,actvstrat=,0.767634, actvprof=,0.000279, best_B_id=,B09, best_B_prof=,6.726199, best_B_strat=,0.372539, best_S_id=,S00, best_S_prof=,3.955031, best_S_strat=,0.570274, 
t=,3546000, id=,B02, PRDE,actvstrat=,-0.921562, actvprof=,0.000000, id=,B03, PRDE,actvstrat=,0.728349, actvprof=,0.023197, id=,B05, PRDE,actvstrat=,0.408398, actvprof=,0.581610, id=,B06, PRDE,actvstrat=,0.467773, actvprof=,1.984908, id=,B09, PRDE,actvstrat=,0.372539, actvprof=,6.650363, id=,S00, PRDE,actvstrat=,0.570274, actvprof=,3.953605, id=,S02, PRDE,actvstrat=,0.821159, actvprof=,2.437116, id=,S05, PRDE,actvstrat=,0.922641, actvprof=,0.064002, id=,S06, PRDE,actvstrat=,0.984393, actvprof=,0.025992, id=,S07, PRDE,actvstrat=,0.767634, actvprof=,0.000559, best_B_id=,B09, best_B_prof=,6.650363, best_B_strat=,0.372539, best_S_id=,S00, best_S_prof=,3.953605, best_S_strat=,0.570274, 
t=,3549600, id=,B02, PRDE,actvstrat=,-0.921562, actvprof=,0.000697, id=,B03, PRDE,actvstrat=,0.728349, actvprof=,0.018668, id=,B05, PRDE,actvstrat=,0.408398, actvprof=,0.593332, id=,B06, PRDE,actvstrat=,0.467773, actvprof=,1.945362, id=,B09, PRDE,actvstrat=,0.372539, actvprof=,6.649531, id=,S00, PRDE,actvstrat=,0.570274, actvprof=,3.926109, id=,S02, PRDE,actvstrat=,0.821159, actvprof=,2.447444, id=,S05, PRDE,actvstrat=,0.922641, actvprof=,0.067009, id=,S06, PRDE,actvstrat=,0.984393, actvprof=,0.027305, id=,S07, PRDE,actvstrat=,0.767634, actvprof=,0.000975, best_B_id=,B09, best_B_prof=,6.649531, best_B_strat=,0.372539, best_S_id=,S00, best_S_prof=,3.926109, best_S_strat=,0.570274, 
t=,3553200, id=,B02, PRDE,actvstrat=,-0.921562, actvprof=,0.013695, id=,B03, PRDE,actvstrat=,0.728349, actvprof=,0.057575, id=,B05, PRDE,actvstrat=,0.408398, actvprof=,0.816389, id=,B06, PRDE,actvstrat=,0.467773, actvprof=,2.156822, id=,B09, PRDE,actvstrat=,0.372539, actvprof=,6.829609, id=,S00, PRDE,actvstrat=,0.942834, actvprof=,6.047318, id=,S02, PRDE,actvstrat=,0.821159, actvprof=,2.239830, id=,S05, PRDE,actvstrat=,0.922641, actvprof=,0.070990, id=,S06, PRDE,actvstrat=,0.984393, actvprof=,0.029346, id=,S07, PRDE,actvstrat=,0.619199, actvprof=,0.000000, best_B_id=,B09, best_B_prof=,6.829609, best_B_strat=,0.372539, best_S_id=,S00, best_S_prof=,6.047318, best_S_strat=,0.942834, 
t=,3556800, id=,B02, PRDE,actvstrat=,-0.921562, actvprof=,0.010170, id=,B03, PRDE,actvstrat=,0.728349, actvprof=,0.048064, id=,B05, PRDE,actvstrat=,0.408398, actvprof=,0.791034, id=,B06, PRDE,actvstrat=,0.467773, actvprof=,2.163431, id=,B09, PRDE,actvstrat=,0.372539, actvprof=,6.947248, id=,S00, PRDE,actvstrat=,0.942834, actvprof=,6.049638, id=,S02, PRDE,actvstrat=,0.821159, actvprof=,2.242144, id=,S05, PRDE,actvstrat=,0.922641, actvprof=,0.071887, id=,S06, PRDE,actvstrat=,0.984393, actvprof=,0.026749, id=,S07, PRDE,actvstrat=,0.619199, actvprof=,0.000000, best_B_id=,B09, best_B_prof=,6.947248, best_B_strat=,0.372539, best_S_id=,S00, best_S_prof=,6.049638, best_S_strat=,0.942834, 
t=,3560400, id=,B02, PRDE,actvstrat=,-0.921562, actvprof=,0.034657, id=,B03, PRDE,actvstrat=,-0.006838, actvprof=,0.015931, id=,B05, PRDE,actvstrat=,0.408398, actvprof=,0.820873, id=,B06, PRDE,actvstrat=,0.467773, actvprof=,2.304983, id=,B09, PRDE,actvstrat=,0.372539, actvprof=,6.627631, id=,S00, PRDE,actvstrat=,0.942834, actvprof=,5.939238, id=,S02, PRDE,actvstrat=,0.821159, actvprof=,2.225328, id=,S05, PRDE,actvstrat=,0.922641, actvprof=,0.116549, id=,S06, PRDE,actvstrat=,-0.973159, actvprof=,0.034378, id=,S07, PRDE,actvstrat=,0.767634, actvprof=,0.004751, best_B_id=,B09, best_B_prof=,6.627631, best_B_strat=,0.372539, best_S_id=,S00, best_S_prof=,5.939238, best_S_strat=,0.942834, 
t=,3564000, id=,B02, PRDE,actvstrat=,-0.921562, actvprof=,0.030092, id=,B03, PRDE,actvstrat=,-0.006838, actvprof=,0.014489, id=,B05, PRDE,actvstrat=,0.408398, actvprof=,0.823355, id=,B06, PRDE,actvstrat=,0.467773, actvprof=,2.218879, id=,B09, PRDE,actvstrat=,0.372539, actvprof=,6.730473, id=,S00, PRDE,actvstrat=,0.942834, actvprof=,5.971761, id=,S02, PRDE,actvstrat=,0.821159, actvprof=,2.263878, id=,S05, PRDE,actvstrat=,0.922641, actvprof=,0.115771, id=,S06, PRDE,actvstrat=,-0.973159, actvprof=,0.036640, id=,S07, PRDE,actvstrat=,0.767634, actvprof=,0.005015, best_B_id=,B09, best_B_prof=,6.730473, best_B_strat=,0.372539, best_S_id=,S00, best_S_prof=,5.971761, best_S_strat=,0.942834, 
t=,3567600, id=,B02, PRDE,actvstrat=,-0.921562, actvprof=,0.011459, id=,B03, PRDE,actvstrat=,0.728349, actvprof=,0.045557, id=,B05, PRDE,actvstrat=,0.408398, actvprof=,0.835406, id=,B06, PRDE,actvstrat=,0.467773, actvprof=,2.208838, id=,B09, PRDE,actvstrat=,0.372539, actvprof=,6.849828, id=,S00, PRDE,actvstrat=,0.942834, actvprof=,5.976411, id=,S02, PRDE,actvstrat=,0.821159, actvprof=,2.122195, id=,S05, PRDE,actvstrat=,0.922641, actvprof=,0.076022, id=,S06, PRDE,actvstrat=,0.984393, actvprof=,0.027111, id=,S07, PRDE,actvstrat=,0.767634, actvprof=,0.000000, best_B_id=,B09, best_B_prof=,6.849828, best_B_strat=,0.372539, best_S_id=,S00, best_S_prof=,5.976411, best_S_strat=,0.942834, 
t=,3571200, id=,B02, PRDE,actvstrat=,-0.921562, actvprof=,0.014071, id=,B03, PRDE,actvstrat=,0.728349, actvprof=,0.043746, id=,B05, PRDE,actvstrat=,0.408398, actvprof=,0.808877, id=,B06, PRDE,actvstrat=,0.467773, actvprof=,2.208600, id=,B09, PRDE,actvstrat=,0.372539, actvprof=,6.869327, id=,S00, PRDE,actvstrat=,0.942834, actvprof=,5.921411, id=,S02, PRDE,actvstrat=,0.821159, actvprof=,2.090737, id=,S05, PRDE,actvstrat=,0.922641, actvprof=,0.086377, id=,S06, PRDE,actvstrat=,0.984393, actvprof=,0.022987, id=,S07, PRDE,actvstrat=,0.767634, actvprof=,0.000000, best_B_id=,B09, best_B_prof=,6.869327, best_B_strat=,0.372539, best_S_id=,S00, best_S_prof=,5.921411, best_S_strat=,0.942834, 
t=,3574800, id=,B02, PRDE,actvstrat=,-0.921562, actvprof=,0.007547, id=,B03, PRDE,actvstrat=,-0.731444, actvprof=,0.009503, id=,B05, PRDE,actvstrat=,0.408398, actvprof=,0.533289, id=,B06, PRDE,actvstrat=,0.467773, actvprof=,1.814523, id=,B09, PRDE,actvstrat=,0.372539, actvprof=,6.336296, id=,S00, PRDE,actvstrat=,0.570274, actvprof=,4.009168, id=,S02, PRDE,actvstrat=,0.821159, actvprof=,2.622002, id=,S05, PRDE,actvstrat=,-0.876709, actvprof=,0.008106, id=,S06, PRDE,actvstrat=,0.984393, actvprof=,0.067360, id=,S07, PRDE,actvstrat=,0.767634, actvprof=,0.001118, best_B_id=,B09, best_B_prof=,6.336296, best_B_strat=,0.372539, best_S_id=,S00, best_S_prof=,4.009168, best_S_strat=,0.570274, 
t=,3578400, id=,B02, PRDE,actvstrat=,-0.921562, actvprof=,0.012399, id=,B03, PRDE,actvstrat=,-0.731444, actvprof=,0.007663, id=,B05, PRDE,actvstrat=,0.408398, actvprof=,0.555049, id=,B06, PRDE,actvstrat=,0.467773, actvprof=,1.859357, id=,B09, PRDE,actvstrat=,0.372539, actvprof=,6.415520, id=,S00, PRDE,actvstrat=,0.570274, actvprof=,4.032879, id=,S02, PRDE,actvstrat=,0.821159, actvprof=,2.620738, id=,S05, PRDE,actvstrat=,-0.876709, actvprof=,0.004040, id=,S06, PRDE,actvstrat=,0.984393, actvprof=,0.062136, id=,S07, PRDE,actvstrat=,0.767634, actvprof=,0.001393, best_B_id=,B09, best_B_prof=,6.415520, best_B_strat=,0.372539, best_S_id=,S00, best_S_prof=,4.032879, best_S_strat=,0.570274, 
t=,3582000, id=,B02, PRDE,actvstrat=,-0.921562, actvprof=,0.014255, id=,B03, PRDE,actvstrat=,0.728349, actvprof=,0.052548, id=,B05, PRDE,actvstrat=,0.408398, actvprof=,0.726455, id=,B06, PRDE,actvstrat=,0.467773, actvprof=,1.963579, id=,B09, PRDE,actvstrat=,0.372539, actvprof=,6.369824, id=,S00, PRDE,actvstrat=,0.942834, actvprof=,6.044750, id=,S02, PRDE,actvstrat=,0.821159, actvprof=,2.380054, id=,S05, PRDE,actvstrat=,0.922641, actvprof=,0.171621, id=,S06, PRDE,actvstrat=,-0.973159, actvprof=,0.027951, id=,S07, PRDE,actvstrat=,0.619199, actvprof=,0.001957, best_B_id=,B09, best_B_prof=,6.369824, best_B_strat=,0.372539, best_S_id=,S00, best_S_prof=,6.044750, best_S_strat=,0.942834, 
t=,3585600, id=,B02, PRDE,actvstrat=,-0.921562, actvprof=,0.017554, id=,B03, PRDE,actvstrat=,0.728349, actvprof=,0.052106, id=,B05, PRDE,actvstrat=,0.408398, actvprof=,0.748016, id=,B06, PRDE,actvstrat=,0.467773, actvprof=,2.070455, id=,B09, PRDE,actvstrat=,0.372539, actvprof=,6.605505, id=,S00, PRDE,actvstrat=,0.942834, actvprof=,5.954874, id=,S02, PRDE,actvstrat=,0.821159, actvprof=,2.315939, id=,S05, PRDE,actvstrat=,0.922641, actvprof=,0.157155, id=,S06, PRDE,actvstrat=,-0.973159, actvprof=,0.025078, id=,S07, PRDE,actvstrat=,0.619199, actvprof=,0.000975, best_B_id=,B09, best_B_prof=,6.605505, best_B_strat=,0.372539, best_S_id=,S00, best_S_prof=,5.954874, best_S_strat=,0.942834, 
t=,3589200, id=,B02, PRDE,actvstrat=,-0.463777, actvprof=,0.002516, id=,B03, PRDE,actvstrat=,0.728349, actvprof=,0.068202, id=,B05, PRDE,actvstrat=,0.408398, actvprof=,0.848893, id=,B06, PRDE,actvstrat=,0.467773, actvprof=,2.207905, id=,B09, PRDE,actvstrat=,0.372539, actvprof=,6.936773, id=,S00, PRDE,actvstrat=,0.942834, actvprof=,5.937221, id=,S02, PRDE,actvstrat=,0.821159, actvprof=,2.145852, id=,S05, PRDE,actvstrat=,0.922641, actvprof=,0.060935, id=,S06, PRDE,actvstrat=,0.984393, actvprof=,0.045841, id=,S07, PRDE,actvstrat=,0.767634, actvprof=,0.000280, best_B_id=,B09, best_B_prof=,6.936773, best_B_strat=,0.372539, best_S_id=,S00, best_S_prof=,5.937221, best_S_strat=,0.942834, 
t=,3592800, id=,B02, PRDE,actvstrat=,-0.463777, actvprof=,0.002368, id=,B03, PRDE,actvstrat=,0.728349, actvprof=,0.063252, id=,B05, PRDE,actvstrat=,0.408398, actvprof=,0.813921, id=,B06, PRDE,actvstrat=,0.467773, actvprof=,2.136647, id=,B09, PRDE,actvstrat=,0.372539, actvprof=,6.941596, id=,S00, PRDE,actvstrat=,0.942834, actvprof=,5.969266, id=,S02, PRDE,actvstrat=,0.821159, actvprof=,2.174682, id=,S05, PRDE,actvstrat=,0.922641, actvprof=,0.066875, id=,S06, PRDE,actvstrat=,0.984393, actvprof=,0.036502, id=,S07, PRDE,actvstrat=,0.767634, actvprof=,0.000139, best_B_id=,B09, best_B_prof=,6.941596, best_B_strat=,0.372539, best_S_id=,S00, best_S_prof=,5.969266, best_S_strat=,0.942834, 
t=,3596400, id=,B02, PRDE,actvstrat=,-0.921562, actvprof=,0.003354, id=,B03, PRDE,actvstrat=,0.728349, actvprof=,0.019007, id=,B05, PRDE,actvstrat=,0.408398, actvprof=,0.535003, id=,B06, PRDE,actvstrat=,0.639785, actvprof=,2.038546, id=,B09, PRDE,actvstrat=,0.372539, actvprof=,6.410812, id=,S00, PRDE,actvstrat=,0.570274, actvprof=,4.052215, id=,S02, PRDE,actvstrat=,0.821159, actvprof=,2.554821, id=,S05, PRDE,actvstrat=,0.922641, actvprof=,0.080502, id=,S06, PRDE,actvstrat=,0.984393, actvprof=,0.019287, id=,S07, PRDE,actvstrat=,0.619199, actvprof=,0.000000, best_B_id=,B09, best_B_prof=,6.410812, best_B_strat=,0.372539, best_S_id=,S00, best_S_prof=,4.052215, best_S_strat=,0.570274, 
t=,3600000, id=,B02, PRDE,actvstrat=,-0.921562, actvprof=,0.002508, id=,B03, PRDE,actvstrat=,0.728349, actvprof=,0.021038, id=,B05, PRDE,actvstrat=,0.408398, actvprof=,0.536395, id=,B06, PRDE,actvstrat=,0.639785, actvprof=,2.029662, id=,B09, PRDE,actvstrat=,0.372539, actvprof=,6.480902, id=,S00, PRDE,actvstrat=,0.570274, actvprof=,4.091090, id=,S02, PRDE,actvstrat=,0.821159, actvprof=,2.477308, id=,S05, PRDE,actvstrat=,0.922641, actvprof=,0.083455, id=,S06, PRDE,actvstrat=,0.984393, actvprof=,0.029676, id=,S07, PRDE,actvstrat=,0.619199, actvprof=,0.000697, best_B_id=,B09, best_B_prof=,6.480902, best_B_strat=,0.372539, best_S_id=,S00, best_S_prof=,4.091090, best_S_strat=,0.570274, 
t=,3603600, id=,B02, PRDE,actvstrat=,-0.921562, actvprof=,0.001677, id=,B03, PRDE,actvstrat=,0.728349, actvprof=,0.020126, id=,B05, PRDE,actvstrat=,0.408398, actvprof=,0.556821, id=,B06, PRDE,actvstrat=,0.639785, actvprof=,2.055934, id=,B09, PRDE,actvstrat=,0.372539, actvprof=,6.529232, id=,S00, PRDE,actvstrat=,0.570274, actvprof=,4.127521, id=,S02, PRDE,actvstrat=,0.821159, actvprof=,2.531971, id=,S05, PRDE,actvstrat=,0.922641, actvprof=,0.069044, id=,S06, PRDE,actvstrat=,0.984393, actvprof=,0.042488, id=,S07, PRDE,actvstrat=,0.767634, actvprof=,0.001677, best_B_id=,B09, best_B_prof=,6.529232, best_B_strat=,0.372539, best_S_id=,S00, best_S_prof=,4.127521, best_S_strat=,0.570274, 
t=,3607200, id=,B02, PRDE,actvstrat=,-0.921562, actvprof=,0.002508, id=,B03, PRDE,actvstrat=,0.728349, actvprof=,0.014072, id=,B05, PRDE,actvstrat=,0.408398, actvprof=,0.537095, id=,B06, PRDE,actvstrat=,0.639785, actvprof=,2.028840, id=,B09, PRDE,actvstrat=,0.372539, actvprof=,6.563706, id=,S00, PRDE,actvstrat=,0.570274, actvprof=,4.110484, id=,S02, PRDE,actvstrat=,0.821159, actvprof=,2.540021, id=,S05, PRDE,actvstrat=,0.922641, actvprof=,0.077046, id=,S06, PRDE,actvstrat=,0.984393, actvprof=,0.041797, id=,S07, PRDE,actvstrat=,0.767634, actvprof=,0.000836, best_B_id=,B09, best_B_prof=,6.563706, best_B_strat=,0.372539, best_S_id=,S00, best_S_prof=,4.110484, best_S_strat=,0.570274, 
t=,3610800, id=,B02, PRDE,actvstrat=,-0.921562, actvprof=,0.008386, id=,B03, PRDE,actvstrat=,0.728349, actvprof=,0.041092, id=,B05, PRDE,actvstrat=,0.408398, actvprof=,0.772080, id=,B06, PRDE,actvstrat=,0.467773, actvprof=,2.148238, id=,B09, PRDE,actvstrat=,0.372539, actvprof=,6.819014, id=,S00, PRDE,actvstrat=,0.942834, actvprof=,6.022615, id=,S02, PRDE,actvstrat=,0.821159, actvprof=,2.201909, id=,S05, PRDE,actvstrat=,0.922641, actvprof=,0.067368, id=,S06, PRDE,actvstrat=,0.984393, actvprof=,0.026556, id=,S07, PRDE,actvstrat=,0.619199, actvprof=,0.001118, best_B_id=,B09, best_B_prof=,6.819014, best_B_strat=,0.372539, best_S_id=,S00, best_S_prof=,6.022615, best_S_strat=,0.942834, 
t=,3614400, id=,B02, PRDE,actvstrat=,-0.921562, actvprof=,0.011703, id=,B03, PRDE,actvstrat=,0.728349, actvprof=,0.036225, id=,B05, PRDE,actvstrat=,0.408398, actvprof=,0.783292, id=,B06, PRDE,actvstrat=,0.467773, actvprof=,2.114415, id=,B09, PRDE,actvstrat=,0.372539, actvprof=,6.738234, id=,S00, PRDE,actvstrat=,0.942834, actvprof=,6.089113, id=,S02, PRDE,actvstrat=,0.821159, actvprof=,2.191880, id=,S05, PRDE,actvstrat=,0.922641, actvprof=,0.075236, id=,S06, PRDE,actvstrat=,0.984393, actvprof=,0.026890, id=,S07, PRDE,actvstrat=,0.619199, actvprof=,0.000557, best_B_id=,B09, best_B_prof=,6.738234, best_B_strat=,0.372539, best_S_id=,S00, best_S_prof=,6.089113, best_S_strat=,0.942834, 
t=,3618000, id=,B02, PRDE,actvstrat=,-0.130111, actvprof=,0.002795, id=,B03, PRDE,actvstrat=,0.728349, actvprof=,0.012579, id=,B05, PRDE,actvstrat=,0.408398, actvprof=,0.562156, id=,B06, PRDE,actvstrat=,0.467773, actvprof=,2.033377, id=,B09, PRDE,actvstrat=,0.372539, actvprof=,6.823582, id=,S00, PRDE,actvstrat=,0.570274, actvprof=,3.799514, id=,S02, PRDE,actvstrat=,0.821159, actvprof=,2.467224, id=,S05, PRDE,actvstrat=,0.922641, actvprof=,0.085539, id=,S06, PRDE,actvstrat=,0.984393, actvprof=,0.025718, id=,S07, PRDE,actvstrat=,0.767634, actvprof=,0.000000, best_B_id=,B09, best_B_prof=,6.823582, best_B_strat=,0.372539, best_S_id=,S00, best_S_prof=,3.799514, best_S_strat=,0.570274, 
t=,3621600, id=,B02, PRDE,actvstrat=,-0.130111, actvprof=,0.002787, id=,B03, PRDE,actvstrat=,0.728349, actvprof=,0.010171, id=,B05, PRDE,actvstrat=,0.408398, actvprof=,0.561353, id=,B06, PRDE,actvstrat=,0.467773, actvprof=,1.978739, id=,B09, PRDE,actvstrat=,0.372539, actvprof=,6.653477, id=,S00, PRDE,actvstrat=,0.570274, actvprof=,3.906204, id=,S02, PRDE,actvstrat=,0.821159, actvprof=,2.517103, id=,S05, PRDE,actvstrat=,0.922641, actvprof=,0.071336, id=,S06, PRDE,actvstrat=,0.984393, actvprof=,0.028144, id=,S07, PRDE,actvstrat=,0.767634, actvprof=,0.000418, best_B_id=,B09, best_B_prof=,6.653477, best_B_strat=,0.372539, best_S_id=,S00, best_S_prof=,3.906204, best_S_strat=,0.570274, 
t=,3625200, id=,B02, PRDE,actvstrat=,-0.921562, actvprof=,0.011182, id=,B03, PRDE,actvstrat=,0.728349, actvprof=,0.049480, id=,B05, PRDE,actvstrat=,0.408398, actvprof=,0.782735, id=,B06, PRDE,actvstrat=,0.467773, actvprof=,2.192497, id=,B09, PRDE,actvstrat=,0.372539, actvprof=,6.756122, id=,S00, PRDE,actvstrat=,0.942834, actvprof=,5.917477, id=,S02, PRDE,actvstrat=,0.821159, actvprof=,2.184390, id=,S05, PRDE,actvstrat=,0.922641, actvprof=,0.094767, id=,S06, PRDE,actvstrat=,0.984393, actvprof=,0.043050, id=,S07, PRDE,actvstrat=,0.619199, actvprof=,0.000000, best_B_id=,B09, best_B_prof=,6.756122, best_B_strat=,0.372539, best_S_id=,S00, best_S_prof=,5.917477, best_S_strat=,0.942834, 
t=,3628800, id=,B02, PRDE,actvstrat=,-0.921562, actvprof=,0.015466, id=,B03, PRDE,actvstrat=,0.728349, actvprof=,0.044028, id=,B05, PRDE,actvstrat=,0.408398, actvprof=,0.726188, id=,B06, PRDE,actvstrat=,0.467773, actvprof=,2.165608, id=,B09, PRDE,actvstrat=,0.372539, actvprof=,6.777852, id=,S00, PRDE,actvstrat=,0.942834, actvprof=,5.988686, id=,S02, PRDE,actvstrat=,0.821159, actvprof=,2.161707, id=,S05, PRDE,actvstrat=,0.922641, actvprof=,0.080533, id=,S06, PRDE,actvstrat=,0.984393, actvprof=,0.038316, id=,S07, PRDE,actvstrat=,0.619199, actvprof=,0.000000, best_B_id=,B09, best_B_prof=,6.777852, best_B_strat=,0.372539, best_S_id=,S00, best_S_prof=,5.988686, best_S_strat=,0.942834, 
t=,3632400, id=,B02, PRDE,actvstrat=,-0.801721, actvprof=,0.002796, id=,B03, PRDE,actvstrat=,0.728349, actvprof=,0.049760, id=,B05, PRDE,actvstrat=,0.408398, actvprof=,0.802315, id=,B06, PRDE,actvstrat=,0.467773, actvprof=,2.200355, id=,B09, PRDE,actvstrat=,0.372539, actvprof=,6.895713, id=,S00, PRDE,actvstrat=,0.942834, actvprof=,5.958934, id=,S02, PRDE,actvstrat=,0.821159, actvprof=,2.126274, id=,S05, PRDE,actvstrat=,0.922641, actvprof=,0.070168, id=,S06, PRDE,actvstrat=,0.984393, actvprof=,0.041933, id=,S07, PRDE,actvstrat=,0.619199, actvprof=,0.000000, best_B_id=,B09, best_B_prof=,6.895713, best_B_strat=,0.372539, best_S_id=,S00, best_S_prof=,5.958934, best_S_strat=,0.942834, 
t=,3636000, id=,B02, PRDE,actvstrat=,-0.801721, actvprof=,0.004598, id=,B03, PRDE,actvstrat=,0.728349, actvprof=,0.050995, id=,B05, PRDE,actvstrat=,0.408398, actvprof=,0.790147, id=,B06, PRDE,actvstrat=,0.467773, actvprof=,2.185687, id=,B09, PRDE,actvstrat=,0.372539, actvprof=,6.728576, id=,S00, PRDE,actvstrat=,0.942834, actvprof=,5.964903, id=,S02, PRDE,actvstrat=,0.821159, actvprof=,2.229297, id=,S05, PRDE,actvstrat=,0.922641, actvprof=,0.086803, id=,S06, PRDE,actvstrat=,0.984393, actvprof=,0.037619, id=,S07, PRDE,actvstrat=,0.619199, actvprof=,0.000000, best_B_id=,B09, best_B_prof=,6.728576, best_B_strat=,0.372539, best_S_id=,S00, best_S_prof=,5.964903, best_S_strat=,0.942834, 
t=,3639600, id=,B02, PRDE,actvstrat=,-0.921562, actvprof=,0.003355, id=,B03, PRDE,actvstrat=,0.728349, actvprof=,0.026558, id=,B05, PRDE,actvstrat=,-0.919999, actvprof=,0.232591, id=,B06, PRDE,actvstrat=,0.467773, actvprof=,2.845601, id=,B09, PRDE,actvstrat=,0.372539, actvprof=,7.654245, id=,S00, PRDE,actvstrat=,0.942834, actvprof=,5.335607, id=,S02, PRDE,actvstrat=,0.821159, actvprof=,1.567471, id=,S05, PRDE,actvstrat=,0.922641, actvprof=,0.035504, id=,S06, PRDE,actvstrat=,0.984393, actvprof=,0.006150, id=,S07, PRDE,actvstrat=,0.767634, actvprof=,0.000000, best_B_id=,B09, best_B_prof=,7.654245, best_B_strat=,0.372539, best_S_id=,S00, best_S_prof=,5.335607, best_S_strat=,0.942834, 
t=,3643200, id=,B02, PRDE,actvstrat=,-0.921562, actvprof=,0.003205, id=,B03, PRDE,actvstrat=,0.728349, actvprof=,0.025219, id=,B05, PRDE,actvstrat=,-0.919999, actvprof=,0.239094, id=,B06, PRDE,actvstrat=,0.467773, actvprof=,2.814229, id=,B09, PRDE,actvstrat=,0.372539, actvprof=,7.753271, id=,S00, PRDE,actvstrat=,0.942834, actvprof=,5.375430, id=,S02, PRDE,actvstrat=,0.821159, actvprof=,1.582673, id=,S05, PRDE,actvstrat=,0.922641, actvprof=,0.029678, id=,S06, PRDE,actvstrat=,0.984393, actvprof=,0.012261, id=,S07, PRDE,actvstrat=,0.767634, actvprof=,0.000000, best_B_id=,B09, best_B_prof=,7.753271, best_B_strat=,0.372539, best_S_id=,S00, best_S_prof=,5.375430, best_S_strat=,0.942834, 
t=,3646800, id=,B02, PRDE,actvstrat=,-0.921562, actvprof=,0.011182, id=,B03, PRDE,actvstrat=,0.728349, actvprof=,0.036063, id=,B05, PRDE,actvstrat=,0.408398, actvprof=,0.875023, id=,B06, PRDE,actvstrat=,0.639785, actvprof=,2.491159, id=,B09, PRDE,actvstrat=,-0.078231, actvprof=,6.128234, id=,S00, PRDE,actvstrat=,0.942834, actvprof=,5.823234, id=,S02, PRDE,actvstrat=,0.821159, actvprof=,2.123817, id=,S05, PRDE,actvstrat=,0.922641, actvprof=,0.060665, id=,S06, PRDE,actvstrat=,0.984393, actvprof=,0.023203, id=,S07, PRDE,actvstrat=,0.619199, actvprof=,0.000000, best_B_id=,B09, best_B_prof=,6.128234, best_B_strat=,-0.078231, best_S_id=,S00, best_S_prof=,5.823234, best_S_strat=,0.942834, 
t=,3650400, id=,B02, PRDE,actvstrat=,-0.921562, actvprof=,0.018392, id=,B03, PRDE,actvstrat=,0.728349, actvprof=,0.033022, id=,B05, PRDE,actvstrat=,0.408398, actvprof=,0.858988, id=,B06, PRDE,actvstrat=,0.639785, actvprof=,2.424812, id=,B09, PRDE,actvstrat=,-0.078231, actvprof=,5.929038, id=,S00, PRDE,actvstrat=,0.942834, actvprof=,5.785525, id=,S02, PRDE,actvstrat=,0.821159, actvprof=,2.117444, id=,S05, PRDE,actvstrat=,0.922641, actvprof=,0.056012, id=,S06, PRDE,actvstrat=,0.984393, actvprof=,0.018253, id=,S07, PRDE,actvstrat=,0.619199, actvprof=,0.000000, best_B_id=,B09, best_B_prof=,5.929038, best_B_strat=,-0.078231, best_S_id=,S00, best_S_prof=,5.785525, best_S_strat=,0.942834, 
t=,3654000, id=,B02, PRDE,actvstrat=,-0.921562, actvprof=,0.005032, id=,B03, PRDE,actvstrat=,0.728349, actvprof=,0.027956, id=,B05, PRDE,actvstrat=,0.408398, actvprof=,0.605815, id=,B06, PRDE,actvstrat=,0.467773, actvprof=,1.928432, id=,B09, PRDE,actvstrat=,0.372539, actvprof=,6.499022, id=,S00, PRDE,actvstrat=,0.570274, actvprof=,3.928152, id=,S02, PRDE,actvstrat=,0.821159, actvprof=,2.430249, id=,S05, PRDE,actvstrat=,0.922641, actvprof=,0.066257, id=,S06, PRDE,actvstrat=,0.984393, actvprof=,0.044171, id=,S07, PRDE,actvstrat=,0.767634, actvprof=,0.000000, best_B_id=,B09, best_B_prof=,6.499022, best_B_strat=,0.372539, best_S_id=,S00, best_S_prof=,3.928152, best_S_strat=,0.570274, 
t=,3657600, id=,B02, PRDE,actvstrat=,-0.921562, actvprof=,0.003344, id=,B03, PRDE,actvstrat=,0.728349, actvprof=,0.021736, id=,B05, PRDE,actvstrat=,0.408398, actvprof=,0.590493, id=,B06, PRDE,actvstrat=,0.467773, actvprof=,1.859678, id=,B09, PRDE,actvstrat=,0.372539, actvprof=,6.544750, id=,S00, PRDE,actvstrat=,0.570274, actvprof=,4.011119, id=,S02, PRDE,actvstrat=,0.821159, actvprof=,2.441811, id=,S05, PRDE,actvstrat=,0.922641, actvprof=,0.075936, id=,S06, PRDE,actvstrat=,0.984393, actvprof=,0.038595, id=,S07, PRDE,actvstrat=,0.767634, actvprof=,0.001115, best_B_id=,B09, best_B_prof=,6.544750, best_B_strat=,0.372539, best_S_id=,S00, best_S_prof=,4.011119, best_S_strat=,0.570274, 
t=,3661200, id=,B02, PRDE,actvstrat=,-0.921562, actvprof=,0.017333, id=,B03, PRDE,actvstrat=,0.728349, actvprof=,0.046688, id=,B05, PRDE,actvstrat=,0.408398, actvprof=,0.722124, id=,B06, PRDE,actvstrat=,0.467773, actvprof=,2.044479, id=,B09, PRDE,actvstrat=,0.372539, actvprof=,6.468360, id=,S00, PRDE,actvstrat=,0.942834, actvprof=,6.001202, id=,S02, PRDE,actvstrat=,0.821159, actvprof=,2.387229, id=,S05, PRDE,actvstrat=,0.922641, actvprof=,0.157956, id=,S06, PRDE,actvstrat=,-0.973159, actvprof=,0.030752, id=,S07, PRDE,actvstrat=,0.767634, actvprof=,0.000280, best_B_id=,B09, best_B_prof=,6.468360, best_B_strat=,0.372539, best_S_id=,S00, best_S_prof=,6.001202, best_S_strat=,0.942834, 
t=,3664800, id=,B02, PRDE,actvstrat=,-0.921562, actvprof=,0.016023, id=,B03, PRDE,actvstrat=,0.728349, actvprof=,0.047513, id=,B05, PRDE,actvstrat=,0.408398, actvprof=,0.799498, id=,B06, PRDE,actvstrat=,0.467773, actvprof=,2.080953, id=,B09, PRDE,actvstrat=,0.372539, actvprof=,6.522224, id=,S00, PRDE,actvstrat=,0.942834, actvprof=,6.044866, id=,S02, PRDE,actvstrat=,0.821159, actvprof=,2.336213, id=,S05, PRDE,actvstrat=,0.922641, actvprof=,0.154243, id=,S06, PRDE,actvstrat=,-0.973159, actvprof=,0.030235, id=,S07, PRDE,actvstrat=,0.767634, actvprof=,0.002508, best_B_id=,B09, best_B_prof=,6.522224, best_B_strat=,0.372539, best_S_id=,S00, best_S_prof=,6.044866, best_S_strat=,0.942834, 
t=,3668400, id=,B02, PRDE,actvstrat=,-0.921562, actvprof=,0.007269, id=,B03, PRDE,actvstrat=,0.728349, actvprof=,0.051162, id=,B05, PRDE,actvstrat=,0.408398, actvprof=,0.660917, id=,B06, PRDE,actvstrat=,0.467773, actvprof=,2.090107, id=,B09, PRDE,actvstrat=,0.372539, actvprof=,6.636845, id=,S00, PRDE,actvstrat=,0.942834, actvprof=,6.105092, id=,S02, PRDE,actvstrat=,0.821159, actvprof=,2.397081, id=,S05, PRDE,actvstrat=,0.922641, actvprof=,0.169423, id=,S06, PRDE,actvstrat=,-0.973159, actvprof=,0.030474, id=,S07, PRDE,actvstrat=,0.619199, actvprof=,0.001957, best_B_id=,B09, best_B_prof=,6.636845, best_B_strat=,0.372539, best_S_id=,S00, best_S_prof=,6.105092, best_S_strat=,0.942834, 
t=,3672000, id=,B02, PRDE,actvstrat=,-0.921562, actvprof=,0.008500, id=,B03, PRDE,actvstrat=,0.728349, actvprof=,0.047514, id=,B05, PRDE,actvstrat=,0.408398, actvprof=,0.723716, id=,B06, PRDE,actvstrat=,0.467773, actvprof=,2.121126, id=,B09, PRDE,actvstrat=,0.372539, actvprof=,6.656542, id=,S00, PRDE,actvstrat=,0.942834, actvprof=,6.041508, id=,S02, PRDE,actvstrat=,0.821159, actvprof=,2.334868, id=,S05, PRDE,actvstrat=,0.922641, actvprof=,0.158844, id=,S06, PRDE,actvstrat=,-0.973159, actvprof=,0.033162, id=,S07, PRDE,actvstrat=,0.619199, actvprof=,0.003901, best_B_id=,B09, best_B_prof=,6.656542, best_B_strat=,0.372539, best_S_id=,S00, best_S_prof=,6.041508, best_S_strat=,0.942834, 
t=,3675600, id=,B02, PRDE,actvstrat=,-0.921562, actvprof=,0.003914, id=,B03, PRDE,actvstrat=,0.728349, actvprof=,0.039978, id=,B05, PRDE,actvstrat=,-0.919999, actvprof=,0.166063, id=,B06, PRDE,actvstrat=,0.467773, actvprof=,2.683292, id=,B09, PRDE,actvstrat=,0.372539, actvprof=,7.496051, id=,S00, PRDE,actvstrat=,0.942834, actvprof=,5.442067, id=,S02, PRDE,actvstrat=,0.821159, actvprof=,1.626525, id=,S05, PRDE,actvstrat=,0.922641, actvprof=,0.036623, id=,S06, PRDE,actvstrat=,0.984393, actvprof=,0.016774, id=,S07, PRDE,actvstrat=,0.767634, actvprof=,0.000000, best_B_id=,B09, best_B_prof=,7.496051, best_B_strat=,0.372539, best_S_id=,S00, best_S_prof=,5.442067, best_S_strat=,0.942834, 
t=,3679200, id=,B02, PRDE,actvstrat=,-0.921562, actvprof=,0.006688, id=,B03, PRDE,actvstrat=,0.728349, actvprof=,0.031072, id=,B05, PRDE,actvstrat=,-0.919999, actvprof=,0.177795, id=,B06, PRDE,actvstrat=,0.467773, actvprof=,2.716113, id=,B09, PRDE,actvstrat=,0.372539, actvprof=,7.667066, id=,S00, PRDE,actvstrat=,0.942834, actvprof=,5.389171, id=,S02, PRDE,actvstrat=,0.821159, actvprof=,1.621475, id=,S05, PRDE,actvstrat=,0.922641, actvprof=,0.031072, id=,S06, PRDE,actvstrat=,0.984393, actvprof=,0.014630, id=,S07, PRDE,actvstrat=,0.767634, actvprof=,0.000000, best_B_id=,B09, best_B_prof=,7.667066, best_B_strat=,0.372539, best_S_id=,S00, best_S_prof=,5.389171, best_S_strat=,0.942834, 
t=,3682800, id=,B02, PRDE,actvstrat=,-0.921562, actvprof=,0.003075, id=,B03, PRDE,actvstrat=,0.728349, actvprof=,0.021528, id=,B05, PRDE,actvstrat=,0.408398, actvprof=,0.719648, id=,B06, PRDE,actvstrat=,0.467773, actvprof=,2.024464, id=,B09, PRDE,actvstrat=,0.372539, actvprof=,6.785769, id=,S00, PRDE,actvstrat=,0.942834, actvprof=,6.145803, id=,S02, PRDE,actvstrat=,0.821159, actvprof=,2.167610, id=,S05, PRDE,actvstrat=,0.922641, actvprof=,0.069896, id=,S06, PRDE,actvstrat=,0.984393, actvprof=,0.033830, id=,S07, PRDE,actvstrat=,0.619199, actvprof=,0.000000, best_B_id=,B09, best_B_prof=,6.785769, best_B_strat=,0.372539, best_S_id=,S00, best_S_prof=,6.145803, best_S_strat=,0.942834, 
t=,3686400, id=,B02, PRDE,actvstrat=,-0.921562, actvprof=,0.009475, id=,B03, PRDE,actvstrat=,0.728349, actvprof=,0.026614, id=,B05, PRDE,actvstrat=,0.408398, actvprof=,0.724283, id=,B06, PRDE,actvstrat=,0.467773, actvprof=,2.000766, id=,B09, PRDE,actvstrat=,0.372539, actvprof=,6.786359, id=,S00, PRDE,actvstrat=,0.942834, actvprof=,6.086878, id=,S02, PRDE,actvstrat=,0.821159, actvprof=,2.203644, id=,S05, PRDE,actvstrat=,0.922641, actvprof=,0.072735, id=,S06, PRDE,actvstrat=,0.984393, actvprof=,0.029261, id=,S07, PRDE,actvstrat=,0.619199, actvprof=,0.000000, best_B_id=,B09, best_B_prof=,6.786359, best_B_strat=,0.372539, best_S_id=,S00, best_S_prof=,6.086878, best_S_strat=,0.942834, 
t=,3690000, id=,B02, PRDE,actvstrat=,-0.921562, actvprof=,0.007269, id=,B03, PRDE,actvstrat=,0.728349, actvprof=,0.020130, id=,B05, PRDE,actvstrat=,0.408398, actvprof=,0.610060, id=,B06, PRDE,actvstrat=,0.467773, actvprof=,1.977801, id=,B09, PRDE,actvstrat=,0.372539, actvprof=,6.440015, id=,S00, PRDE,actvstrat=,0.570274, actvprof=,3.767439, id=,S02, PRDE,actvstrat=,0.821159, actvprof=,2.484972, id=,S05, PRDE,actvstrat=,0.922641, actvprof=,0.060670, id=,S06, PRDE,actvstrat=,0.984393, actvprof=,0.036346, id=,S07, PRDE,actvstrat=,0.767634, actvprof=,0.001118, best_B_id=,B09, best_B_prof=,6.440015, best_B_strat=,0.372539, best_S_id=,S00, best_S_prof=,3.767439, best_S_strat=,0.570274, 
t=,3693600, id=,B02, PRDE,actvstrat=,-0.921562, actvprof=,0.005295, id=,B03, PRDE,actvstrat=,0.728349, actvprof=,0.017975, id=,B05, PRDE,actvstrat=,0.408398, actvprof=,0.603058, id=,B06, PRDE,actvstrat=,0.467773, actvprof=,1.955063, id=,B09, PRDE,actvstrat=,0.372539, actvprof=,6.491796, id=,S00, PRDE,actvstrat=,0.570274, actvprof=,3.809803, id=,S02, PRDE,actvstrat=,0.821159, actvprof=,2.481067, id=,S05, PRDE,actvstrat=,0.922641, actvprof=,0.068276, id=,S06, PRDE,actvstrat=,0.984393, actvprof=,0.041941, id=,S07, PRDE,actvstrat=,0.767634, actvprof=,0.000557, best_B_id=,B09, best_B_prof=,6.491796, best_B_strat=,0.372539, best_S_id=,S00, best_S_prof=,3.809803, best_S_strat=,0.570274, 
t=,3697200, id=,B02, PRDE,actvstrat=,-0.921562, actvprof=,0.011463, id=,B03, PRDE,actvstrat=,0.728349, actvprof=,0.035228, id=,B05, PRDE,actvstrat=,0.408398, actvprof=,0.627962, id=,B06, PRDE,actvstrat=,0.639177, actvprof=,2.310542, id=,B09, PRDE,actvstrat=,0.372539, actvprof=,6.687822, id=,S00, PRDE,actvstrat=,0.942834, actvprof=,6.027428, id=,S02, PRDE,actvstrat=,0.821159, actvprof=,2.287336, id=,S05, PRDE,actvstrat=,0.922641, actvprof=,0.072135, id=,S06, PRDE,actvstrat=,0.984393, actvprof=,0.056477, id=,S07, PRDE,actvstrat=,0.619199, actvprof=,0.000000, best_B_id=,B09, best_B_prof=,6.687822, best_B_strat=,0.372539, best_S_id=,S00, best_S_prof=,6.027428, best_S_strat=,0.942834, 
t=,3700800, id=,B02, PRDE,actvstrat=,-0.921562, actvprof=,0.013516, id=,B03, PRDE,actvstrat=,0.728349, actvprof=,0.028147, id=,B05, PRDE,actvstrat=,0.408398, actvprof=,0.690155, id=,B06, PRDE,actvstrat=,0.639177, actvprof=,2.336606, id=,B09, PRDE,actvstrat=,0.372539, actvprof=,6.694488, id=,S00, PRDE,actvstrat=,0.942834, actvprof=,6.038193, id=,S02, PRDE,actvstrat=,0.821159, actvprof=,2.342179, id=,S05, PRDE,actvstrat=,0.922641, actvprof=,0.081375, id=,S06, PRDE,actvstrat=,0.984393, actvprof=,0.040966, id=,S07, PRDE,actvstrat=,0.619199, actvprof=,0.000000, best_B_id=,B09, best_B_prof=,6.694488, best_B_strat=,0.372539, best_S_id=,S00, best_S_prof=,6.038193, best_S_strat=,0.942834, 
t=,3704400, id=,B02, PRDE,actvstrat=,-0.921562, actvprof=,0.000000, id=,B03, PRDE,actvstrat=,0.999724, actvprof=,0.003635, id=,B05, PRDE,actvstrat=,0.408398, actvprof=,0.514462, id=,B06, PRDE,actvstrat=,0.467773, actvprof=,1.842837, id=,B09, PRDE,actvstrat=,0.372539, actvprof=,6.611679, id=,S00, PRDE,actvstrat=,0.570274, actvprof=,3.756134, id=,S02, PRDE,actvstrat=,0.821159, actvprof=,2.474172, id=,S05, PRDE,actvstrat=,0.922641, actvprof=,0.068222, id=,S06, PRDE,actvstrat=,0.984393, actvprof=,0.028240, id=,S07, PRDE,actvstrat=,0.619199, actvprof=,0.000000, best_B_id=,B09, best_B_prof=,6.611679, best_B_strat=,0.372539, best_S_id=,S00, best_S_prof=,3.756134, best_S_strat=,0.570274, 
t=,3708000, id=,B02, PRDE,actvstrat=,-0.921562, actvprof=,0.000836, id=,B03, PRDE,actvstrat=,0.999724, actvprof=,0.003484, id=,B05, PRDE,actvstrat=,0.408398, actvprof=,0.508462, id=,B06, PRDE,actvstrat=,0.467773, actvprof=,1.851865, id=,B09, PRDE,actvstrat=,0.372539, actvprof=,6.604566, id=,S00, PRDE,actvstrat=,0.570274, actvprof=,3.893096, id=,S02, PRDE,actvstrat=,0.821159, actvprof=,2.463440, id=,S05, PRDE,actvstrat=,0.922641, actvprof=,0.067303, id=,S06, PRDE,actvstrat=,0.984393, actvprof=,0.031491, id=,S07, PRDE,actvstrat=,0.619199, actvprof=,0.000000, best_B_id=,B09, best_B_prof=,6.604566, best_B_strat=,0.372539, best_S_id=,S00, best_S_prof=,3.893096, best_S_strat=,0.570274, 
t=,3711600, id=,B02, PRDE,actvstrat=,-0.921562, actvprof=,0.003355, id=,B03, PRDE,actvstrat=,0.728349, actvprof=,0.043338, id=,B05, PRDE,actvstrat=,0.408398, actvprof=,0.802170, id=,B06, PRDE,actvstrat=,0.467773, actvprof=,2.211069, id=,B09, PRDE,actvstrat=,0.372539, actvprof=,6.936014, id=,S00, PRDE,actvstrat=,0.942834, actvprof=,6.023402, id=,S02, PRDE,actvstrat=,0.821159, actvprof=,2.178356, id=,S05, PRDE,actvstrat=,0.922641, actvprof=,0.076610, id=,S06, PRDE,actvstrat=,0.984393, actvprof=,0.028240, id=,S07, PRDE,actvstrat=,0.767634, actvprof=,0.000000, best_B_id=,B09, best_B_prof=,6.936014, best_B_strat=,0.372539, best_S_id=,S00, best_S_prof=,6.023402, best_S_strat=,0.942834, 
t=,3715200, id=,B02, PRDE,actvstrat=,-0.921562, actvprof=,0.006688, id=,B03, PRDE,actvstrat=,0.728349, actvprof=,0.038459, id=,B05, PRDE,actvstrat=,0.408398, actvprof=,0.817947, id=,B06, PRDE,actvstrat=,0.467773, actvprof=,2.224622, id=,B09, PRDE,actvstrat=,0.372539, actvprof=,6.842751, id=,S00, PRDE,actvstrat=,0.942834, actvprof=,5.997771, id=,S02, PRDE,actvstrat=,0.821159, actvprof=,2.151049, id=,S05, PRDE,actvstrat=,0.922641, actvprof=,0.076082, id=,S06, PRDE,actvstrat=,0.984393, actvprof=,0.029402, id=,S07, PRDE,actvstrat=,0.767634, actvprof=,0.001115, best_B_id=,B09, best_B_prof=,6.842751, best_B_strat=,0.372539, best_S_id=,S00, best_S_prof=,5.997771, best_S_strat=,0.942834, 
t=,3718800, id=,B02, PRDE,actvstrat=,-0.921562, actvprof=,0.009786, id=,B03, PRDE,actvstrat=,0.728349, actvprof=,0.032714, id=,B05, PRDE,actvstrat=,0.408398, actvprof=,0.815602, id=,B06, PRDE,actvstrat=,0.467773, actvprof=,2.211939, id=,B09, PRDE,actvstrat=,0.372539, actvprof=,6.808891, id=,S00, PRDE,actvstrat=,0.942834, actvprof=,6.070460, id=,S02, PRDE,actvstrat=,0.821159, actvprof=,2.223403, id=,S05, PRDE,actvstrat=,0.922641, actvprof=,0.065427, id=,S06, PRDE,actvstrat=,0.984393, actvprof=,0.029918, id=,S07, PRDE,actvstrat=,0.619199, actvprof=,0.000000, best_B_id=,B09, best_B_prof=,6.808891, best_B_strat=,0.372539, best_S_id=,S00, best_S_prof=,6.070460, best_S_strat=,0.942834, 
t=,3722400, id=,B02, PRDE,actvstrat=,-0.921562, actvprof=,0.010312, id=,B03, PRDE,actvstrat=,0.728349, actvprof=,0.037066, id=,B05, PRDE,actvstrat=,0.408398, actvprof=,0.779633, id=,B06, PRDE,actvstrat=,0.467773, actvprof=,2.183113, id=,B09, PRDE,actvstrat=,0.372539, actvprof=,6.714601, id=,S00, PRDE,actvstrat=,0.942834, actvprof=,6.051042, id=,S02, PRDE,actvstrat=,0.821159, actvprof=,2.168900, id=,S05, PRDE,actvstrat=,0.922641, actvprof=,0.064517, id=,S06, PRDE,actvstrat=,0.984393, actvprof=,0.039574, id=,S07, PRDE,actvstrat=,0.619199, actvprof=,0.000000, best_B_id=,B09, best_B_prof=,6.714601, best_B_strat=,0.372539, best_S_id=,S00, best_S_prof=,6.051042, best_S_strat=,0.942834, 
t=,3726000, id=,B02, PRDE,actvstrat=,-0.921562, actvprof=,0.012023, id=,B03, PRDE,actvstrat=,0.728349, actvprof=,0.049771, id=,B05, PRDE,actvstrat=,0.408398, actvprof=,0.858405, id=,B06, PRDE,actvstrat=,0.467773, actvprof=,2.151885, id=,B09, PRDE,actvstrat=,0.372539, actvprof=,6.845990, id=,S00, PRDE,actvstrat=,0.942834, actvprof=,5.913488, id=,S02, PRDE,actvstrat=,0.821159, actvprof=,2.209484, id=,S05, PRDE,actvstrat=,0.922641, actvprof=,0.074097, id=,S06, PRDE,actvstrat=,0.984393, actvprof=,0.032435, id=,S07, PRDE,actvstrat=,0.767634, actvprof=,0.000839, best_B_id=,B09, best_B_prof=,6.845990, best_B_strat=,0.372539, best_S_id=,S00, best_S_prof=,5.913488, best_S_strat=,0.942834, 
t=,3729600, id=,B02, PRDE,actvstrat=,-0.921562, actvprof=,0.013516, id=,B03, PRDE,actvstrat=,0.728349, actvprof=,0.060615, id=,B05, PRDE,actvstrat=,0.408398, actvprof=,0.830076, id=,B06, PRDE,actvstrat=,0.467773, actvprof=,2.225613, id=,B09, PRDE,actvstrat=,0.372539, actvprof=,6.861610, id=,S00, PRDE,actvstrat=,0.942834, actvprof=,5.912255, id=,S02, PRDE,actvstrat=,0.821159, actvprof=,2.278982, id=,S05, PRDE,actvstrat=,0.922641, actvprof=,0.083885, id=,S06, PRDE,actvstrat=,0.984393, actvprof=,0.038320, id=,S07, PRDE,actvstrat=,0.767634, actvprof=,0.000418, best_B_id=,B09, best_B_prof=,6.861610, best_B_strat=,0.372539, best_S_id=,S00, best_S_prof=,5.912255, best_S_strat=,0.942834, 
t=,3733200, id=,B02, PRDE,actvstrat=,-0.921562, actvprof=,0.003355, id=,B03, PRDE,actvstrat=,0.728349, actvprof=,0.029359, id=,B05, PRDE,actvstrat=,0.408398, actvprof=,0.543004, id=,B06, PRDE,actvstrat=,0.467773, actvprof=,2.012359, id=,B09, PRDE,actvstrat=,0.372539, actvprof=,6.745890, id=,S00, PRDE,actvstrat=,0.570274, actvprof=,3.895817, id=,S02, PRDE,actvstrat=,0.821159, actvprof=,2.463930, id=,S05, PRDE,actvstrat=,0.922641, actvprof=,0.055643, id=,S06, PRDE,actvstrat=,0.984393, actvprof=,0.015379, id=,S07, PRDE,actvstrat=,0.767634, actvprof=,0.000000, best_B_id=,B09, best_B_prof=,6.745890, best_B_strat=,0.372539, best_S_id=,S00, best_S_prof=,3.895817, best_S_strat=,0.570274, 
t=,3736800, id=,B02, PRDE,actvstrat=,-0.921562, actvprof=,0.004041, id=,B03, PRDE,actvstrat=,0.728349, actvprof=,0.027312, id=,B05, PRDE,actvstrat=,0.408398, actvprof=,0.598215, id=,B06, PRDE,actvstrat=,0.467773, actvprof=,1.981369, id=,B09, PRDE,actvstrat=,0.372539, actvprof=,6.569217, id=,S00, PRDE,actvstrat=,0.570274, actvprof=,4.058470, id=,S02, PRDE,actvstrat=,0.821159, actvprof=,2.414180, id=,S05, PRDE,actvstrat=,0.922641, actvprof=,0.070370, id=,S06, PRDE,actvstrat=,0.984393, actvprof=,0.030238, id=,S07, PRDE,actvstrat=,0.767634, actvprof=,0.000418, best_B_id=,B09, best_B_prof=,6.569217, best_B_strat=,0.372539, best_S_id=,S00, best_S_prof=,4.058470, best_S_strat=,0.570274, 
t=,3740400, id=,B02, PRDE,actvstrat=,-0.921562, actvprof=,0.006152, id=,B03, PRDE,actvstrat=,0.728349, actvprof=,0.036630, id=,B05, PRDE,actvstrat=,0.408398, actvprof=,0.726170, id=,B06, PRDE,actvstrat=,0.467773, actvprof=,2.011017, id=,B09, PRDE,actvstrat=,0.372539, actvprof=,6.903224, id=,S00, PRDE,actvstrat=,0.942834, actvprof=,6.027459, id=,S02, PRDE,actvstrat=,0.821159, actvprof=,2.185219, id=,S05, PRDE,actvstrat=,0.922641, actvprof=,0.099544, id=,S06, PRDE,actvstrat=,0.984393, actvprof=,0.024047, id=,S07, PRDE,actvstrat=,0.767634, actvprof=,0.000000, best_B_id=,B09, best_B_prof=,6.903224, best_B_strat=,0.372539, best_S_id=,S00, best_S_prof=,6.027459, best_S_strat=,0.942834, 
t=,3744000, id=,B02, PRDE,actvstrat=,-0.921562, actvprof=,0.011287, id=,B03, PRDE,actvstrat=,0.728349, actvprof=,0.038321, id=,B05, PRDE,actvstrat=,0.408398, actvprof=,0.759444, id=,B06, PRDE,actvstrat=,0.467773, actvprof=,2.128674, id=,B09, PRDE,actvstrat=,0.372539, actvprof=,6.871786, id=,S00, PRDE,actvstrat=,0.942834, actvprof=,5.967003, id=,S02, PRDE,actvstrat=,0.821159, actvprof=,2.165601, id=,S05, PRDE,actvstrat=,0.922641, actvprof=,0.085281, id=,S06, PRDE,actvstrat=,0.984393, actvprof=,0.021181, id=,S07, PRDE,actvstrat=,0.767634, actvprof=,0.000000, best_B_id=,B09, best_B_prof=,6.871786, best_B_strat=,0.372539, best_S_id=,S00, best_S_prof=,5.967003, best_S_strat=,0.942834, 
t=,3747600, id=,B02, PRDE,actvstrat=,-0.921562, actvprof=,0.009228, id=,B03, PRDE,actvstrat=,0.728349, actvprof=,0.005593, id=,B05, PRDE,actvstrat=,0.408398, actvprof=,0.320452, id=,B06, PRDE,actvstrat=,0.467773, actvprof=,1.325429, id=,B09, PRDE,actvstrat=,0.372539, actvprof=,5.859851, id=,S00, PRDE,actvstrat=,0.942834, actvprof=,6.950954, id=,S02, PRDE,actvstrat=,-0.668949, actvprof=,0.173648, id=,S05, PRDE,actvstrat=,-0.739428, actvprof=,0.000000, id=,S06, PRDE,actvstrat=,0.984393, actvprof=,0.064314, id=,S07, PRDE,actvstrat=,0.619199, actvprof=,0.000000, best_B_id=,B09, best_B_prof=,5.859851, best_B_strat=,0.372539, best_S_id=,S00, best_S_prof=,6.950954, best_S_strat=,0.942834, 
t=,3751200, id=,B02, PRDE,actvstrat=,-0.921562, actvprof=,0.009476, id=,B03, PRDE,actvstrat=,0.728349, actvprof=,0.011148, id=,B05, PRDE,actvstrat=,0.408398, actvprof=,0.357290, id=,B06, PRDE,actvstrat=,0.467773, actvprof=,1.461627, id=,B09, PRDE,actvstrat=,0.372539, actvprof=,5.906288, id=,S00, PRDE,actvstrat=,0.942834, actvprof=,6.932033, id=,S02, PRDE,actvstrat=,-0.668949, actvprof=,0.191186, id=,S05, PRDE,actvstrat=,-0.739428, actvprof=,0.000000, id=,S06, PRDE,actvstrat=,0.984393, actvprof=,0.059084, id=,S07, PRDE,actvstrat=,0.619199, actvprof=,0.000000, best_B_id=,B09, best_B_prof=,5.906288, best_B_strat=,0.372539, best_S_id=,S00, best_S_prof=,6.932033, best_S_strat=,0.942834, 
t=,3754800, id=,B02, PRDE,actvstrat=,-0.921562, actvprof=,0.005033, id=,B03, PRDE,actvstrat=,0.728349, actvprof=,0.022370, id=,B05, PRDE,actvstrat=,0.408398, actvprof=,0.986242, id=,B06, PRDE,actvstrat=,0.467773, actvprof=,2.507130, id=,B09, PRDE,actvstrat=,-0.820352, actvprof=,4.400761, id=,S00, PRDE,actvstrat=,0.942834, actvprof=,5.902075, id=,S02, PRDE,actvstrat=,0.821159, actvprof=,1.841060, id=,S05, PRDE,actvstrat=,0.922641, actvprof=,0.021811, id=,S06, PRDE,actvstrat=,0.984393, actvprof=,0.003915, id=,S07, PRDE,actvstrat=,0.767634, actvprof=,0.000000, best_B_id=,B09, best_B_prof=,4.400761, best_B_strat=,-0.820352, best_S_id=,S00, best_S_prof=,5.902075, best_S_strat=,0.942834, 
t=,3758400, id=,B02, PRDE,actvstrat=,-0.921562, actvprof=,0.005992, id=,B03, PRDE,actvstrat=,0.728349, actvprof=,0.029542, id=,B05, PRDE,actvstrat=,0.408398, actvprof=,0.984232, id=,B06, PRDE,actvstrat=,0.467773, actvprof=,2.443929, id=,B09, PRDE,actvstrat=,-0.820352, actvprof=,4.392188, id=,S00, PRDE,actvstrat=,0.942834, actvprof=,5.828752, id=,S02, PRDE,actvstrat=,0.821159, actvprof=,1.877190, id=,S05, PRDE,actvstrat=,0.922641, actvprof=,0.020345, id=,S06, PRDE,actvstrat=,0.984393, actvprof=,0.002648, id=,S07, PRDE,actvstrat=,0.767634, actvprof=,0.000000, best_B_id=,B09, best_B_prof=,4.392188, best_B_strat=,-0.820352, best_S_id=,S00, best_S_prof=,5.828752, best_S_strat=,0.942834, 
t=,3762000, id=,B02, PRDE,actvstrat=,-0.921562, actvprof=,0.012024, id=,B03, PRDE,actvstrat=,0.728349, actvprof=,0.046419, id=,B05, PRDE,actvstrat=,0.408398, actvprof=,0.740471, id=,B06, PRDE,actvstrat=,0.467773, actvprof=,2.299432, id=,B09, PRDE,actvstrat=,0.372539, actvprof=,6.844887, id=,S00, PRDE,actvstrat=,0.942834, actvprof=,6.001790, id=,S02, PRDE,actvstrat=,0.821159, actvprof=,2.109561, id=,S05, PRDE,actvstrat=,0.922641, actvprof=,0.047538, id=,S06, PRDE,actvstrat=,0.984393, actvprof=,0.044462, id=,S07, PRDE,actvstrat=,0.767634, actvprof=,0.000000, best_B_id=,B09, best_B_prof=,6.844887, best_B_strat=,0.372539, best_S_id=,S00, best_S_prof=,6.001790, best_S_strat=,0.942834, 
t=,3765600, id=,B02, PRDE,actvstrat=,-0.921562, actvprof=,0.012402, id=,B03, PRDE,actvstrat=,0.728349, actvprof=,0.045568, id=,B05, PRDE,actvstrat=,0.408398, actvprof=,0.781338, id=,B06, PRDE,actvstrat=,0.467773, actvprof=,2.214140, id=,B09, PRDE,actvstrat=,0.372539, actvprof=,6.873463, id=,S00, PRDE,actvstrat=,0.942834, actvprof=,6.042516, id=,S02, PRDE,actvstrat=,0.821159, actvprof=,2.179581, id=,S05, PRDE,actvstrat=,0.922641, actvprof=,0.054904, id=,S06, PRDE,actvstrat=,0.984393, actvprof=,0.039994, id=,S07, PRDE,actvstrat=,0.767634, actvprof=,0.000279, best_B_id=,B09, best_B_prof=,6.873463, best_B_strat=,0.372539, best_S_id=,S00, best_S_prof=,6.042516, best_S_strat=,0.942834, 
t=,3769200, id=,B02, PRDE,actvstrat=,-0.921562, actvprof=,0.015659, id=,B03, PRDE,actvstrat=,0.728349, actvprof=,0.043902, id=,B05, PRDE,actvstrat=,0.408398, actvprof=,0.690128, id=,B06, PRDE,actvstrat=,0.467773, actvprof=,2.055563, id=,B09, PRDE,actvstrat=,0.372539, actvprof=,6.593963, id=,S00, PRDE,actvstrat=,0.942834, actvprof=,5.891531, id=,S02, PRDE,actvstrat=,0.821159, actvprof=,2.454315, id=,S05, PRDE,actvstrat=,0.922641, actvprof=,0.161906, id=,S06, PRDE,actvstrat=,-0.973159, actvprof=,0.049215, id=,S07, PRDE,actvstrat=,0.767634, actvprof=,0.002796, best_B_id=,B09, best_B_prof=,6.593963, best_B_strat=,0.372539, best_S_id=,S00, best_S_prof=,5.891531, best_S_strat=,0.942834, 
t=,3772800, id=,B02, PRDE,actvstrat=,-0.921562, actvprof=,0.016304, id=,B03, PRDE,actvstrat=,0.728349, actvprof=,0.042781, id=,B05, PRDE,actvstrat=,0.408398, actvprof=,0.737732, id=,B06, PRDE,actvstrat=,0.467773, actvprof=,2.122059, id=,B09, PRDE,actvstrat=,0.372539, actvprof=,6.626905, id=,S00, PRDE,actvstrat=,0.942834, actvprof=,5.902690, id=,S02, PRDE,actvstrat=,0.821159, actvprof=,2.390452, id=,S05, PRDE,actvstrat=,0.922641, actvprof=,0.147853, id=,S06, PRDE,actvstrat=,-0.973159, actvprof=,0.044175, id=,S07, PRDE,actvstrat=,0.767634, actvprof=,0.001394, best_B_id=,B09, best_B_prof=,6.626905, best_B_strat=,0.372539, best_S_id=,S00, best_S_prof=,5.902690, best_S_strat=,0.942834, 
t=,3776400, id=,B02, PRDE,actvstrat=,-0.921562, actvprof=,0.008389, id=,B03, PRDE,actvstrat=,0.728349, actvprof=,0.034396, id=,B05, PRDE,actvstrat=,0.169266, actvprof=,0.798378, id=,B06, PRDE,actvstrat=,0.467773, actvprof=,2.491051, id=,B09, PRDE,actvstrat=,-0.820352, actvprof=,5.023770, id=,S00, PRDE,actvstrat=,0.942834, actvprof=,5.724832, id=,S02, PRDE,actvstrat=,0.821159, actvprof=,1.884787, id=,S05, PRDE,actvstrat=,0.922641, actvprof=,0.016219, id=,S06, PRDE,actvstrat=,0.984393, actvprof=,0.005034, id=,S07, PRDE,actvstrat=,0.767634, actvprof=,0.000000, best_B_id=,B09, best_B_prof=,5.023770, best_B_strat=,-0.820352, best_S_id=,S00, best_S_prof=,5.724832, best_S_strat=,0.942834, 
t=,3780000, id=,B02, PRDE,actvstrat=,-0.921562, actvprof=,0.007525, id=,B03, PRDE,actvstrat=,0.728349, actvprof=,0.039298, id=,B05, PRDE,actvstrat=,0.169266, actvprof=,0.810061, id=,B06, PRDE,actvstrat=,0.467773, actvprof=,2.509894, id=,B09, PRDE,actvstrat=,-0.820352, actvprof=,4.768395, id=,S00, PRDE,actvstrat=,0.942834, actvprof=,5.712514, id=,S02, PRDE,actvstrat=,0.821159, actvprof=,1.915970, id=,S05, PRDE,actvstrat=,0.922641, actvprof=,0.014632, id=,S06, PRDE,actvstrat=,0.984393, actvprof=,0.005295, id=,S07, PRDE,actvstrat=,0.767634, actvprof=,0.000000, best_B_id=,B09, best_B_prof=,4.768395, best_B_strat=,-0.820352, best_S_id=,S00, best_S_prof=,5.712514, best_S_strat=,0.942834, 
t=,3783600, id=,B02, PRDE,actvstrat=,-0.921562, actvprof=,0.013143, id=,B03, PRDE,actvstrat=,0.728349, actvprof=,0.055650, id=,B05, PRDE,actvstrat=,0.408398, actvprof=,0.774619, id=,B06, PRDE,actvstrat=,0.467773, actvprof=,2.121954, id=,B09, PRDE,actvstrat=,0.372539, actvprof=,6.681301, id=,S00, PRDE,actvstrat=,0.942834, actvprof=,5.834534, id=,S02, PRDE,actvstrat=,0.821159, actvprof=,2.248074, id=,S05, PRDE,actvstrat=,0.922641, actvprof=,0.073547, id=,S06, PRDE,actvstrat=,0.984393, actvprof=,0.027685, id=,S07, PRDE,actvstrat=,0.767634, actvprof=,0.000000, best_B_id=,B09, best_B_prof=,6.681301, best_B_strat=,0.372539, best_S_id=,S00, best_S_prof=,5.834534, best_S_strat=,0.942834, 
t=,3787200, id=,B02, PRDE,actvstrat=,-0.921562, actvprof=,0.011148, id=,B03, PRDE,actvstrat=,0.728349, actvprof=,0.044593, id=,B05, PRDE,actvstrat=,0.408398, actvprof=,0.762542, id=,B06, PRDE,actvstrat=,0.467773, actvprof=,2.070373, id=,B09, PRDE,actvstrat=,0.372539, actvprof=,6.746516, id=,S00, PRDE,actvstrat=,0.942834, actvprof=,5.981048, id=,S02, PRDE,actvstrat=,0.821159, actvprof=,2.208055, id=,S05, PRDE,actvstrat=,0.922641, actvprof=,0.078456, id=,S06, PRDE,actvstrat=,0.984393, actvprof=,0.030240, id=,S07, PRDE,actvstrat=,0.767634, actvprof=,0.000000, best_B_id=,B09, best_B_prof=,6.746516, best_B_strat=,0.372539, best_S_id=,S00, best_S_prof=,5.981048, best_S_strat=,0.942834, 
t=,3790800, id=,B02, PRDE,actvstrat=,-0.921562, actvprof=,0.025728, id=,B03, PRDE,actvstrat=,0.728349, actvprof=,0.047261, id=,B05, PRDE,actvstrat=,0.440115, actvprof=,0.736318, id=,B06, PRDE,actvstrat=,0.639177, actvprof=,2.168405, id=,B09, PRDE,actvstrat=,0.372539, actvprof=,6.358399, id=,S00, PRDE,actvstrat=,0.942834, actvprof=,6.161246, id=,S02, PRDE,actvstrat=,0.821159, actvprof=,2.413099, id=,S05, PRDE,actvstrat=,0.922641, actvprof=,0.155485, id=,S06, PRDE,actvstrat=,-0.973159, actvprof=,0.039151, id=,S07, PRDE,actvstrat=,0.767634, actvprof=,0.001398, best_B_id=,B09, best_B_prof=,6.358399, best_B_strat=,0.372539, best_S_id=,S00, best_S_prof=,6.161246, best_S_strat=,0.942834, 
t=,3794400, id=,B02, PRDE,actvstrat=,-0.921562, actvprof=,0.021739, id=,B03, PRDE,actvstrat=,0.728349, actvprof=,0.047659, id=,B05, PRDE,actvstrat=,0.440115, actvprof=,0.721856, id=,B06, PRDE,actvstrat=,0.639177, actvprof=,2.236638, id=,B09, PRDE,actvstrat=,0.372539, actvprof=,6.336025, id=,S00, PRDE,actvstrat=,0.942834, actvprof=,6.111943, id=,S02, PRDE,actvstrat=,0.821159, actvprof=,2.363450, id=,S05, PRDE,actvstrat=,0.922641, actvprof=,0.142420, id=,S06, PRDE,actvstrat=,-0.973159, actvprof=,0.046962, id=,S07, PRDE,actvstrat=,0.767634, actvprof=,0.002508, best_B_id=,B09, best_B_prof=,6.336025, best_B_strat=,0.372539, best_S_id=,S00, best_S_prof=,6.111943, best_S_strat=,0.942834, 
t=,3798000, id=,B02, PRDE,actvstrat=,-0.557007, actvprof=,0.002797, id=,B03, PRDE,actvstrat=,0.728349, actvprof=,0.074388, id=,B05, PRDE,actvstrat=,0.408398, actvprof=,0.751430, id=,B06, PRDE,actvstrat=,0.467773, actvprof=,2.060769, id=,B09, PRDE,actvstrat=,0.372539, actvprof=,6.649328, id=,S00, PRDE,actvstrat=,0.942834, actvprof=,6.083309, id=,S02, PRDE,actvstrat=,0.821159, actvprof=,2.276102, id=,S05, PRDE,actvstrat=,0.922641, actvprof=,0.110743, id=,S06, PRDE,actvstrat=,-0.973159, actvprof=,0.028804, id=,S07, PRDE,actvstrat=,0.767634, actvprof=,0.002237, best_B_id=,B09, best_B_prof=,6.649328, best_B_strat=,0.372539, best_S_id=,S00, best_S_prof=,6.083309, best_S_strat=,0.942834, 
t=,3801600, id=,B02, PRDE,actvstrat=,-0.557007, actvprof=,0.001394, id=,B03, PRDE,actvstrat=,0.728349, actvprof=,0.051980, id=,B05, PRDE,actvstrat=,0.408398, actvprof=,0.723817, id=,B06, PRDE,actvstrat=,0.467773, actvprof=,2.039758, id=,B09, PRDE,actvstrat=,0.372539, actvprof=,6.644927, id=,S00, PRDE,actvstrat=,0.942834, actvprof=,6.116488, id=,S02, PRDE,actvstrat=,0.821159, actvprof=,2.248096, id=,S05, PRDE,actvstrat=,0.922641, actvprof=,0.110091, id=,S06, PRDE,actvstrat=,-0.973159, actvprof=,0.021322, id=,S07, PRDE,actvstrat=,0.767634, actvprof=,0.003484, best_B_id=,B09, best_B_prof=,6.644927, best_B_strat=,0.372539, best_S_id=,S00, best_S_prof=,6.116488, best_S_strat=,0.942834, 
t=,3805200, id=,B02, PRDE,actvstrat=,-0.921562, actvprof=,0.013424, id=,B03, PRDE,actvstrat=,0.728349, actvprof=,0.050059, id=,B05, PRDE,actvstrat=,0.408398, actvprof=,0.831143, id=,B06, PRDE,actvstrat=,0.467773, actvprof=,2.068908, id=,B09, PRDE,actvstrat=,0.372539, actvprof=,6.811902, id=,S00, PRDE,actvstrat=,0.942834, actvprof=,5.955311, id=,S02, PRDE,actvstrat=,0.821159, actvprof=,2.302422, id=,S05, PRDE,actvstrat=,0.922641, actvprof=,0.112422, id=,S06, PRDE,actvstrat=,-0.973159, actvprof=,0.037474, id=,S07, PRDE,actvstrat=,0.767634, actvprof=,0.000000, best_B_id=,B09, best_B_prof=,6.811902, best_B_strat=,0.372539, best_S_id=,S00, best_S_prof=,5.955311, best_S_strat=,0.942834, 
t=,3808800, id=,B02, PRDE,actvstrat=,-0.921562, actvprof=,0.016583, id=,B03, PRDE,actvstrat=,0.728349, actvprof=,0.046963, id=,B05, PRDE,actvstrat=,0.408398, actvprof=,0.795446, id=,B06, PRDE,actvstrat=,0.467773, actvprof=,2.107067, id=,B09, PRDE,actvstrat=,0.372539, actvprof=,6.818008, id=,S00, PRDE,actvstrat=,0.942834, actvprof=,5.971279, id=,S02, PRDE,actvstrat=,0.821159, actvprof=,2.329341, id=,S05, PRDE,actvstrat=,0.922641, actvprof=,0.115666, id=,S06, PRDE,actvstrat=,-0.973159, actvprof=,0.025502, id=,S07, PRDE,actvstrat=,0.767634, actvprof=,0.000557, best_B_id=,B09, best_B_prof=,6.818008, best_B_strat=,0.372539, best_S_id=,S00, best_S_prof=,5.971279, best_S_strat=,0.942834, 
t=,3812400, id=,B02, PRDE,actvstrat=,-0.921562, actvprof=,0.000000, id=,B03, PRDE,actvstrat=,0.728349, actvprof=,0.001958, id=,B05, PRDE,actvstrat=,0.408398, actvprof=,0.139553, id=,B06, PRDE,actvstrat=,0.467773, actvprof=,1.124255, id=,B09, PRDE,actvstrat=,0.372539, actvprof=,5.896468, id=,S00, PRDE,actvstrat=,-0.139705, actvprof=,1.426294, id=,S02, PRDE,actvstrat=,-0.662218, actvprof=,0.311268, id=,S05, PRDE,actvstrat=,0.922641, actvprof=,0.066840, id=,S06, PRDE,actvstrat=,0.984393, actvprof=,0.039433, id=,S07, PRDE,actvstrat=,0.767634, actvprof=,0.000000, best_B_id=,B09, best_B_prof=,5.896468, best_B_strat=,0.372539, best_S_id=,S00, best_S_prof=,1.426294, best_S_strat=,-0.139705, 
t=,3816000, id=,B02, PRDE,actvstrat=,-0.921562, actvprof=,0.000000, id=,B03, PRDE,actvstrat=,0.728349, actvprof=,0.000976, id=,B05, PRDE,actvstrat=,0.408398, actvprof=,0.121800, id=,B06, PRDE,actvstrat=,0.467773, actvprof=,1.119333, id=,B09, PRDE,actvstrat=,0.372539, actvprof=,5.887649, id=,S00, PRDE,actvstrat=,-0.139705, actvprof=,1.446131, id=,S02, PRDE,actvstrat=,-0.662218, actvprof=,0.276489, id=,S05, PRDE,actvstrat=,0.922641, actvprof=,0.070237, id=,S06, PRDE,actvstrat=,0.984393, actvprof=,0.037766, id=,S07, PRDE,actvstrat=,0.767634, actvprof=,0.000000, best_B_id=,B09, best_B_prof=,5.887649, best_B_strat=,0.372539, best_S_id=,S00, best_S_prof=,1.446131, best_S_strat=,-0.139705, 
t=,3819600, id=,B02, PRDE,actvstrat=,-0.921562, actvprof=,0.005873, id=,B03, PRDE,actvstrat=,0.728349, actvprof=,0.032162, id=,B05, PRDE,actvstrat=,0.408398, actvprof=,0.766574, id=,B06, PRDE,actvstrat=,0.467773, actvprof=,2.179464, id=,B09, PRDE,actvstrat=,0.372539, actvprof=,6.682701, id=,S00, PRDE,actvstrat=,0.942834, actvprof=,6.065471, id=,S02, PRDE,actvstrat=,0.821159, actvprof=,2.199320, id=,S05, PRDE,actvstrat=,0.922641, actvprof=,0.083062, id=,S06, PRDE,actvstrat=,0.984393, actvprof=,0.036357, id=,S07, PRDE,actvstrat=,0.767634, actvprof=,0.000000, best_B_id=,B09, best_B_prof=,6.682701, best_B_strat=,0.372539, best_S_id=,S00, best_S_prof=,6.065471, best_S_strat=,0.942834, 
t=,3823200, id=,B02, PRDE,actvstrat=,-0.921562, actvprof=,0.012264, id=,B03, PRDE,actvstrat=,0.728349, actvprof=,0.041390, id=,B05, PRDE,actvstrat=,0.408398, actvprof=,0.807035, id=,B06, PRDE,actvstrat=,0.467773, actvprof=,2.199104, id=,B09, PRDE,actvstrat=,0.372539, actvprof=,6.764544, id=,S00, PRDE,actvstrat=,0.942834, actvprof=,6.041404, id=,S02, PRDE,actvstrat=,0.821159, actvprof=,2.197989, id=,S05, PRDE,actvstrat=,0.922641, actvprof=,0.071352, id=,S06, PRDE,actvstrat=,0.984393, actvprof=,0.029823, id=,S07, PRDE,actvstrat=,0.767634, actvprof=,0.000000, best_B_id=,B09, best_B_prof=,6.764544, best_B_strat=,0.372539, best_S_id=,S00, best_S_prof=,6.041404, best_S_strat=,0.942834, 
t=,3826800, id=,B02, PRDE,actvstrat=,-0.921562, actvprof=,0.018458, id=,B03, PRDE,actvstrat=,0.728349, actvprof=,0.046985, id=,B05, PRDE,actvstrat=,0.408398, actvprof=,0.750643, id=,B06, PRDE,actvstrat=,0.467773, actvprof=,1.978969, id=,B09, PRDE,actvstrat=,0.372539, actvprof=,6.609800, id=,S00, PRDE,actvstrat=,0.942834, actvprof=,6.028639, id=,S02, PRDE,actvstrat=,0.821159, actvprof=,2.324645, id=,S05, PRDE,actvstrat=,0.922641, actvprof=,0.126692, id=,S06, PRDE,actvstrat=,-0.973159, actvprof=,0.027688, id=,S07, PRDE,actvstrat=,0.767634, actvprof=,0.002797, best_B_id=,B09, best_B_prof=,6.609800, best_B_strat=,0.372539, best_S_id=,S00, best_S_prof=,6.028639, best_S_strat=,0.942834, 
t=,3830400, id=,B02, PRDE,actvstrat=,-0.921562, actvprof=,0.015887, id=,B03, PRDE,actvstrat=,0.728349, actvprof=,0.049194, id=,B05, PRDE,actvstrat=,0.408398, actvprof=,0.758264, id=,B06, PRDE,actvstrat=,0.467773, actvprof=,2.052511, id=,B09, PRDE,actvstrat=,0.372539, actvprof=,6.627460, id=,S00, PRDE,actvstrat=,0.942834, actvprof=,6.062211, id=,S02, PRDE,actvstrat=,0.821159, actvprof=,2.329701, id=,S05, PRDE,actvstrat=,0.922641, actvprof=,0.127376, id=,S06, PRDE,actvstrat=,-0.973159, actvprof=,0.034562, id=,S07, PRDE,actvstrat=,0.767634, actvprof=,0.002648, best_B_id=,B09, best_B_prof=,6.627460, best_B_strat=,0.372539, best_S_id=,S00, best_S_prof=,6.062211, best_S_strat=,0.942834, 
t=,3834000, id=,B02, PRDE,actvstrat=,-0.921562, actvprof=,0.014823, id=,B03, PRDE,actvstrat=,0.728349, actvprof=,0.030485, id=,B05, PRDE,actvstrat=,0.408398, actvprof=,0.726881, id=,B06, PRDE,actvstrat=,0.467773, actvprof=,2.063738, id=,B09, PRDE,actvstrat=,0.372539, actvprof=,6.510327, id=,S00, PRDE,actvstrat=,0.942834, actvprof=,6.140314, id=,S02, PRDE,actvstrat=,0.821159, actvprof=,2.426480, id=,S05, PRDE,actvstrat=,0.922641, actvprof=,0.177595, id=,S06, PRDE,actvstrat=,-0.973159, actvprof=,0.027408, id=,S07, PRDE,actvstrat=,0.767634, actvprof=,0.003915, best_B_id=,B09, best_B_prof=,6.510327, best_B_strat=,0.372539, best_S_id=,S00, best_S_prof=,6.140314, best_S_strat=,0.942834, 
t=,3837600, id=,B02, PRDE,actvstrat=,-0.921562, actvprof=,0.017002, id=,B03, PRDE,actvstrat=,0.728349, actvprof=,0.038464, id=,B05, PRDE,actvstrat=,0.408398, actvprof=,0.735693, id=,B06, PRDE,actvstrat=,0.467773, actvprof=,2.082628, id=,B09, PRDE,actvstrat=,0.372539, actvprof=,6.446753, id=,S00, PRDE,actvstrat=,0.942834, actvprof=,6.067967, id=,S02, PRDE,actvstrat=,0.821159, actvprof=,2.386855, id=,S05, PRDE,actvstrat=,0.922641, actvprof=,0.150511, id=,S06, PRDE,actvstrat=,-0.973159, actvprof=,0.028012, id=,S07, PRDE,actvstrat=,0.767634, actvprof=,0.002787, best_B_id=,B09, best_B_prof=,6.446753, best_B_strat=,0.372539, best_S_id=,S00, best_S_prof=,6.067967, best_S_strat=,0.942834, 
t=,3841200, id=,B02, PRDE,actvstrat=,-0.921562, actvprof=,0.001678, id=,B03, PRDE,actvstrat=,0.728349, actvprof=,0.002237, id=,B05, PRDE,actvstrat=,0.408398, actvprof=,0.361348, id=,B06, PRDE,actvstrat=,0.467773, actvprof=,1.579360, id=,B09, PRDE,actvstrat=,0.372539, actvprof=,6.275206, id=,S00, PRDE,actvstrat=,-0.139705, actvprof=,1.271710, id=,S02, PRDE,actvstrat=,0.821159, actvprof=,2.853587, id=,S05, PRDE,actvstrat=,0.922641, actvprof=,0.072717, id=,S06, PRDE,actvstrat=,0.984393, actvprof=,0.029926, id=,S07, PRDE,actvstrat=,0.619199, actvprof=,0.000000, best_B_id=,B09, best_B_prof=,6.275206, best_B_strat=,0.372539, best_S_id=,S02, best_S_prof=,2.853587, best_S_strat=,0.821159, 
t=,3844800, id=,B02, PRDE,actvstrat=,-0.921562, actvprof=,0.001672, id=,B03, PRDE,actvstrat=,0.728349, actvprof=,0.001672, id=,B05, PRDE,actvstrat=,0.408398, actvprof=,0.386178, id=,B06, PRDE,actvstrat=,0.467773, actvprof=,1.636413, id=,B09, PRDE,actvstrat=,0.372539, actvprof=,6.309848, id=,S00, PRDE,actvstrat=,-0.139705, actvprof=,1.199785, id=,S02, PRDE,actvstrat=,0.821159, actvprof=,2.802751, id=,S05, PRDE,actvstrat=,0.922641, actvprof=,0.079716, id=,S06, PRDE,actvstrat=,0.984393, actvprof=,0.030381, id=,S07, PRDE,actvstrat=,0.619199, actvprof=,0.000000, best_B_id=,B09, best_B_prof=,6.309848, best_B_strat=,0.372539, best_S_id=,S02, best_S_prof=,2.802751, best_S_strat=,0.821159, 
t=,3848400, id=,B02, PRDE,actvstrat=,-0.557007, actvprof=,0.000000, id=,B03, PRDE,actvstrat=,0.728349, actvprof=,0.001398, id=,B05, PRDE,actvstrat=,0.408398, actvprof=,0.318006, id=,B06, PRDE,actvstrat=,0.467773, actvprof=,1.459137, id=,B09, PRDE,actvstrat=,0.372539, actvprof=,6.114561, id=,S00, PRDE,actvstrat=,-0.139705, actvprof=,1.130503, id=,S02, PRDE,actvstrat=,0.821159, actvprof=,2.853387, id=,S05, PRDE,actvstrat=,0.922641, actvprof=,0.160821, id=,S06, PRDE,actvstrat=,-0.973159, actvprof=,0.017900, id=,S07, PRDE,actvstrat=,0.767634, actvprof=,0.000000, best_B_id=,B09, best_B_prof=,6.114561, best_B_strat=,0.372539, best_S_id=,S02, best_S_prof=,2.853387, best_S_strat=,0.821159, 
t=,3852000, id=,B02, PRDE,actvstrat=,-0.557007, actvprof=,0.000000, id=,B03, PRDE,actvstrat=,0.728349, actvprof=,0.004599, id=,B05, PRDE,actvstrat=,0.408398, actvprof=,0.333640, id=,B06, PRDE,actvstrat=,0.467773, actvprof=,1.464727, id=,B09, PRDE,actvstrat=,0.372539, actvprof=,6.074226, id=,S00, PRDE,actvstrat=,-0.139705, actvprof=,1.186275, id=,S02, PRDE,actvstrat=,0.821159, actvprof=,2.865206, id=,S05, PRDE,actvstrat=,0.922641, actvprof=,0.156228, id=,S06, PRDE,actvstrat=,-0.973159, actvprof=,0.022995, id=,S07, PRDE,actvstrat=,0.767634, actvprof=,0.000836, best_B_id=,B09, best_B_prof=,6.074226, best_B_strat=,0.372539, best_S_id=,S02, best_S_prof=,2.865206, best_S_strat=,0.821159, 
t=,3855600, id=,B02, PRDE,actvstrat=,-0.921562, actvprof=,0.011188, id=,B03, PRDE,actvstrat=,0.728349, actvprof=,0.044750, id=,B05, PRDE,actvstrat=,0.408398, actvprof=,0.864798, id=,B06, PRDE,actvstrat=,0.467773, actvprof=,2.151368, id=,B09, PRDE,actvstrat=,0.372539, actvprof=,7.024669, id=,S00, PRDE,actvstrat=,0.942834, actvprof=,5.909549, id=,S02, PRDE,actvstrat=,0.821159, actvprof=,2.041450, id=,S05, PRDE,actvstrat=,0.922641, actvprof=,0.063769, id=,S06, PRDE,actvstrat=,0.984393, actvprof=,0.026291, id=,S07, PRDE,actvstrat=,0.619199, actvprof=,0.000000, best_B_id=,B09, best_B_prof=,7.024669, best_B_strat=,0.372539, best_S_id=,S00, best_S_prof=,5.909549, best_S_strat=,0.942834, 
t=,3859200, id=,B02, PRDE,actvstrat=,-0.921562, actvprof=,0.012404, id=,B03, PRDE,actvstrat=,0.728349, actvprof=,0.043343, id=,B05, PRDE,actvstrat=,0.408398, actvprof=,0.838008, id=,B06, PRDE,actvstrat=,0.467773, actvprof=,2.183029, id=,B09, PRDE,actvstrat=,0.372539, actvprof=,6.908095, id=,S00, PRDE,actvstrat=,0.942834, actvprof=,5.921662, id=,S02, PRDE,actvstrat=,0.821159, actvprof=,2.106517, id=,S05, PRDE,actvstrat=,0.922641, actvprof=,0.056722, id=,S06, PRDE,actvstrat=,0.984393, actvprof=,0.031218, id=,S07, PRDE,actvstrat=,0.619199, actvprof=,0.000000, best_B_id=,B09, best_B_prof=,6.908095, best_B_strat=,0.372539, best_S_id=,S00, best_S_prof=,5.921662, best_S_strat=,0.942834, 
t=,3862800, id=,B02, PRDE,actvstrat=,-0.921562, actvprof=,0.018740, id=,B03, PRDE,actvstrat=,0.728349, actvprof=,0.043073, id=,B05, PRDE,actvstrat=,0.408398, actvprof=,0.770844, id=,B06, PRDE,actvstrat=,0.467773, actvprof=,2.179677, id=,B09, PRDE,actvstrat=,0.372539, actvprof=,7.064023, id=,S00, PRDE,actvstrat=,0.942834, actvprof=,5.947753, id=,S02, PRDE,actvstrat=,0.821159, actvprof=,2.207367, id=,S05, PRDE,actvstrat=,0.922641, actvprof=,0.061813, id=,S06, PRDE,actvstrat=,0.984393, actvprof=,0.033284, id=,S07, PRDE,actvstrat=,0.767634, actvprof=,0.000000, best_B_id=,B09, best_B_prof=,7.064023, best_B_strat=,0.372539, best_S_id=,S00, best_S_prof=,5.947753, best_S_strat=,0.942834, 
t=,3866400, id=,B02, PRDE,actvstrat=,-0.921562, actvprof=,0.016724, id=,B03, PRDE,actvstrat=,0.728349, actvprof=,0.048778, id=,B05, PRDE,actvstrat=,0.408398, actvprof=,0.750213, id=,B06, PRDE,actvstrat=,0.467773, actvprof=,2.151130, id=,B09, PRDE,actvstrat=,0.372539, actvprof=,6.893928, id=,S00, PRDE,actvstrat=,0.942834, actvprof=,5.997241, id=,S02, PRDE,actvstrat=,0.821159, actvprof=,2.254261, id=,S05, PRDE,actvstrat=,0.922641, actvprof=,0.072053, id=,S06, PRDE,actvstrat=,0.984393, actvprof=,0.037768, id=,S07, PRDE,actvstrat=,0.767634, actvprof=,0.000000, best_B_id=,B09, best_B_prof=,6.893928, best_B_strat=,0.372539, best_S_id=,S00, best_S_prof=,5.997241, best_S_strat=,0.942834, 
t=,3870000, id=,B02, PRDE,actvstrat=,-0.921562, actvprof=,0.013705, id=,B03, PRDE,actvstrat=,0.728349, actvprof=,0.054821, id=,B05, PRDE,actvstrat=,0.408398, actvprof=,0.675477, id=,B06, PRDE,actvstrat=,0.467773, actvprof=,1.985595, id=,B09, PRDE,actvstrat=,0.372539, actvprof=,6.580799, id=,S00, PRDE,actvstrat=,0.942834, actvprof=,6.115097, id=,S02, PRDE,actvstrat=,0.821159, actvprof=,2.398154, id=,S05, PRDE,actvstrat=,-0.704510, actvprof=,0.004755, id=,S06, PRDE,actvstrat=,0.984393, actvprof=,0.053143, id=,S07, PRDE,actvstrat=,0.767634, actvprof=,0.003636, best_B_id=,B09, best_B_prof=,6.580799, best_B_strat=,0.372539, best_S_id=,S00, best_S_prof=,6.115097, best_S_strat=,0.942834, 
t=,3873600, id=,B02, PRDE,actvstrat=,-0.921562, actvprof=,0.011010, id=,B03, PRDE,actvstrat=,0.728349, actvprof=,0.048361, id=,B05, PRDE,actvstrat=,0.408398, actvprof=,0.706735, id=,B06, PRDE,actvstrat=,0.467773, actvprof=,2.046897, id=,B09, PRDE,actvstrat=,0.372539, actvprof=,6.519076, id=,S00, PRDE,actvstrat=,0.942834, actvprof=,6.078952, id=,S02, PRDE,actvstrat=,0.821159, actvprof=,2.374412, id=,S05, PRDE,actvstrat=,-0.704510, actvprof=,0.002369, id=,S06, PRDE,actvstrat=,0.984393, actvprof=,0.053099, id=,S07, PRDE,actvstrat=,0.767634, actvprof=,0.001812, best_B_id=,B09, best_B_prof=,6.519076, best_B_strat=,0.372539, best_S_id=,S00, best_S_prof=,6.078952, best_S_strat=,0.942834, 
t=,3877200, id=,B02, PRDE,actvstrat=,-0.921562, actvprof=,0.013705, id=,B03, PRDE,actvstrat=,0.728349, actvprof=,0.050626, id=,B05, PRDE,actvstrat=,0.408398, actvprof=,0.751836, id=,B06, PRDE,actvstrat=,0.467773, actvprof=,1.978323, id=,B09, PRDE,actvstrat=,0.372539, actvprof=,6.681771, id=,S00, PRDE,actvstrat=,0.942834, actvprof=,6.097755, id=,S02, PRDE,actvstrat=,0.821159, actvprof=,2.291588, id=,S05, PRDE,actvstrat=,0.922641, actvprof=,0.152437, id=,S06, PRDE,actvstrat=,-0.973159, actvprof=,0.030487, id=,S07, PRDE,actvstrat=,0.767634, actvprof=,0.002517, best_B_id=,B09, best_B_prof=,6.681771, best_B_strat=,0.372539, best_S_id=,S00, best_S_prof=,6.097755, best_S_strat=,0.942834, 
t=,3880800, id=,B02, PRDE,actvstrat=,-0.921562, actvprof=,0.013937, id=,B03, PRDE,actvstrat=,0.728349, actvprof=,0.036654, id=,B05, PRDE,actvstrat=,0.408398, actvprof=,0.736560, id=,B06, PRDE,actvstrat=,0.467773, actvprof=,1.993519, id=,B09, PRDE,actvstrat=,0.372539, actvprof=,6.632800, id=,S00, PRDE,actvstrat=,0.942834, actvprof=,6.114770, id=,S02, PRDE,actvstrat=,0.821159, actvprof=,2.320895, id=,S05, PRDE,actvstrat=,0.922641, actvprof=,0.139786, id=,S06, PRDE,actvstrat=,-0.973159, actvprof=,0.036933, id=,S07, PRDE,actvstrat=,0.767634, actvprof=,0.004599, best_B_id=,B09, best_B_prof=,6.632800, best_B_strat=,0.372539, best_S_id=,S00, best_S_prof=,6.114770, best_S_strat=,0.942834, 
t=,3884400, id=,B02, PRDE,actvstrat=,-0.921562, actvprof=,0.018461, id=,B03, PRDE,actvstrat=,0.728349, actvprof=,0.031327, id=,B05, PRDE,actvstrat=,0.408398, actvprof=,0.741228, id=,B06, PRDE,actvstrat=,0.467773, actvprof=,2.138092, id=,B09, PRDE,actvstrat=,0.372539, actvprof=,6.873278, id=,S00, PRDE,actvstrat=,0.942834, actvprof=,6.009258, id=,S02, PRDE,actvstrat=,0.821159, actvprof=,2.174175, id=,S05, PRDE,actvstrat=,0.922641, actvprof=,0.081955, id=,S06, PRDE,actvstrat=,0.984393, actvprof=,0.029369, id=,S07, PRDE,actvstrat=,0.767634, actvprof=,0.000000, best_B_id=,B09, best_B_prof=,6.873278, best_B_strat=,0.372539, best_S_id=,S00, best_S_prof=,6.009258, best_S_strat=,0.942834, 
t=,3888000, id=,B02, PRDE,actvstrat=,-0.921562, actvprof=,0.019372, id=,B03, PRDE,actvstrat=,0.728349, actvprof=,0.039999, id=,B05, PRDE,actvstrat=,0.408398, actvprof=,0.796499, id=,B06, PRDE,actvstrat=,0.467773, actvprof=,2.178909, id=,B09, PRDE,actvstrat=,0.372539, actvprof=,6.975046, id=,S00, PRDE,actvstrat=,0.942834, actvprof=,5.975067, id=,S02, PRDE,actvstrat=,0.821159, actvprof=,2.190756, id=,S05, PRDE,actvstrat=,0.922641, actvprof=,0.076514, id=,S06, PRDE,actvstrat=,0.984393, actvprof=,0.026202, id=,S07, PRDE,actvstrat=,0.767634, actvprof=,0.000000, best_B_id=,B09, best_B_prof=,6.975046, best_B_strat=,0.372539, best_S_id=,S00, best_S_prof=,5.975067, best_S_strat=,0.942834, 
t=,3891600, id=,B02, PRDE,actvstrat=,-0.921562, actvprof=,0.010070, id=,B03, PRDE,actvstrat=,0.776984, actvprof=,0.043076, id=,B05, PRDE,actvstrat=,0.408398, actvprof=,0.669911, id=,B06, PRDE,actvstrat=,0.467773, actvprof=,1.982602, id=,B09, PRDE,actvstrat=,0.372539, actvprof=,6.577159, id=,S00, PRDE,actvstrat=,0.942834, actvprof=,6.167660, id=,S02, PRDE,actvstrat=,0.821159, actvprof=,2.272384, id=,S05, PRDE,actvstrat=,-0.704510, actvprof=,0.000000, id=,S06, PRDE,actvstrat=,0.984393, actvprof=,0.057341, id=,S07, PRDE,actvstrat=,0.767634, actvprof=,0.001678, best_B_id=,B09, best_B_prof=,6.577159, best_B_strat=,0.372539, best_S_id=,S00, best_S_prof=,6.167660, best_S_strat=,0.942834, 
t=,3895200, id=,B02, PRDE,actvstrat=,-0.921562, actvprof=,0.013798, id=,B03, PRDE,actvstrat=,0.776984, actvprof=,0.048222, id=,B05, PRDE,actvstrat=,0.408398, actvprof=,0.703539, id=,B06, PRDE,actvstrat=,0.467773, actvprof=,2.031456, id=,B09, PRDE,actvstrat=,0.372539, actvprof=,6.580629, id=,S00, PRDE,actvstrat=,0.942834, actvprof=,6.158199, id=,S02, PRDE,actvstrat=,0.821159, actvprof=,2.386013, id=,S05, PRDE,actvstrat=,-0.704510, actvprof=,0.000000, id=,S06, PRDE,actvstrat=,0.984393, actvprof=,0.054215, id=,S07, PRDE,actvstrat=,0.767634, actvprof=,0.001115, best_B_id=,B09, best_B_prof=,6.580629, best_B_strat=,0.372539, best_S_id=,S00, best_S_prof=,6.158199, best_S_strat=,0.942834, 
t=,3898800, id=,B02, PRDE,actvstrat=,-0.921562, actvprof=,0.013426, id=,B03, PRDE,actvstrat=,0.728349, actvprof=,0.055384, id=,B05, PRDE,actvstrat=,0.408398, actvprof=,0.827681, id=,B06, PRDE,actvstrat=,0.467773, actvprof=,2.203326, id=,B09, PRDE,actvstrat=,0.372539, actvprof=,7.105075, id=,S00, PRDE,actvstrat=,0.942834, actvprof=,5.818940, id=,S02, PRDE,actvstrat=,0.821159, actvprof=,2.206403, id=,S05, PRDE,actvstrat=,0.922641, actvprof=,0.036363, id=,S06, PRDE,actvstrat=,0.984393, actvprof=,0.027132, id=,S07, PRDE,actvstrat=,0.767634, actvprof=,0.000000, best_B_id=,B09, best_B_prof=,7.105075, best_B_strat=,0.372539, best_S_id=,S00, best_S_prof=,5.818940, best_S_strat=,0.942834, 
t=,3902400, id=,B02, PRDE,actvstrat=,-0.921562, actvprof=,0.012683, id=,B03, PRDE,actvstrat=,0.728349, actvprof=,0.042090, id=,B05, PRDE,actvstrat=,0.408398, actvprof=,0.795953, id=,B06, PRDE,actvstrat=,0.467773, actvprof=,2.155525, id=,B09, PRDE,actvstrat=,0.372539, actvprof=,6.960927, id=,S00, PRDE,actvstrat=,0.942834, actvprof=,5.875360, id=,S02, PRDE,actvstrat=,0.821159, actvprof=,2.252110, id=,S05, PRDE,actvstrat=,0.922641, actvprof=,0.052961, id=,S06, PRDE,actvstrat=,0.984393, actvprof=,0.035958, id=,S07, PRDE,actvstrat=,0.767634, actvprof=,0.001254, best_B_id=,B09, best_B_prof=,6.960927, best_B_strat=,0.372539, best_S_id=,S00, best_S_prof=,5.875360, best_S_strat=,0.942834, 
t=,3906000, id=,B02, PRDE,actvstrat=,-0.921562, actvprof=,0.010070, id=,B03, PRDE,actvstrat=,0.728349, actvprof=,0.054545, id=,B05, PRDE,actvstrat=,0.408398, actvprof=,0.662378, id=,B06, PRDE,actvstrat=,0.467773, actvprof=,2.061259, id=,B09, PRDE,actvstrat=,0.372539, actvprof=,6.637762, id=,S00, PRDE,actvstrat=,0.942834, actvprof=,6.067692, id=,S02, PRDE,actvstrat=,0.821159, actvprof=,2.358322, id=,S05, PRDE,actvstrat=,0.922641, actvprof=,0.067692, id=,S06, PRDE,actvstrat=,0.984393, actvprof=,0.041119, id=,S07, PRDE,actvstrat=,0.767634, actvprof=,0.002517, best_B_id=,B09, best_B_prof=,6.637762, best_B_strat=,0.372539, best_S_id=,S00, best_S_prof=,6.067692, best_S_strat=,0.942834, 
t=,3909600, id=,B02, PRDE,actvstrat=,-0.921562, actvprof=,0.010592, id=,B03, PRDE,actvstrat=,0.728349, actvprof=,0.038188, id=,B05, PRDE,actvstrat=,0.408398, actvprof=,0.765575, id=,B06, PRDE,actvstrat=,0.467773, actvprof=,2.189826, id=,B09, PRDE,actvstrat=,0.372539, actvprof=,6.847108, id=,S00, PRDE,actvstrat=,0.942834, actvprof=,5.978955, id=,S02, PRDE,actvstrat=,0.821159, actvprof=,2.228990, id=,S05, PRDE,actvstrat=,0.922641, actvprof=,0.062857, id=,S06, PRDE,actvstrat=,0.984393, actvprof=,0.030523, id=,S07, PRDE,actvstrat=,0.767634, actvprof=,0.002369, best_B_id=,B09, best_B_prof=,6.847108, best_B_strat=,0.372539, best_S_id=,S00, best_S_prof=,5.978955, best_S_strat=,0.942834, 
t=,3913200, id=,B02, PRDE,actvstrat=,-0.921562, actvprof=,0.009790, id=,B03, PRDE,actvstrat=,0.728349, actvprof=,0.043078, id=,B05, PRDE,actvstrat=,0.408398, actvprof=,0.826305, id=,B06, PRDE,actvstrat=,0.467773, actvprof=,2.124785, id=,B09, PRDE,actvstrat=,0.372539, actvprof=,6.873663, id=,S00, PRDE,actvstrat=,0.942834, actvprof=,6.018266, id=,S02, PRDE,actvstrat=,0.821159, actvprof=,2.157233, id=,S05, PRDE,actvstrat=,0.922641, actvprof=,0.071050, id=,S06, PRDE,actvstrat=,0.984393, actvprof=,0.025455, id=,S07, PRDE,actvstrat=,0.767634, actvprof=,0.001119, best_B_id=,B09, best_B_prof=,6.873663, best_B_strat=,0.372539, best_S_id=,S00, best_S_prof=,6.018266, best_S_strat=,0.942834, 
t=,3916800, id=,B02, PRDE,actvstrat=,-0.921562, actvprof=,0.009059, id=,B03, PRDE,actvstrat=,0.728349, actvprof=,0.034704, id=,B05, PRDE,actvstrat=,0.408398, actvprof=,0.822166, id=,B06, PRDE,actvstrat=,0.467773, actvprof=,2.145102, id=,B09, PRDE,actvstrat=,0.372539, actvprof=,6.792382, id=,S00, PRDE,actvstrat=,0.942834, actvprof=,6.041854, id=,S02, PRDE,actvstrat=,0.821159, actvprof=,2.241688, id=,S05, PRDE,actvstrat=,0.922641, actvprof=,0.066760, id=,S06, PRDE,actvstrat=,0.984393, actvprof=,0.028014, id=,S07, PRDE,actvstrat=,0.767634, actvprof=,0.001533, best_B_id=,B09, best_B_prof=,6.792382, best_B_strat=,0.372539, best_S_id=,S00, best_S_prof=,6.041854, best_S_strat=,0.942834, 
t=,3920400, id=,B02, PRDE,actvstrat=,-0.921562, actvprof=,0.009511, id=,B03, PRDE,actvstrat=,0.728349, actvprof=,0.041959, id=,B05, PRDE,actvstrat=,0.408398, actvprof=,0.753297, id=,B06, PRDE,actvstrat=,0.467773, actvprof=,2.122547, id=,B09, PRDE,actvstrat=,0.372539, actvprof=,6.842333, id=,S00, PRDE,actvstrat=,0.942834, actvprof=,6.063022, id=,S02, PRDE,actvstrat=,0.821159, actvprof=,2.262409, id=,S05, PRDE,actvstrat=,0.922641, actvprof=,0.055106, id=,S06, PRDE,actvstrat=,0.984393, actvprof=,0.024616, id=,S07, PRDE,actvstrat=,0.767634, actvprof=,0.000000, best_B_id=,B09, best_B_prof=,6.842333, best_B_strat=,0.372539, best_S_id=,S00, best_S_prof=,6.063022, best_S_strat=,0.942834, 
t=,3924000, id=,B02, PRDE,actvstrat=,-0.921562, actvprof=,0.013798, id=,B03, PRDE,actvstrat=,0.728349, actvprof=,0.047248, id=,B05, PRDE,actvstrat=,0.408398, actvprof=,0.728238, id=,B06, PRDE,actvstrat=,0.467773, actvprof=,2.085758, id=,B09, PRDE,actvstrat=,0.372539, actvprof=,6.788574, id=,S00, PRDE,actvstrat=,0.942834, actvprof=,6.058663, id=,S02, PRDE,actvstrat=,0.821159, actvprof=,2.285901, id=,S05, PRDE,actvstrat=,0.922641, actvprof=,0.050593, id=,S06, PRDE,actvstrat=,0.984393, actvprof=,0.030663, id=,S07, PRDE,actvstrat=,0.767634, actvprof=,0.000139, best_B_id=,B09, best_B_prof=,6.788574, best_B_strat=,0.372539, best_S_id=,S00, best_S_prof=,6.058663, best_S_strat=,0.942834, 
t=,3927600, id=,B02, PRDE,actvstrat=,-0.921562, actvprof=,0.016504, id=,B03, PRDE,actvstrat=,0.728349, actvprof=,0.048394, id=,B05, PRDE,actvstrat=,0.408398, actvprof=,0.782701, id=,B06, PRDE,actvstrat=,0.467773, actvprof=,2.093544, id=,B09, PRDE,actvstrat=,0.372539, actvprof=,6.607083, id=,S00, PRDE,actvstrat=,0.942834, actvprof=,6.036142, id=,S02, PRDE,actvstrat=,0.821159, actvprof=,2.292156, id=,S05, PRDE,actvstrat=,0.922641, actvprof=,0.073011, id=,S06, PRDE,actvstrat=,0.984393, actvprof=,0.040282, id=,S07, PRDE,actvstrat=,0.767634, actvprof=,0.000000, best_B_id=,B09, best_B_prof=,6.607083, best_B_strat=,0.372539, best_S_id=,S00, best_S_prof=,6.036142, best_S_strat=,0.942834, 
t=,3931200, id=,B02, PRDE,actvstrat=,-0.921562, actvprof=,0.014913, id=,B03, PRDE,actvstrat=,0.728349, actvprof=,0.044601, id=,B05, PRDE,actvstrat=,0.408398, actvprof=,0.756537, id=,B06, PRDE,actvstrat=,0.467773, actvprof=,2.145008, id=,B09, PRDE,actvstrat=,0.372539, actvprof=,6.672521, id=,S00, PRDE,actvstrat=,0.942834, actvprof=,6.051876, id=,S02, PRDE,actvstrat=,0.821159, actvprof=,2.281457, id=,S05, PRDE,actvstrat=,0.922641, actvprof=,0.076657, id=,S06, PRDE,actvstrat=,0.984393, actvprof=,0.038886, id=,S07, PRDE,actvstrat=,0.767634, actvprof=,0.000139, best_B_id=,B09, best_B_prof=,6.672521, best_B_strat=,0.372539, best_S_id=,S00, best_S_prof=,6.051876, best_S_strat=,0.942834, 
t=,3934800, id=,B02, PRDE,actvstrat=,-0.921562, actvprof=,0.013428, id=,B03, PRDE,actvstrat=,-0.093734, actvprof=,0.033569, id=,B05, PRDE,actvstrat=,0.408398, actvprof=,0.817971, id=,B06, PRDE,actvstrat=,0.467773, actvprof=,2.100316, id=,B09, PRDE,actvstrat=,0.372539, actvprof=,6.512994, id=,S00, PRDE,actvstrat=,0.942834, actvprof=,6.143453, id=,S02, PRDE,actvstrat=,0.821159, actvprof=,2.379780, id=,S05, PRDE,actvstrat=,-0.920601, actvprof=,0.000000, id=,S06, PRDE,actvstrat=,0.984393, actvprof=,0.073852, id=,S07, PRDE,actvstrat=,0.767634, actvprof=,0.000839, best_B_id=,B09, best_B_prof=,6.512994, best_B_strat=,0.372539, best_S_id=,S00, best_S_prof=,6.143453, best_S_strat=,0.942834, 
t=,3938400, id=,B02, PRDE,actvstrat=,-0.921562, actvprof=,0.020767, id=,B03, PRDE,actvstrat=,-0.093734, actvprof=,0.023416, id=,B05, PRDE,actvstrat=,0.408398, actvprof=,0.802960, id=,B06, PRDE,actvstrat=,0.467773, actvprof=,2.090819, id=,B09, PRDE,actvstrat=,0.372539, actvprof=,6.594143, id=,S00, PRDE,actvstrat=,0.942834, actvprof=,6.025060, id=,S02, PRDE,actvstrat=,0.821159, actvprof=,2.385326, id=,S05, PRDE,actvstrat=,-0.920601, actvprof=,0.000000, id=,S06, PRDE,actvstrat=,0.984393, actvprof=,0.065926, id=,S07, PRDE,actvstrat=,0.767634, actvprof=,0.002091, best_B_id=,B09, best_B_prof=,6.594143, best_B_strat=,0.372539, best_S_id=,S00, best_S_prof=,6.025060, best_S_strat=,0.942834, 
t=,3942000, id=,B02, PRDE,actvstrat=,-0.921562, actvprof=,0.013428, id=,B03, PRDE,actvstrat=,0.728349, actvprof=,0.041962, id=,B05, PRDE,actvstrat=,-0.547168, actvprof=,0.383249, id=,B06, PRDE,actvstrat=,0.467773, actvprof=,2.422301, id=,B09, PRDE,actvstrat=,0.372539, actvprof=,7.439226, id=,S00, PRDE,actvstrat=,0.942834, actvprof=,5.636557, id=,S02, PRDE,actvstrat=,0.821159, actvprof=,1.805746, id=,S05, PRDE,actvstrat=,0.922641, actvprof=,0.052312, id=,S06, PRDE,actvstrat=,0.984393, actvprof=,0.016785, id=,S07, PRDE,actvstrat=,0.767634, actvprof=,0.000000, best_B_id=,B09, best_B_prof=,7.439226, best_B_strat=,0.372539, best_S_id=,S00, best_S_prof=,5.636557, best_S_strat=,0.942834, 
t=,3945600, id=,B02, PRDE,actvstrat=,-0.921562, actvprof=,0.015053, id=,B03, PRDE,actvstrat=,0.728349, actvprof=,0.045856, id=,B05, PRDE,actvstrat=,-0.547168, actvprof=,0.372283, id=,B06, PRDE,actvstrat=,0.467773, actvprof=,2.603472, id=,B09, PRDE,actvstrat=,0.372539, actvprof=,7.424334, id=,S00, PRDE,actvstrat=,0.942834, actvprof=,5.579506, id=,S02, PRDE,actvstrat=,0.821159, actvprof=,1.727610, id=,S05, PRDE,actvstrat=,0.922641, actvprof=,0.044044, id=,S06, PRDE,actvstrat=,0.984393, actvprof=,0.013799, id=,S07, PRDE,actvstrat=,0.767634, actvprof=,0.000000, best_B_id=,B09, best_B_prof=,7.424334, best_B_strat=,0.372539, best_S_id=,S00, best_S_prof=,5.579506, best_S_strat=,0.942834, 
t=,3949200, id=,B02, PRDE,actvstrat=,-0.921562, actvprof=,0.009232, id=,B03, PRDE,actvstrat=,0.728349, actvprof=,0.050915, id=,B05, PRDE,actvstrat=,0.408398, actvprof=,0.746937, id=,B06, PRDE,actvstrat=,0.467773, actvprof=,2.015610, id=,B09, PRDE,actvstrat=,0.372539, actvprof=,6.743692, id=,S00, PRDE,actvstrat=,0.942834, actvprof=,6.009623, id=,S02, PRDE,actvstrat=,0.821159, actvprof=,2.237733, id=,S05, PRDE,actvstrat=,0.922641, actvprof=,0.064623, id=,S06, PRDE,actvstrat=,0.984393, actvprof=,0.039445, id=,S07, PRDE,actvstrat=,0.767634, actvprof=,0.001958, best_B_id=,B09, best_B_prof=,6.743692, best_B_strat=,0.372539, best_S_id=,S00, best_S_prof=,6.009623, best_S_strat=,0.942834, 
t=,3952800, id=,B02, PRDE,actvstrat=,-0.921562, actvprof=,0.009478, id=,B03, PRDE,actvstrat=,0.728349, actvprof=,0.050038, id=,B05, PRDE,actvstrat=,0.408398, actvprof=,0.760321, id=,B06, PRDE,actvstrat=,0.467773, actvprof=,2.012516, id=,B09, PRDE,actvstrat=,0.372539, actvprof=,6.721350, id=,S00, PRDE,actvstrat=,0.942834, actvprof=,5.990439, id=,S02, PRDE,actvstrat=,0.821159, actvprof=,2.223957, id=,S05, PRDE,actvstrat=,0.922641, actvprof=,0.081259, id=,S06, PRDE,actvstrat=,0.984393, actvprof=,0.038608, id=,S07, PRDE,actvstrat=,0.767634, actvprof=,0.001115, best_B_id=,B09, best_B_prof=,6.721350, best_B_strat=,0.372539, best_S_id=,S00, best_S_prof=,5.990439, best_S_strat=,0.942834, 
t=,3956400, id=,B02, PRDE,actvstrat=,-0.921562, actvprof=,0.015666, id=,B03, PRDE,actvstrat=,0.728349, actvprof=,0.040565, id=,B05, PRDE,actvstrat=,0.408398, actvprof=,0.778839, id=,B06, PRDE,actvstrat=,0.467773, actvprof=,2.170063, id=,B09, PRDE,actvstrat=,0.372539, actvprof=,6.825475, id=,S00, PRDE,actvstrat=,0.942834, actvprof=,6.074051, id=,S02, PRDE,actvstrat=,0.821159, actvprof=,2.211747, id=,S05, PRDE,actvstrat=,0.922641, actvprof=,0.097075, id=,S06, PRDE,actvstrat=,0.984393, actvprof=,0.024339, id=,S07, PRDE,actvstrat=,0.767634, actvprof=,0.000000, best_B_id=,B09, best_B_prof=,6.825475, best_B_strat=,0.372539, best_S_id=,S00, best_S_prof=,6.074051, best_S_strat=,0.942834, 
t=,3960000, id=,B02, PRDE,actvstrat=,-0.921562, actvprof=,0.014914, id=,B03, PRDE,actvstrat=,0.728349, actvprof=,0.032615, id=,B05, PRDE,actvstrat=,0.408398, actvprof=,0.771059, id=,B06, PRDE,actvstrat=,0.467773, actvprof=,2.126963, id=,B09, PRDE,actvstrat=,0.372539, actvprof=,6.768648, id=,S00, PRDE,actvstrat=,0.942834, actvprof=,6.057662, id=,S02, PRDE,actvstrat=,0.821159, actvprof=,2.206689, id=,S05, PRDE,actvstrat=,0.922641, actvprof=,0.081399, id=,S06, PRDE,actvstrat=,0.984393, actvprof=,0.022580, id=,S07, PRDE,actvstrat=,0.767634, actvprof=,0.000558, best_B_id=,B09, best_B_prof=,6.768648, best_B_strat=,0.372539, best_S_id=,S00, best_S_prof=,6.057662, best_S_strat=,0.942834, 
t=,3963600, id=,B02, PRDE,actvstrat=,-0.921562, actvprof=,0.012869, id=,B03, PRDE,actvstrat=,0.728349, actvprof=,0.032731, id=,B05, PRDE,actvstrat=,0.408398, actvprof=,0.758417, id=,B06, PRDE,actvstrat=,0.467773, actvprof=,2.122225, id=,B09, PRDE,actvstrat=,0.372539, actvprof=,6.712174, id=,S00, PRDE,actvstrat=,0.942834, actvprof=,5.851646, id=,S02, PRDE,actvstrat=,0.821159, actvprof=,2.287001, id=,S05, PRDE,actvstrat=,0.922641, actvprof=,0.057070, id=,S06, PRDE,actvstrat=,0.984393, actvprof=,0.034130, id=,S07, PRDE,actvstrat=,0.767634, actvprof=,0.000560, best_B_id=,B09, best_B_prof=,6.712174, best_B_strat=,0.372539, best_S_id=,S00, best_S_prof=,5.851646, best_S_strat=,0.942834, 
t=,3967200, id=,B02, PRDE,actvstrat=,-0.921562, actvprof=,0.012684, id=,B03, PRDE,actvstrat=,0.728349, actvprof=,0.029410, id=,B05, PRDE,actvstrat=,0.408398, actvprof=,0.744721, id=,B06, PRDE,actvstrat=,0.467773, actvprof=,2.089484, id=,B09, PRDE,actvstrat=,0.372539, actvprof=,6.756150, id=,S00, PRDE,actvstrat=,0.942834, actvprof=,5.988292, id=,S02, PRDE,actvstrat=,0.821159, actvprof=,2.267336, id=,S05, PRDE,actvstrat=,0.922641, actvprof=,0.064673, id=,S06, PRDE,actvstrat=,0.984393, actvprof=,0.032755, id=,S07, PRDE,actvstrat=,0.767634, actvprof=,0.000279, best_B_id=,B09, best_B_prof=,6.756150, best_B_strat=,0.372539, best_S_id=,S00, best_S_prof=,5.988292, best_S_strat=,0.942834, 
t=,3970800, id=,B02, PRDE,actvstrat=,-0.419642, actvprof=,0.000000, id=,B03, PRDE,actvstrat=,0.728349, actvprof=,0.000000, id=,B05, PRDE,actvstrat=,0.408398, actvprof=,0.090642, id=,B06, PRDE,actvstrat=,0.467773, actvprof=,0.931879, id=,B09, PRDE,actvstrat=,0.372539, actvprof=,5.434606, id=,S00, PRDE,actvstrat=,-0.596707, actvprof=,1.146174, id=,S02, PRDE,actvstrat=,-0.662218, actvprof=,0.314170, id=,S05, PRDE,actvstrat=,0.922641, actvprof=,0.202546, id=,S06, PRDE,actvstrat=,0.782999, actvprof=,0.017345, id=,S07, PRDE,actvstrat=,0.767634, actvprof=,0.005036, best_B_id=,B09, best_B_prof=,5.434606, best_B_strat=,0.372539, best_S_id=,S00, best_S_prof=,1.146174, best_S_strat=,-0.596707, 
t=,3974400, id=,B02, PRDE,actvstrat=,-0.419642, actvprof=,0.000000, id=,B03, PRDE,actvstrat=,0.728349, actvprof=,0.000000, id=,B05, PRDE,actvstrat=,0.408398, actvprof=,0.101471, id=,B06, PRDE,actvstrat=,0.467773, actvprof=,0.901254, id=,B09, PRDE,actvstrat=,0.372539, actvprof=,5.330583, id=,S00, PRDE,actvstrat=,-0.596707, actvprof=,1.148520, id=,S02, PRDE,actvstrat=,-0.662218, actvprof=,0.300232, id=,S05, PRDE,actvstrat=,0.922641, actvprof=,0.202664, id=,S06, PRDE,actvstrat=,0.782999, actvprof=,0.019374, id=,S07, PRDE,actvstrat=,0.767634, actvprof=,0.004739, best_B_id=,B09, best_B_prof=,5.330583, best_B_strat=,0.372539, best_S_id=,S00, best_S_prof=,1.148520, best_S_strat=,-0.596707, 
t=,3978000, id=,B02, PRDE,actvstrat=,-0.419642, actvprof=,0.002518, id=,B03, PRDE,actvstrat=,0.728349, actvprof=,0.049799, id=,B05, PRDE,actvstrat=,0.408398, actvprof=,0.761526, id=,B06, PRDE,actvstrat=,0.467773, actvprof=,2.178268, id=,B09, PRDE,actvstrat=,0.372539, actvprof=,6.713295, id=,S00, PRDE,actvstrat=,0.942834, actvprof=,5.985340, id=,S02, PRDE,actvstrat=,0.821159, actvprof=,2.262198, id=,S05, PRDE,actvstrat=,0.922641, actvprof=,0.078894, id=,S06, PRDE,actvstrat=,0.984393, actvprof=,0.039727, id=,S07, PRDE,actvstrat=,0.619199, actvprof=,0.000000, best_B_id=,B09, best_B_prof=,6.713295, best_B_strat=,0.372539, best_S_id=,S00, best_S_prof=,5.985340, best_S_strat=,0.942834, 
t=,3981600, id=,B02, PRDE,actvstrat=,-0.419642, actvprof=,0.001254, id=,B03, PRDE,actvstrat=,0.728349, actvprof=,0.051015, id=,B05, PRDE,actvstrat=,0.408398, actvprof=,0.792122, id=,B06, PRDE,actvstrat=,0.467773, actvprof=,2.180391, id=,B09, PRDE,actvstrat=,0.372539, actvprof=,6.716520, id=,S00, PRDE,actvstrat=,0.942834, actvprof=,6.016252, id=,S02, PRDE,actvstrat=,0.821159, actvprof=,2.233079, id=,S05, PRDE,actvstrat=,0.922641, actvprof=,0.082934, id=,S06, PRDE,actvstrat=,0.984393, actvprof=,0.038331, id=,S07, PRDE,actvstrat=,0.619199, actvprof=,0.000000, best_B_id=,B09, best_B_prof=,6.716520, best_B_strat=,0.372539, best_S_id=,S00, best_S_prof=,6.016252, best_S_strat=,0.942834, 
t=,3985200, id=,B02, PRDE,actvstrat=,-0.921562, actvprof=,0.012030, id=,B03, PRDE,actvstrat=,0.728349, actvprof=,0.054555, id=,B05, PRDE,actvstrat=,-0.547168, actvprof=,0.418258, id=,B06, PRDE,actvstrat=,0.467773, actvprof=,2.566900, id=,B09, PRDE,actvstrat=,0.372539, actvprof=,7.215018, id=,S00, PRDE,actvstrat=,0.942834, actvprof=,5.526319, id=,S02, PRDE,actvstrat=,0.821159, actvprof=,1.829983, id=,S05, PRDE,actvstrat=,0.901282, actvprof=,0.097640, id=,S06, PRDE,actvstrat=,0.782999, actvprof=,0.005316, id=,S07, PRDE,actvstrat=,0.767634, actvprof=,0.000280, best_B_id=,B09, best_B_prof=,7.215018, best_B_strat=,0.372539, best_S_id=,S00, best_S_prof=,5.526319, best_S_strat=,0.942834, 
t=,3988800, id=,B02, PRDE,actvstrat=,-0.921562, actvprof=,0.016866, id=,B03, PRDE,actvstrat=,0.728349, actvprof=,0.053385, id=,B05, PRDE,actvstrat=,-0.547168, actvprof=,0.406730, id=,B06, PRDE,actvstrat=,0.467773, actvprof=,2.554256, id=,B09, PRDE,actvstrat=,0.372539, actvprof=,7.262869, id=,S00, PRDE,actvstrat=,0.942834, actvprof=,5.532944, id=,S02, PRDE,actvstrat=,0.821159, actvprof=,1.857324, id=,S05, PRDE,actvstrat=,0.901282, actvprof=,0.086838, id=,S06, PRDE,actvstrat=,0.782999, actvprof=,0.011569, id=,S07, PRDE,actvstrat=,0.767634, actvprof=,0.000836, best_B_id=,B09, best_B_prof=,7.262869, best_B_strat=,0.372539, best_S_id=,S00, best_S_prof=,5.532944, best_S_strat=,0.942834, 
t=,3992400, id=,B02, PRDE,actvstrat=,-0.921562, actvprof=,0.013150, id=,B03, PRDE,actvstrat=,0.728349, actvprof=,0.038890, id=,B05, PRDE,actvstrat=,0.408398, actvprof=,0.782833, id=,B06, PRDE,actvstrat=,0.467773, actvprof=,2.128308, id=,B09, PRDE,actvstrat=,0.372539, actvprof=,6.748643, id=,S00, PRDE,actvstrat=,0.942834, actvprof=,5.825360, id=,S02, PRDE,actvstrat=,0.821159, actvprof=,2.165799, id=,S05, PRDE,actvstrat=,0.922641, actvprof=,0.085054, id=,S06, PRDE,actvstrat=,0.984393, actvprof=,0.049522, id=,S07, PRDE,actvstrat=,0.619199, actvprof=,0.000000, best_B_id=,B09, best_B_prof=,6.748643, best_B_strat=,0.372539, best_S_id=,S00, best_S_prof=,5.825360, best_S_strat=,0.942834, 
t=,3996000, id=,B02, PRDE,actvstrat=,-0.921562, actvprof=,0.010733, id=,B03, PRDE,actvstrat=,0.728349, actvprof=,0.037635, id=,B05, PRDE,actvstrat=,0.408398, actvprof=,0.746007, id=,B06, PRDE,actvstrat=,0.467773, actvprof=,2.128182, id=,B09, PRDE,actvstrat=,0.372539, actvprof=,6.863762, id=,S00, PRDE,actvstrat=,0.942834, actvprof=,5.971537, id=,S02, PRDE,actvstrat=,0.821159, actvprof=,2.151320, id=,S05, PRDE,actvstrat=,0.922641, actvprof=,0.075967, id=,S06, PRDE,actvstrat=,0.984393, actvprof=,0.044325, id=,S07, PRDE,actvstrat=,0.619199, actvprof=,0.000139, best_B_id=,B09, best_B_prof=,6.863762, best_B_strat=,0.372539, best_S_id=,S00, best_S_prof=,5.971537, best_S_strat=,0.942834, 
t=,3999600, id=,B02, PRDE,actvstrat=,-0.921562, actvprof=,0.012031, id=,B03, PRDE,actvstrat=,0.728349, actvprof=,0.041408, id=,B05, PRDE,actvstrat=,-0.547168, actvprof=,0.424996, id=,B06, PRDE,actvstrat=,0.467773, actvprof=,2.560889, id=,B09, PRDE,actvstrat=,0.372539, actvprof=,7.042234, id=,S00, PRDE,actvstrat=,0.942834, actvprof=,5.626792, id=,S02, PRDE,actvstrat=,0.821159, actvprof=,1.882685, id=,S05, PRDE,actvstrat=,0.901282, actvprof=,0.096806, id=,S06, PRDE,actvstrat=,0.782999, actvprof=,0.007834, id=,S07, PRDE,actvstrat=,0.767634, actvprof=,0.000839, best_B_id=,B09, best_B_prof=,7.042234, best_B_strat=,0.372539, best_S_id=,S00, best_S_prof=,5.626792, best_S_strat=,0.942834, 
t=,4003200, id=,B02, PRDE,actvstrat=,-0.921562, actvprof=,0.010872, id=,B03, PRDE,actvstrat=,0.728349, actvprof=,0.049483, id=,B05, PRDE,actvstrat=,-0.547168, actvprof=,0.420813, id=,B06, PRDE,actvstrat=,0.467773, actvprof=,2.488500, id=,B09, PRDE,actvstrat=,0.372539, actvprof=,7.069499, id=,S00, PRDE,actvstrat=,0.942834, actvprof=,5.638120, id=,S02, PRDE,actvstrat=,0.821159, actvprof=,1.909063, id=,S05, PRDE,actvstrat=,0.901282, actvprof=,0.096596, id=,S06, PRDE,actvstrat=,0.782999, actvprof=,0.011569, id=,S07, PRDE,actvstrat=,0.767634, actvprof=,0.003624, best_B_id=,B09, best_B_prof=,7.069499, best_B_strat=,0.372539, best_S_id=,S00, best_S_prof=,5.638120, best_S_strat=,0.942834, 
t=,4006800, id=,B02, PRDE,actvstrat=,0.732683, actvprof=,0.006155, id=,B03, PRDE,actvstrat=,0.728349, actvprof=,0.043927, id=,B05, PRDE,actvstrat=,0.408398, actvprof=,0.765507, id=,B06, PRDE,actvstrat=,0.467773, actvprof=,2.256792, id=,B09, PRDE,actvstrat=,0.372539, actvprof=,6.996167, id=,S00, PRDE,actvstrat=,0.942834, actvprof=,6.035925, id=,S02, PRDE,actvstrat=,0.821159, actvprof=,2.206430, id=,S05, PRDE,actvstrat=,0.922641, actvprof=,0.090372, id=,S06, PRDE,actvstrat=,0.984393, actvprof=,0.036653, id=,S07, PRDE,actvstrat=,0.767634, actvprof=,0.000560, best_B_id=,B09, best_B_prof=,6.996167, best_B_strat=,0.372539, best_S_id=,S00, best_S_prof=,6.035925, best_S_strat=,0.942834, 
t=,4010400, id=,B02, PRDE,actvstrat=,0.732683, actvprof=,0.005018, id=,B03, PRDE,actvstrat=,0.728349, actvprof=,0.045999, id=,B05, PRDE,actvstrat=,0.408398, actvprof=,0.757726, id=,B06, PRDE,actvstrat=,0.467773, actvprof=,2.152883, id=,B09, PRDE,actvstrat=,0.372539, actvprof=,6.828452, id=,S00, PRDE,actvstrat=,0.942834, actvprof=,6.080763, id=,S02, PRDE,actvstrat=,0.821159, actvprof=,2.249341, id=,S05, PRDE,actvstrat=,0.922641, actvprof=,0.080428, id=,S06, PRDE,actvstrat=,0.984393, actvprof=,0.034987, id=,S07, PRDE,actvstrat=,0.767634, actvprof=,0.000279, best_B_id=,B09, best_B_prof=,6.828452, best_B_strat=,0.372539, best_S_id=,S00, best_S_prof=,6.080763, best_S_strat=,0.942834, 
t=,4014000, id=,B02, PRDE,actvstrat=,-0.921562, actvprof=,0.022664, id=,B03, PRDE,actvstrat=,0.728349, actvprof=,0.054281, id=,B05, PRDE,actvstrat=,0.408398, actvprof=,0.728036, id=,B06, PRDE,actvstrat=,0.467773, actvprof=,2.250420, id=,B09, PRDE,actvstrat=,0.372539, actvprof=,6.646894, id=,S00, PRDE,actvstrat=,0.942834, actvprof=,5.923895, id=,S02, PRDE,actvstrat=,0.821159, actvprof=,2.292669, id=,S05, PRDE,actvstrat=,0.901282, actvprof=,0.064074, id=,S06, PRDE,actvstrat=,0.984393, actvprof=,0.029379, id=,S07, PRDE,actvstrat=,0.767634, actvprof=,0.000000, best_B_id=,B09, best_B_prof=,6.646894, best_B_strat=,0.372539, best_S_id=,S00, best_S_prof=,5.923895, best_S_strat=,0.942834, 
t=,4017600, id=,B02, PRDE,actvstrat=,-0.921562, actvprof=,0.016030, id=,B03, PRDE,actvstrat=,0.728349, actvprof=,0.055199, id=,B05, PRDE,actvstrat=,0.408398, actvprof=,0.727628, id=,B06, PRDE,actvstrat=,0.467773, actvprof=,2.166853, id=,B09, PRDE,actvstrat=,0.372539, actvprof=,6.642738, id=,S00, PRDE,actvstrat=,0.942834, actvprof=,5.912880, id=,S02, PRDE,actvstrat=,0.821159, actvprof=,2.294257, id=,S05, PRDE,actvstrat=,0.901282, actvprof=,0.069696, id=,S06, PRDE,actvstrat=,0.984393, actvprof=,0.035963, id=,S07, PRDE,actvstrat=,0.767634, actvprof=,0.000000, best_B_id=,B09, best_B_prof=,6.642738, best_B_strat=,0.372539, best_S_id=,S00, best_S_prof=,5.912880, best_S_strat=,0.942834, 
t=,4021200, id=,B02, PRDE,actvstrat=,-0.921562, actvprof=,0.000000, id=,B03, PRDE,actvstrat=,0.010671, actvprof=,0.003637, id=,B05, PRDE,actvstrat=,-0.547168, actvprof=,0.112479, id=,B06, PRDE,actvstrat=,0.467773, actvprof=,2.034415, id=,B09, PRDE,actvstrat=,0.372539, actvprof=,6.855064, id=,S00, PRDE,actvstrat=,-0.596707, actvprof=,0.571628, id=,S02, PRDE,actvstrat=,0.821159, actvprof=,2.470341, id=,S05, PRDE,actvstrat=,0.922641, actvprof=,0.038053, id=,S06, PRDE,actvstrat=,0.984393, actvprof=,0.018467, id=,S07, PRDE,actvstrat=,0.767634, actvprof=,0.000000, best_B_id=,B09, best_B_prof=,6.855064, best_B_strat=,0.372539, best_S_id=,S02, best_S_prof=,2.470341, best_S_strat=,0.821159, 
t=,4024800, id=,B02, PRDE,actvstrat=,-0.921562, actvprof=,0.000000, id=,B03, PRDE,actvstrat=,0.010671, actvprof=,0.001812, id=,B05, PRDE,actvstrat=,-0.547168, actvprof=,0.146502, id=,B06, PRDE,actvstrat=,0.467773, actvprof=,2.052008, id=,B09, PRDE,actvstrat=,0.372539, actvprof=,6.833195, id=,S00, PRDE,actvstrat=,-0.596707, actvprof=,0.602039, id=,S02, PRDE,actvstrat=,0.821159, actvprof=,2.377212, id=,S05, PRDE,actvstrat=,0.922641, actvprof=,0.042097, id=,S06, PRDE,actvstrat=,0.984393, actvprof=,0.021467, id=,S07, PRDE,actvstrat=,0.767634, actvprof=,0.001255, best_B_id=,B09, best_B_prof=,6.833195, best_B_strat=,0.372539, best_S_id=,S02, best_S_prof=,2.377212, best_S_strat=,0.821159, 
t=,4028400, id=,B02, PRDE,actvstrat=,-0.921562, actvprof=,0.005036, id=,B03, PRDE,actvstrat=,0.728349, actvprof=,0.066872, id=,B05, PRDE,actvstrat=,0.408398, actvprof=,0.785674, id=,B06, PRDE,actvstrat=,0.467773, actvprof=,2.202574, id=,B09, PRDE,actvstrat=,0.372539, actvprof=,6.967823, id=,S00, PRDE,actvstrat=,0.942834, actvprof=,6.020146, id=,S02, PRDE,actvstrat=,0.821159, actvprof=,2.238388, id=,S05, PRDE,actvstrat=,0.922641, actvprof=,0.073867, id=,S06, PRDE,actvstrat=,0.984393, actvprof=,0.022943, id=,S07, PRDE,actvstrat=,0.767634, actvprof=,0.000000, best_B_id=,B09, best_B_prof=,6.967823, best_B_strat=,0.372539, best_S_id=,S00, best_S_prof=,6.020146, best_S_strat=,0.942834, 
t=,4032000, id=,B02, PRDE,actvstrat=,-0.921562, actvprof=,0.009061, id=,B03, PRDE,actvstrat=,0.728349, actvprof=,0.050321, id=,B05, PRDE,actvstrat=,0.408398, actvprof=,0.799008, id=,B06, PRDE,actvstrat=,0.467773, actvprof=,2.181240, id=,B09, PRDE,actvstrat=,0.372539, actvprof=,6.892625, id=,S00, PRDE,actvstrat=,0.942834, actvprof=,5.966211, id=,S02, PRDE,actvstrat=,0.821159, actvprof=,2.222501, id=,S05, PRDE,actvstrat=,0.922641, actvprof=,0.069000, id=,S06, PRDE,actvstrat=,0.984393, actvprof=,0.029970, id=,S07, PRDE,actvstrat=,0.767634, actvprof=,0.000000, best_B_id=,B09, best_B_prof=,6.892625, best_B_strat=,0.372539, best_S_id=,S00, best_S_prof=,5.966211, best_S_strat=,0.942834, 
t=,4035600, id=,B02, PRDE,actvstrat=,-0.921562, actvprof=,0.009793, id=,B03, PRDE,actvstrat=,0.728349, actvprof=,0.035536, id=,B05, PRDE,actvstrat=,0.408398, actvprof=,0.923654, id=,B06, PRDE,actvstrat=,0.467773, actvprof=,2.393217, id=,B09, PRDE,actvstrat=,-0.820352, actvprof=,4.506065, id=,S00, PRDE,actvstrat=,0.942834, actvprof=,5.763532, id=,S02, PRDE,actvstrat=,0.821159, actvprof=,1.983575, id=,S05, PRDE,actvstrat=,0.922641, actvprof=,0.015669, id=,S06, PRDE,actvstrat=,0.984393, actvprof=,0.003358, id=,S07, PRDE,actvstrat=,0.767634, actvprof=,0.000000, best_B_id=,B09, best_B_prof=,4.506065, best_B_strat=,-0.820352, best_S_id=,S00, best_S_prof=,5.763532, best_S_strat=,0.942834, 
t=,4039200, id=,B02, PRDE,actvstrat=,-0.921562, actvprof=,0.010176, id=,B03, PRDE,actvstrat=,0.728349, actvprof=,0.031225, id=,B05, PRDE,actvstrat=,0.408398, actvprof=,0.945517, id=,B06, PRDE,actvstrat=,0.467773, actvprof=,2.416973, id=,B09, PRDE,actvstrat=,-0.820352, actvprof=,4.638653, id=,S00, PRDE,actvstrat=,0.942834, actvprof=,5.782390, id=,S02, PRDE,actvstrat=,0.821159, actvprof=,1.977042, id=,S05, PRDE,actvstrat=,0.922641, actvprof=,0.015055, id=,S06, PRDE,actvstrat=,0.984393, actvprof=,0.003206, id=,S07, PRDE,actvstrat=,0.767634, actvprof=,0.000000, best_B_id=,B09, best_B_prof=,4.638653, best_B_strat=,-0.820352, best_S_id=,S00, best_S_prof=,5.782390, best_S_strat=,0.942834, 
t=,4042800, id=,B02, PRDE,actvstrat=,-0.921562, actvprof=,0.015949, id=,B03, PRDE,actvstrat=,0.728349, actvprof=,0.043371, id=,B05, PRDE,actvstrat=,-0.547168, actvprof=,0.409088, id=,B06, PRDE,actvstrat=,0.467773, actvprof=,2.819408, id=,B09, PRDE,actvstrat=,0.372539, actvprof=,7.300353, id=,S00, PRDE,actvstrat=,0.942834, actvprof=,5.379708, id=,S02, PRDE,actvstrat=,0.821159, actvprof=,1.586267, id=,S05, PRDE,actvstrat=,0.922641, actvprof=,0.052325, id=,S06, PRDE,actvstrat=,0.984393, actvprof=,0.019027, id=,S07, PRDE,actvstrat=,0.767634, actvprof=,0.000000, best_B_id=,B09, best_B_prof=,7.300353, best_B_strat=,0.372539, best_S_id=,S00, best_S_prof=,5.379708, best_S_strat=,0.942834, 
t=,4046400, id=,B02, PRDE,actvstrat=,-0.921562, actvprof=,0.015194, id=,B03, PRDE,actvstrat=,0.728349, actvprof=,0.041819, id=,B05, PRDE,actvstrat=,-0.547168, actvprof=,0.380970, id=,B06, PRDE,actvstrat=,0.467773, actvprof=,2.709164, id=,B09, PRDE,actvstrat=,0.372539, actvprof=,7.407789, id=,S00, PRDE,actvstrat=,0.942834, actvprof=,5.481056, id=,S02, PRDE,actvstrat=,0.821159, actvprof=,1.684881, id=,S05, PRDE,actvstrat=,0.922641, actvprof=,0.038752, id=,S06, PRDE,actvstrat=,0.984393, actvprof=,0.016588, id=,S07, PRDE,actvstrat=,0.767634, actvprof=,0.000000, best_B_id=,B09, best_B_prof=,7.407789, best_B_strat=,0.372539, best_S_id=,S00, best_S_prof=,5.481056, best_S_strat=,0.942834, 
t=,4050000, id=,B02, PRDE,actvstrat=,-0.177085, actvprof=,0.001399, id=,B03, PRDE,actvstrat=,0.728349, actvprof=,0.072753, id=,B05, PRDE,actvstrat=,0.408398, actvprof=,0.746555, id=,B06, PRDE,actvstrat=,0.639177, actvprof=,2.232949, id=,B09, PRDE,actvstrat=,0.372539, actvprof=,6.757048, id=,S00, PRDE,actvstrat=,0.942834, actvprof=,6.051626, id=,S02, PRDE,actvstrat=,0.821159, actvprof=,2.366142, id=,S05, PRDE,actvstrat=,0.922641, actvprof=,0.089542, id=,S06, PRDE,actvstrat=,0.984393, actvprof=,0.038615, id=,S07, PRDE,actvstrat=,0.767634, actvprof=,0.000000, best_B_id=,B09, best_B_prof=,6.757048, best_B_strat=,0.372539, best_S_id=,S00, best_S_prof=,6.051626, best_S_strat=,0.942834, 
t=,4053600, id=,B02, PRDE,actvstrat=,-0.177085, actvprof=,0.002091, id=,B03, PRDE,actvstrat=,0.728349, actvprof=,0.067886, id=,B05, PRDE,actvstrat=,0.408398, actvprof=,0.726120, id=,B06, PRDE,actvstrat=,0.639177, actvprof=,2.266179, id=,B09, PRDE,actvstrat=,0.372539, actvprof=,6.784039, id=,S00, PRDE,actvstrat=,0.942834, actvprof=,6.072277, id=,S02, PRDE,actvstrat=,0.821159, actvprof=,2.332671, id=,S05, PRDE,actvstrat=,0.922641, actvprof=,0.103572, id=,S06, PRDE,actvstrat=,0.984393, actvprof=,0.037219, id=,S07, PRDE,actvstrat=,0.767634, actvprof=,0.000000, best_B_id=,B09, best_B_prof=,6.784039, best_B_strat=,0.372539, best_S_id=,S00, best_S_prof=,6.072277, best_S_strat=,0.942834, 
t=,4057200, id=,B02, PRDE,actvstrat=,-0.921562, actvprof=,0.010073, id=,B03, PRDE,actvstrat=,0.728349, actvprof=,0.036936, id=,B05, PRDE,actvstrat=,0.408398, actvprof=,0.731445, id=,B06, PRDE,actvstrat=,0.467773, actvprof=,2.172228, id=,B09, PRDE,actvstrat=,0.372539, actvprof=,6.709199, id=,S00, PRDE,actvstrat=,0.942834, actvprof=,6.044911, id=,S02, PRDE,actvstrat=,0.821159, actvprof=,2.254774, id=,S05, PRDE,actvstrat=,0.922641, actvprof=,0.106611, id=,S06, PRDE,actvstrat=,0.782999, actvprof=,0.009794, id=,S07, PRDE,actvstrat=,0.767634, actvprof=,0.008674, best_B_id=,B09, best_B_prof=,6.709199, best_B_strat=,0.372539, best_S_id=,S00, best_S_prof=,6.044911, best_S_strat=,0.942834, 
t=,4060800, id=,B02, PRDE,actvstrat=,-0.921562, actvprof=,0.013382, id=,B03, PRDE,actvstrat=,0.728349, actvprof=,0.049207, id=,B05, PRDE,actvstrat=,0.408398, actvprof=,0.778115, id=,B06, PRDE,actvstrat=,0.467773, actvprof=,2.130824, id=,B09, PRDE,actvstrat=,0.372539, actvprof=,6.680467, id=,S00, PRDE,actvstrat=,0.942834, actvprof=,5.983900, id=,S02, PRDE,actvstrat=,0.821159, actvprof=,2.196480, id=,S05, PRDE,actvstrat=,0.922641, actvprof=,0.129082, id=,S06, PRDE,actvstrat=,0.782999, actvprof=,0.007527, id=,S07, PRDE,actvstrat=,0.767634, actvprof=,0.006273, best_B_id=,B09, best_B_prof=,6.680467, best_B_strat=,0.372539, best_S_id=,S00, best_S_prof=,5.983900, best_S_strat=,0.942834, 
t=,4064400, id=,B02, PRDE,actvstrat=,-0.921562, actvprof=,0.009794, id=,B03, PRDE,actvstrat=,0.728349, actvprof=,0.063241, id=,B05, PRDE,actvstrat=,0.408398, actvprof=,0.786871, id=,B06, PRDE,actvstrat=,0.467773, actvprof=,2.147384, id=,B09, PRDE,actvstrat=,0.372539, actvprof=,6.725337, id=,S00, PRDE,actvstrat=,0.942834, actvprof=,5.976802, id=,S02, PRDE,actvstrat=,0.821159, actvprof=,2.222378, id=,S05, PRDE,actvstrat=,0.922641, actvprof=,0.137395, id=,S06, PRDE,actvstrat=,0.782999, actvprof=,0.023505, id=,S07, PRDE,actvstrat=,0.767634, actvprof=,0.004197, best_B_id=,B09, best_B_prof=,6.725337, best_B_strat=,0.372539, best_S_id=,S00, best_S_prof=,5.976802, best_S_strat=,0.942834, 
t=,4068000, id=,B02, PRDE,actvstrat=,-0.921562, actvprof=,0.013940, id=,B03, PRDE,actvstrat=,0.728349, actvprof=,0.051438, id=,B05, PRDE,actvstrat=,0.408398, actvprof=,0.744670, id=,B06, PRDE,actvstrat=,0.467773, actvprof=,2.091683, id=,B09, PRDE,actvstrat=,0.372539, actvprof=,6.589951, id=,S00, PRDE,actvstrat=,0.942834, actvprof=,6.050895, id=,S02, PRDE,actvstrat=,0.821159, actvprof=,2.304545, id=,S05, PRDE,actvstrat=,0.922641, actvprof=,0.137308, id=,S06, PRDE,actvstrat=,0.782999, actvprof=,0.016031, id=,S07, PRDE,actvstrat=,0.767634, actvprof=,0.002091, best_B_id=,B09, best_B_prof=,6.589951, best_B_strat=,0.372539, best_S_id=,S00, best_S_prof=,6.050895, best_S_strat=,0.942834, 
t=,4071600, id=,B02, PRDE,actvstrat=,-0.921562, actvprof=,0.025465, id=,B03, PRDE,actvstrat=,0.728349, actvprof=,0.042814, id=,B05, PRDE,actvstrat=,0.408398, actvprof=,0.778207, id=,B06, PRDE,actvstrat=,0.467773, actvprof=,2.279774, id=,B09, PRDE,actvstrat=,0.372539, actvprof=,6.799866, id=,S00, PRDE,actvstrat=,0.942834, actvprof=,5.853761, id=,S02, PRDE,actvstrat=,0.821159, actvprof=,2.185751, id=,S05, PRDE,actvstrat=,0.922641, actvprof=,0.078352, id=,S06, PRDE,actvstrat=,0.984393, actvprof=,0.023226, id=,S07, PRDE,actvstrat=,-0.564651, actvprof=,0.000000, best_B_id=,B09, best_B_prof=,6.799866, best_B_strat=,0.372539, best_S_id=,S00, best_S_prof=,5.853761, best_S_strat=,0.942834, 
t=,4075200, id=,B02, PRDE,actvstrat=,-0.921562, actvprof=,0.022862, id=,B03, PRDE,actvstrat=,0.728349, actvprof=,0.040008, id=,B05, PRDE,actvstrat=,0.408398, actvprof=,0.762100, id=,B06, PRDE,actvstrat=,0.467773, actvprof=,2.226218, id=,B09, PRDE,actvstrat=,0.372539, actvprof=,6.844541, id=,S00, PRDE,actvstrat=,0.942834, actvprof=,5.944156, id=,S02, PRDE,actvstrat=,0.821159, actvprof=,2.275705, id=,S05, PRDE,actvstrat=,0.922641, actvprof=,0.080852, id=,S06, PRDE,actvstrat=,0.984393, actvprof=,0.031226, id=,S07, PRDE,actvstrat=,-0.564651, actvprof=,0.000000, best_B_id=,B09, best_B_prof=,6.844541, best_B_strat=,0.372539, best_S_id=,S00, best_S_prof=,5.944156, best_S_strat=,0.942834, 
t=,4078800, id=,B02, PRDE,actvstrat=,-0.921562, actvprof=,0.009514, id=,B03, PRDE,actvstrat=,-0.362007, actvprof=,0.011473, id=,B05, PRDE,actvstrat=,0.408398, actvprof=,0.821312, id=,B06, PRDE,actvstrat=,0.467773, actvprof=,2.153881, id=,B09, PRDE,actvstrat=,0.372539, actvprof=,6.714891, id=,S00, PRDE,actvstrat=,0.942834, actvprof=,5.980608, id=,S02, PRDE,actvstrat=,0.821159, actvprof=,2.261617, id=,S05, PRDE,actvstrat=,0.901282, actvprof=,0.051489, id=,S06, PRDE,actvstrat=,0.984393, actvprof=,0.034140, id=,S07, PRDE,actvstrat=,0.767634, actvprof=,0.000840, best_B_id=,B09, best_B_prof=,6.714891, best_B_strat=,0.372539, best_S_id=,S00, best_S_prof=,5.980608, best_S_strat=,0.942834, 
t=,4082400, id=,B02, PRDE,actvstrat=,-0.921562, actvprof=,0.012546, id=,B03, PRDE,actvstrat=,-0.362007, actvprof=,0.008364, id=,B05, PRDE,actvstrat=,0.408398, actvprof=,0.835151, id=,B06, PRDE,actvstrat=,0.467773, actvprof=,2.177165, id=,B09, PRDE,actvstrat=,0.372539, actvprof=,6.836782, id=,S00, PRDE,actvstrat=,0.942834, actvprof=,5.921197, id=,S02, PRDE,actvstrat=,0.821159, actvprof=,2.199051, id=,S05, PRDE,actvstrat=,0.901282, actvprof=,0.054506, id=,S06, PRDE,actvstrat=,0.984393, actvprof=,0.031505, id=,S07, PRDE,actvstrat=,0.767634, actvprof=,0.000418, best_B_id=,B09, best_B_prof=,6.836782, best_B_strat=,0.372539, best_S_id=,S00, best_S_prof=,5.921197, best_S_strat=,0.942834, 
t=,4086000, id=,B02, PRDE,actvstrat=,-0.921562, actvprof=,0.013432, id=,B03, PRDE,actvstrat=,0.728349, actvprof=,0.037498, id=,B05, PRDE,actvstrat=,0.408398, actvprof=,0.802295, id=,B06, PRDE,actvstrat=,0.467773, actvprof=,2.242060, id=,B09, PRDE,actvstrat=,0.372539, actvprof=,6.691759, id=,S00, PRDE,actvstrat=,0.942834, actvprof=,6.013152, id=,S02, PRDE,actvstrat=,0.821159, actvprof=,2.106898, id=,S05, PRDE,actvstrat=,0.922641, actvprof=,0.073038, id=,S06, PRDE,actvstrat=,0.984393, actvprof=,0.045334, id=,S07, PRDE,actvstrat=,0.767634, actvprof=,0.000000, best_B_id=,B09, best_B_prof=,6.691759, best_B_strat=,0.372539, best_S_id=,S00, best_S_prof=,6.013152, best_S_strat=,0.942834, 
t=,4089600, id=,B02, PRDE,actvstrat=,-0.921562, actvprof=,0.015474, id=,B03, PRDE,actvstrat=,0.728349, actvprof=,0.037639, id=,B05, PRDE,actvstrat=,0.408398, actvprof=,0.780372, id=,B06, PRDE,actvstrat=,0.467773, actvprof=,2.197811, id=,B09, PRDE,actvstrat=,0.372539, actvprof=,6.708301, id=,S00, PRDE,actvstrat=,0.942834, actvprof=,5.967241, id=,S02, PRDE,actvstrat=,0.821159, actvprof=,2.196836, id=,S05, PRDE,actvstrat=,0.922641, actvprof=,0.069143, id=,S06, PRDE,actvstrat=,0.984393, actvprof=,0.033596, id=,S07, PRDE,actvstrat=,0.767634, actvprof=,0.003346, best_B_id=,B09, best_B_prof=,6.708301, best_B_strat=,0.372539, best_S_id=,S00, best_S_prof=,5.967241, best_S_strat=,0.942834, 
t=,4093200, id=,B02, PRDE,actvstrat=,-0.921562, actvprof=,0.008115, id=,B03, PRDE,actvstrat=,0.728349, actvprof=,0.040297, id=,B05, PRDE,actvstrat=,0.408398, actvprof=,0.776281, id=,B06, PRDE,actvstrat=,0.467773, actvprof=,2.246568, id=,B09, PRDE,actvstrat=,0.372539, actvprof=,6.982328, id=,S00, PRDE,actvstrat=,0.942834, actvprof=,5.925646, id=,S02, PRDE,actvstrat=,0.821159, actvprof=,2.184164, id=,S05, PRDE,actvstrat=,0.901282, actvprof=,0.058767, id=,S06, PRDE,actvstrat=,0.984393, actvprof=,0.037219, id=,S07, PRDE,actvstrat=,0.767634, actvprof=,0.000000, best_B_id=,B09, best_B_prof=,6.982328, best_B_strat=,0.372539, best_S_id=,S00, best_S_prof=,5.925646, best_S_strat=,0.942834, 
t=,4096800, id=,B02, PRDE,actvstrat=,-0.921562, actvprof=,0.013383, id=,B03, PRDE,actvstrat=,0.728349, actvprof=,0.041681, id=,B05, PRDE,actvstrat=,0.408398, actvprof=,0.770614, id=,B06, PRDE,actvstrat=,0.467773, actvprof=,2.197672, id=,B09, PRDE,actvstrat=,0.372539, actvprof=,6.832787, id=,S00, PRDE,actvstrat=,0.942834, actvprof=,5.979508, id=,S02, PRDE,actvstrat=,0.821159, actvprof=,2.232522, id=,S05, PRDE,actvstrat=,0.901282, actvprof=,0.067610, id=,S06, PRDE,actvstrat=,0.984393, actvprof=,0.039730, id=,S07, PRDE,actvstrat=,0.767634, actvprof=,0.000000, best_B_id=,B09, best_B_prof=,6.832787, best_B_strat=,0.372539, best_S_id=,S00, best_S_prof=,5.979508, best_S_strat=,0.942834, 
t=,4100400, id=,B02, PRDE,actvstrat=,-0.921562, actvprof=,0.010914, id=,B03, PRDE,actvstrat=,0.728349, actvprof=,0.012593, id=,B05, PRDE,actvstrat=,-0.547168, actvprof=,0.232272, id=,B06, PRDE,actvstrat=,0.123518, actvprof=,1.763866, id=,B09, PRDE,actvstrat=,0.372539, actvprof=,7.115352, id=,S00, PRDE,actvstrat=,0.942834, actvprof=,6.108188, id=,S02, PRDE,actvstrat=,-0.662218, actvprof=,0.106901, id=,S05, PRDE,actvstrat=,0.901282, actvprof=,0.028544, id=,S06, PRDE,actvstrat=,0.984393, actvprof=,0.033861, id=,S07, PRDE,actvstrat=,0.767634, actvprof=,0.000000, best_B_id=,B09, best_B_prof=,7.115352, best_B_strat=,0.372539, best_S_id=,S00, best_S_prof=,6.108188, best_S_strat=,0.942834, 
t=,4104000, id=,B02, PRDE,actvstrat=,-0.921562, actvprof=,0.007110, id=,B03, PRDE,actvstrat=,0.728349, actvprof=,0.012407, id=,B05, PRDE,actvstrat=,-0.547168, actvprof=,0.207292, id=,B06, PRDE,actvstrat=,0.123518, actvprof=,1.760241, id=,B09, PRDE,actvstrat=,0.372539, actvprof=,7.045564, id=,S00, PRDE,actvstrat=,0.942834, actvprof=,6.148088, id=,S02, PRDE,actvstrat=,-0.662218, actvprof=,0.103019, id=,S05, PRDE,actvstrat=,0.901282, actvprof=,0.024953, id=,S06, PRDE,actvstrat=,0.984393, actvprof=,0.027044, id=,S07, PRDE,actvstrat=,0.767634, actvprof=,0.000000, best_B_id=,B09, best_B_prof=,7.045564, best_B_strat=,0.372539, best_S_id=,S00, best_S_prof=,6.148088, best_S_strat=,0.942834, 
t=,4107600, id=,B02, PRDE,actvstrat=,-0.921562, actvprof=,0.009515, id=,B03, PRDE,actvstrat=,0.717296, actvprof=,0.030783, id=,B05, PRDE,actvstrat=,0.408398, actvprof=,0.844574, id=,B06, PRDE,actvstrat=,0.467773, actvprof=,2.307886, id=,B09, PRDE,actvstrat=,0.372539, actvprof=,6.775340, id=,S00, PRDE,actvstrat=,0.942834, actvprof=,6.030951, id=,S02, PRDE,actvstrat=,0.821159, actvprof=,2.136621, id=,S05, PRDE,actvstrat=,0.922641, actvprof=,0.083114, id=,S06, PRDE,actvstrat=,0.984393, actvprof=,0.041137, id=,S07, PRDE,actvstrat=,0.767634, actvprof=,0.000000, best_B_id=,B09, best_B_prof=,6.775340, best_B_strat=,0.372539, best_S_id=,S00, best_S_prof=,6.030951, best_S_strat=,0.942834, 
t=,4111200, id=,B02, PRDE,actvstrat=,-0.921562, actvprof=,0.016729, id=,B03, PRDE,actvstrat=,0.717296, actvprof=,0.028020, id=,B05, PRDE,actvstrat=,0.408398, actvprof=,0.798232, id=,B06, PRDE,actvstrat=,0.467773, actvprof=,2.197718, id=,B09, PRDE,actvstrat=,0.372539, actvprof=,6.739947, id=,S00, PRDE,actvstrat=,0.942834, actvprof=,6.059651, id=,S02, PRDE,actvstrat=,0.821159, actvprof=,2.238564, id=,S05, PRDE,actvstrat=,0.922641, actvprof=,0.078903, id=,S06, PRDE,actvstrat=,0.984393, actvprof=,0.040567, id=,S07, PRDE,actvstrat=,0.767634, actvprof=,0.000000, best_B_id=,B09, best_B_prof=,6.739947, best_B_strat=,0.372539, best_S_id=,S00, best_S_prof=,6.059651, best_S_strat=,0.942834, 
t=,4114800, id=,B02, PRDE,actvstrat=,-0.921562, actvprof=,0.000000, id=,B03, PRDE,actvstrat=,0.728349, actvprof=,0.001399, id=,B05, PRDE,actvstrat=,0.408398, actvprof=,0.302806, id=,B06, PRDE,actvstrat=,0.467773, actvprof=,1.548730, id=,B09, PRDE,actvstrat=,0.372539, actvprof=,6.447352, id=,S00, PRDE,actvstrat=,-0.922506, actvprof=,0.036102, id=,S02, PRDE,actvstrat=,0.821159, actvprof=,2.872735, id=,S05, PRDE,actvstrat=,0.901282, actvprof=,0.071364, id=,S06, PRDE,actvstrat=,0.984393, actvprof=,0.025467, id=,S07, PRDE,actvstrat=,0.767634, actvprof=,0.000000, best_B_id=,B09, best_B_prof=,6.447352, best_B_strat=,0.372539, best_S_id=,S02, best_S_prof=,2.872735, best_S_strat=,0.821159, 
t=,4118400, id=,B02, PRDE,actvstrat=,-0.921562, actvprof=,0.000000, id=,B03, PRDE,actvstrat=,0.728349, actvprof=,0.002509, id=,B05, PRDE,actvstrat=,0.408398, actvprof=,0.288990, id=,B06, PRDE,actvstrat=,0.467773, actvprof=,1.494720, id=,B09, PRDE,actvstrat=,0.372539, actvprof=,6.233437, id=,S00, PRDE,actvstrat=,-0.922506, actvprof=,0.049629, id=,S02, PRDE,actvstrat=,0.821159, actvprof=,2.932004, id=,S05, PRDE,actvstrat=,0.901282, actvprof=,0.063151, id=,S06, PRDE,actvstrat=,0.984393, actvprof=,0.029275, id=,S07, PRDE,actvstrat=,0.767634, actvprof=,0.000000, best_B_id=,B09, best_B_prof=,6.233437, best_B_strat=,0.372539, best_S_id=,S02, best_S_prof=,2.932004, best_S_strat=,0.821159, 
t=,4122000, id=,B02, PRDE,actvstrat=,-0.921562, actvprof=,0.014553, id=,B03, PRDE,actvstrat=,0.728349, actvprof=,0.046457, id=,B05, PRDE,actvstrat=,0.408398, actvprof=,0.885481, id=,B06, PRDE,actvstrat=,0.123518, actvprof=,1.825255, id=,B09, PRDE,actvstrat=,0.372539, actvprof=,6.989813, id=,S00, PRDE,actvstrat=,0.942834, actvprof=,5.835666, id=,S02, PRDE,actvstrat=,0.821159, actvprof=,2.067055, id=,S05, PRDE,actvstrat=,0.901282, actvprof=,0.055413, id=,S06, PRDE,actvstrat=,0.984393, actvprof=,0.029665, id=,S07, PRDE,actvstrat=,0.767634, actvprof=,0.000000, best_B_id=,B09, best_B_prof=,6.989813, best_B_strat=,0.372539, best_S_id=,S00, best_S_prof=,5.835666, best_S_strat=,0.942834, 
t=,4125600, id=,B02, PRDE,actvstrat=,-0.921562, actvprof=,0.021469, id=,B03, PRDE,actvstrat=,0.728349, actvprof=,0.048375, id=,B05, PRDE,actvstrat=,0.408398, actvprof=,0.884682, id=,B06, PRDE,actvstrat=,0.123518, actvprof=,1.804913, id=,B09, PRDE,actvstrat=,0.372539, actvprof=,7.018625, id=,S00, PRDE,actvstrat=,0.942834, actvprof=,5.811353, id=,S02, PRDE,actvstrat=,0.821159, actvprof=,2.084565, id=,S05, PRDE,actvstrat=,0.901282, actvprof=,0.061479, id=,S06, PRDE,actvstrat=,0.984393, actvprof=,0.033179, id=,S07, PRDE,actvstrat=,0.767634, actvprof=,0.000000, best_B_id=,B09, best_B_prof=,7.018625, best_B_strat=,0.372539, best_S_id=,S00, best_S_prof=,5.811353, best_S_strat=,0.942834, 
t=,4129200, id=,B02, PRDE,actvstrat=,-0.921562, actvprof=,0.001679, id=,B03, PRDE,actvstrat=,0.728349, actvprof=,0.012034, id=,B05, PRDE,actvstrat=,0.408398, actvprof=,0.400487, id=,B06, PRDE,actvstrat=,0.123518, actvprof=,1.269468, id=,B09, PRDE,actvstrat=,0.372539, actvprof=,6.186698, id=,S00, PRDE,actvstrat=,0.942834, actvprof=,6.607055, id=,S02, PRDE,actvstrat=,-0.662218, actvprof=,0.141052, id=,S05, PRDE,actvstrat=,0.922641, actvprof=,0.069966, id=,S06, PRDE,actvstrat=,0.984393, actvprof=,0.041700, id=,S07, PRDE,actvstrat=,0.767634, actvprof=,0.000000, best_B_id=,B09, best_B_prof=,6.186698, best_B_strat=,0.372539, best_S_id=,S00, best_S_prof=,6.607055, best_S_strat=,0.942834, 
t=,4132800, id=,B02, PRDE,actvstrat=,-0.921562, actvprof=,0.002370, id=,B03, PRDE,actvstrat=,0.728349, actvprof=,0.009898, id=,B05, PRDE,actvstrat=,0.408398, actvprof=,0.446247, id=,B06, PRDE,actvstrat=,0.123518, actvprof=,1.350871, id=,B09, PRDE,actvstrat=,0.372539, actvprof=,6.300579, id=,S00, PRDE,actvstrat=,0.942834, actvprof=,6.523494, id=,S02, PRDE,actvstrat=,-0.662218, actvprof=,0.098144, id=,S05, PRDE,actvstrat=,0.922641, actvprof=,0.059528, id=,S06, PRDE,actvstrat=,0.984393, actvprof=,0.043356, id=,S07, PRDE,actvstrat=,0.767634, actvprof=,0.000000, best_B_id=,B09, best_B_prof=,6.300579, best_B_strat=,0.372539, best_S_id=,S00, best_S_prof=,6.523494, best_S_strat=,0.942834, 
t=,4136400, id=,B02, PRDE,actvstrat=,-0.921562, actvprof=,0.013993, id=,B03, PRDE,actvstrat=,0.728349, actvprof=,0.048417, id=,B05, PRDE,actvstrat=,-0.547168, actvprof=,0.458705, id=,B06, PRDE,actvstrat=,0.467773, actvprof=,2.683944, id=,B09, PRDE,actvstrat=,0.372539, actvprof=,7.300104, id=,S00, PRDE,actvstrat=,0.942834, actvprof=,5.466961, id=,S02, PRDE,actvstrat=,0.821159, actvprof=,1.774649, id=,S05, PRDE,actvstrat=,0.922641, actvprof=,0.035263, id=,S06, PRDE,actvstrat=,0.984393, actvprof=,0.021830, id=,S07, PRDE,actvstrat=,0.767634, actvprof=,0.000000, best_B_id=,B09, best_B_prof=,7.300104, best_B_strat=,0.372539, best_S_id=,S00, best_S_prof=,5.466961, best_S_strat=,0.942834, 
t=,4140000, id=,B02, PRDE,actvstrat=,-0.921562, actvprof=,0.017565, id=,B03, PRDE,actvstrat=,0.728349, actvprof=,0.049907, id=,B05, PRDE,actvstrat=,-0.547168, actvprof=,0.415148, id=,B06, PRDE,actvstrat=,0.467773, actvprof=,2.705152, id=,B09, PRDE,actvstrat=,0.372539, actvprof=,7.208487, id=,S00, PRDE,actvstrat=,0.942834, actvprof=,5.433166, id=,S02, PRDE,actvstrat=,0.821159, actvprof=,1.729178, id=,S05, PRDE,actvstrat=,0.922641, actvprof=,0.042379, id=,S06, PRDE,actvstrat=,0.984393, actvprof=,0.027742, id=,S07, PRDE,actvstrat=,0.767634, actvprof=,0.000558, best_B_id=,B09, best_B_prof=,7.208487, best_B_strat=,0.372539, best_S_id=,S00, best_S_prof=,5.433166, best_S_strat=,0.942834, 
t=,4143600, id=,B02, PRDE,actvstrat=,-0.921562, actvprof=,0.008396, id=,B03, PRDE,actvstrat=,0.728349, actvprof=,0.022390, id=,B05, PRDE,actvstrat=,-0.547168, actvprof=,0.218581, id=,B06, PRDE,actvstrat=,0.123518, actvprof=,1.631099, id=,B09, PRDE,actvstrat=,0.372539, actvprof=,6.827220, id=,S00, PRDE,actvstrat=,0.942834, actvprof=,6.140132, id=,S02, PRDE,actvstrat=,-0.662218, actvprof=,0.144135, id=,S05, PRDE,actvstrat=,0.922641, actvprof=,0.065210, id=,S06, PRDE,actvstrat=,0.782999, actvprof=,0.013994, id=,S07, PRDE,actvstrat=,0.767634, actvprof=,0.000000, best_B_id=,B09, best_B_prof=,6.827220, best_B_strat=,0.372539, best_S_id=,S00, best_S_prof=,6.140132, best_S_strat=,0.942834, 
t=,4147200, id=,B02, PRDE,actvstrat=,-0.921562, actvprof=,0.008783, id=,B03, PRDE,actvstrat=,0.728349, actvprof=,0.019239, id=,B05, PRDE,actvstrat=,-0.547168, actvprof=,0.202286, id=,B06, PRDE,actvstrat=,0.123518, actvprof=,1.603374, id=,B09, PRDE,actvstrat=,0.372539, actvprof=,6.793950, id=,S00, PRDE,actvstrat=,0.942834, actvprof=,6.209675, id=,S02, PRDE,actvstrat=,-0.662218, actvprof=,0.138018, id=,S05, PRDE,actvstrat=,0.922641, actvprof=,0.092848, id=,S06, PRDE,actvstrat=,0.782999, actvprof=,0.007946, id=,S07, PRDE,actvstrat=,0.767634, actvprof=,0.000976, best_B_id=,B09, best_B_prof=,6.793950, best_B_strat=,0.372539, best_S_id=,S00, best_S_prof=,6.209675, best_S_strat=,0.942834, 
t=,4150800, id=,B02, PRDE,actvstrat=,-0.921562, actvprof=,0.008676, id=,B03, PRDE,actvstrat=,0.728349, actvprof=,0.027988, id=,B05, PRDE,actvstrat=,0.408398, actvprof=,1.200129, id=,B06, PRDE,actvstrat=,0.123518, actvprof=,2.224492, id=,B09, PRDE,actvstrat=,-0.921698, actvprof=,3.428819, id=,S00, PRDE,actvstrat=,0.942834, actvprof=,5.580263, id=,S02, PRDE,actvstrat=,0.821159, actvprof=,1.824823, id=,S05, PRDE,actvstrat=,0.922641, actvprof=,0.002799, id=,S06, PRDE,actvstrat=,0.984393, actvprof=,0.000000, id=,S07, PRDE,actvstrat=,0.767634, actvprof=,0.000000, best_B_id=,B09, best_B_prof=,3.428819, best_B_strat=,-0.921698, best_S_id=,S00, best_S_prof=,5.580263, best_S_strat=,0.942834, 
t=,4154400, id=,B02, PRDE,actvstrat=,-0.921562, actvprof=,0.008644, id=,B03, PRDE,actvstrat=,0.728349, actvprof=,0.022585, id=,B05, PRDE,actvstrat=,0.408398, actvprof=,1.229193, id=,B06, PRDE,actvstrat=,0.123518, actvprof=,2.296250, id=,B09, PRDE,actvstrat=,-0.921698, actvprof=,3.502579, id=,S00, PRDE,actvstrat=,0.942834, actvprof=,5.542869, id=,S02, PRDE,actvstrat=,0.821159, actvprof=,1.746968, id=,S05, PRDE,actvstrat=,0.922641, actvprof=,0.004601, id=,S06, PRDE,actvstrat=,0.984393, actvprof=,0.000000, id=,S07, PRDE,actvstrat=,0.767634, actvprof=,0.000000, best_B_id=,B09, best_B_prof=,3.502579, best_B_strat=,-0.921698, best_S_id=,S00, best_S_prof=,5.542869, best_S_strat=,0.942834, 
t=,4158000, id=,B02, PRDE,actvstrat=,-0.921562, actvprof=,0.017073, id=,B03, PRDE,actvstrat=,0.728349, actvprof=,0.050379, id=,B05, PRDE,actvstrat=,0.408398, actvprof=,0.737496, id=,B06, PRDE,actvstrat=,0.467773, actvprof=,2.152313, id=,B09, PRDE,actvstrat=,0.372539, actvprof=,6.664054, id=,S00, PRDE,actvstrat=,0.942834, actvprof=,5.998489, id=,S02, PRDE,actvstrat=,0.821159, actvprof=,2.288337, id=,S05, PRDE,actvstrat=,0.901282, actvprof=,0.053738, id=,S06, PRDE,actvstrat=,0.984393, actvprof=,0.052338, id=,S07, PRDE,actvstrat=,0.767634, actvprof=,0.000000, best_B_id=,B09, best_B_prof=,6.664054, best_B_strat=,0.372539, best_S_id=,S00, best_S_prof=,5.998489, best_S_strat=,0.942834, 
t=,4161600, id=,B02, PRDE,actvstrat=,-0.921562, actvprof=,0.014081, id=,B03, PRDE,actvstrat=,0.728349, actvprof=,0.052420, id=,B05, PRDE,actvstrat=,0.408398, actvprof=,0.741123, id=,B06, PRDE,actvstrat=,0.467773, actvprof=,2.136932, id=,B09, PRDE,actvstrat=,0.372539, actvprof=,6.684326, id=,S00, PRDE,actvstrat=,0.942834, actvprof=,6.027966, id=,S02, PRDE,actvstrat=,0.821159, actvprof=,2.280249, id=,S05, PRDE,actvstrat=,0.901282, actvprof=,0.069149, id=,S06, PRDE,actvstrat=,0.984393, actvprof=,0.047122, id=,S07, PRDE,actvstrat=,0.767634, actvprof=,0.000836, best_B_id=,B09, best_B_prof=,6.684326, best_B_strat=,0.372539, best_S_id=,S00, best_S_prof=,6.027966, best_S_strat=,0.942834, 
t=,4165200, id=,B02, PRDE,actvstrat=,-0.579609, actvprof=,0.000000, id=,B03, PRDE,actvstrat=,0.728349, actvprof=,0.038344, id=,B05, PRDE,actvstrat=,0.408398, actvprof=,0.791503, id=,B06, PRDE,actvstrat=,0.467773, actvprof=,2.171315, id=,B09, PRDE,actvstrat=,0.372539, actvprof=,6.855120, id=,S00, PRDE,actvstrat=,0.942834, actvprof=,5.955303, id=,S02, PRDE,actvstrat=,0.821159, actvprof=,2.145286, id=,S05, PRDE,actvstrat=,0.901282, actvprof=,0.050938, id=,S06, PRDE,actvstrat=,0.984393, actvprof=,0.045061, id=,S07, PRDE,actvstrat=,0.767634, actvprof=,0.001399, best_B_id=,B09, best_B_prof=,6.855120, best_B_strat=,0.372539, best_S_id=,S00, best_S_prof=,5.955303, best_S_strat=,0.942834, 
t=,4168800, id=,B02, PRDE,actvstrat=,-0.579609, actvprof=,0.000000, id=,B03, PRDE,actvstrat=,0.728349, actvprof=,0.046007, id=,B05, PRDE,actvstrat=,0.408398, actvprof=,0.736667, id=,B06, PRDE,actvstrat=,0.467773, actvprof=,2.163436, id=,B09, PRDE,actvstrat=,0.372539, actvprof=,6.842608, id=,S00, PRDE,actvstrat=,0.942834, actvprof=,6.022292, id=,S02, PRDE,actvstrat=,0.821159, actvprof=,2.213067, id=,S05, PRDE,actvstrat=,0.901282, actvprof=,0.067755, id=,S06, PRDE,actvstrat=,0.984393, actvprof=,0.043358, id=,S07, PRDE,actvstrat=,0.767634, actvprof=,0.001534, best_B_id=,B09, best_B_prof=,6.842608, best_B_strat=,0.372539, best_S_id=,S00, best_S_prof=,6.022292, best_S_strat=,0.942834, 
t=,4172400, id=,B02, PRDE,actvstrat=,-0.921562, actvprof=,0.006718, id=,B03, PRDE,actvstrat=,0.728349, actvprof=,0.051501, id=,B05, PRDE,actvstrat=,-0.547168, actvprof=,0.332237, id=,B06, PRDE,actvstrat=,0.467773, actvprof=,2.516829, id=,B09, PRDE,actvstrat=,0.372539, actvprof=,7.207613, id=,S00, PRDE,actvstrat=,0.942834, actvprof=,5.726121, id=,S02, PRDE,actvstrat=,0.821159, actvprof=,1.742915, id=,S05, PRDE,actvstrat=,0.922641, actvprof=,0.050101, id=,S06, PRDE,actvstrat=,0.984393, actvprof=,0.017633, id=,S07, PRDE,actvstrat=,0.767634, actvprof=,0.000000, best_B_id=,B09, best_B_prof=,7.207613, best_B_strat=,0.372539, best_S_id=,S00, best_S_prof=,5.726121, best_S_strat=,0.942834, 
t=,4176000, id=,B02, PRDE,actvstrat=,-0.921562, actvprof=,0.010596, id=,B03, PRDE,actvstrat=,0.728349, actvprof=,0.044753, id=,B05, PRDE,actvstrat=,-0.547168, actvprof=,0.370987, id=,B06, PRDE,actvstrat=,0.467773, actvprof=,2.552996, id=,B09, PRDE,actvstrat=,0.372539, actvprof=,7.184134, id=,S00, PRDE,actvstrat=,0.942834, actvprof=,5.672301, id=,S02, PRDE,actvstrat=,0.821159, actvprof=,1.773657, id=,S05, PRDE,actvstrat=,0.922641, actvprof=,0.055209, id=,S06, PRDE,actvstrat=,0.984393, actvprof=,0.024956, id=,S07, PRDE,actvstrat=,0.767634, actvprof=,0.000000, best_B_id=,B09, best_B_prof=,7.184134, best_B_strat=,0.372539, best_S_id=,S00, best_S_prof=,5.672301, best_S_strat=,0.942834, 
t=,4179600, id=,B02, PRDE,actvstrat=,0.023516, actvprof=,0.000000, id=,B03, PRDE,actvstrat=,0.728349, actvprof=,0.000000, id=,B05, PRDE,actvstrat=,0.408398, actvprof=,0.249958, id=,B06, PRDE,actvstrat=,0.467773, actvprof=,1.448525, id=,B09, PRDE,actvstrat=,0.372539, actvprof=,5.813413, id=,S00, PRDE,actvstrat=,-0.922506, actvprof=,0.130717, id=,S02, PRDE,actvstrat=,0.821159, actvprof=,3.197951, id=,S05, PRDE,actvstrat=,0.922641, actvprof=,0.167665, id=,S06, PRDE,actvstrat=,0.782999, actvprof=,0.017074, id=,S07, PRDE,actvstrat=,0.767634, actvprof=,0.002239, best_B_id=,B09, best_B_prof=,5.813413, best_B_strat=,0.372539, best_S_id=,S02, best_S_prof=,3.197951, best_S_strat=,0.821159, 
t=,4183200, id=,B02, PRDE,actvstrat=,0.023516, actvprof=,0.000000, id=,B03, PRDE,actvstrat=,0.728349, actvprof=,0.000139, id=,B05, PRDE,actvstrat=,0.408398, actvprof=,0.265174, id=,B06, PRDE,actvstrat=,0.467773, actvprof=,1.423463, id=,B09, PRDE,actvstrat=,0.372539, actvprof=,5.932535, id=,S00, PRDE,actvstrat=,-0.922506, actvprof=,0.136212, id=,S02, PRDE,actvstrat=,0.821159, actvprof=,3.083240, id=,S05, PRDE,actvstrat=,0.922641, actvprof=,0.163817, id=,S06, PRDE,actvstrat=,0.782999, actvprof=,0.012687, id=,S07, PRDE,actvstrat=,0.767634, actvprof=,0.002928, best_B_id=,B09, best_B_prof=,5.932535, best_B_strat=,0.372539, best_S_id=,S02, best_S_prof=,3.083240, best_S_strat=,0.821159, 
t=,4186800, id=,B02, PRDE,actvstrat=,-0.921562, actvprof=,0.010357, id=,B03, PRDE,actvstrat=,0.717296, actvprof=,0.064940, id=,B05, PRDE,actvstrat=,0.408398, actvprof=,0.783194, id=,B06, PRDE,actvstrat=,0.467773, actvprof=,2.158402, id=,B09, PRDE,actvstrat=,0.372539, actvprof=,6.661908, id=,S00, PRDE,actvstrat=,0.942834, actvprof=,5.898588, id=,S02, PRDE,actvstrat=,0.821159, actvprof=,2.133210, id=,S05, PRDE,actvstrat=,0.922641, actvprof=,0.077256, id=,S06, PRDE,actvstrat=,0.984393, actvprof=,0.028831, id=,S07, PRDE,actvstrat=,0.767634, actvprof=,0.000000, best_B_id=,B09, best_B_prof=,6.661908, best_B_strat=,0.372539, best_S_id=,S00, best_S_prof=,5.898588, best_S_strat=,0.942834, 
t=,4190400, id=,B02, PRDE,actvstrat=,-0.921562, actvprof=,0.010178, id=,B03, PRDE,actvstrat=,0.717296, actvprof=,0.046566, id=,B05, PRDE,actvstrat=,0.408398, actvprof=,0.766394, id=,B06, PRDE,actvstrat=,0.467773, actvprof=,2.147493, id=,B09, PRDE,actvstrat=,0.372539, actvprof=,6.693017, id=,S00, PRDE,actvstrat=,0.942834, actvprof=,6.032164, id=,S02, PRDE,actvstrat=,0.821159, actvprof=,2.135084, id=,S05, PRDE,actvstrat=,0.922641, actvprof=,0.069710, id=,S06, PRDE,actvstrat=,0.984393, actvprof=,0.036807, id=,S07, PRDE,actvstrat=,0.767634, actvprof=,0.000000, best_B_id=,B09, best_B_prof=,6.693017, best_B_strat=,0.372539, best_S_id=,S00, best_S_prof=,6.032164, best_S_strat=,0.942834, 
t=,4194000, id=,B02, PRDE,actvstrat=,-0.921562, actvprof=,0.011477, id=,B03, PRDE,actvstrat=,0.728349, actvprof=,0.052064, id=,B05, PRDE,actvstrat=,0.408398, actvprof=,0.748495, id=,B06, PRDE,actvstrat=,0.467773, actvprof=,2.223093, id=,B09, PRDE,actvstrat=,0.372539, actvprof=,6.742337, id=,S00, PRDE,actvstrat=,0.942834, actvprof=,6.075857, id=,S02, PRDE,actvstrat=,0.821159, actvprof=,2.295031, id=,S05, PRDE,actvstrat=,0.901282, actvprof=,0.073338, id=,S06, PRDE,actvstrat=,0.984393, actvprof=,0.040868, id=,S07, PRDE,actvstrat=,0.767634, actvprof=,0.000000, best_B_id=,B09, best_B_prof=,6.742337, best_B_strat=,0.372539, best_S_id=,S00, best_S_prof=,6.075857, best_S_strat=,0.942834, 
t=,4197600, id=,B02, PRDE,actvstrat=,-0.921562, actvprof=,0.010457, id=,B03, PRDE,actvstrat=,0.728349, actvprof=,0.048380, id=,B05, PRDE,actvstrat=,0.408398, actvprof=,0.754833, id=,B06, PRDE,actvstrat=,0.467773, actvprof=,2.218768, id=,B09, PRDE,actvstrat=,0.372539, actvprof=,6.832812, id=,S00, PRDE,actvstrat=,0.942834, actvprof=,6.070450, id=,S02, PRDE,actvstrat=,0.821159, actvprof=,2.261989, id=,S05, PRDE,actvstrat=,0.901282, actvprof=,0.057860, id=,S06, PRDE,actvstrat=,0.984393, actvprof=,0.037086, id=,S07, PRDE,actvstrat=,0.767634, actvprof=,0.000279, best_B_id=,B09, best_B_prof=,6.832812, best_B_strat=,0.372539, best_S_id=,S00, best_S_prof=,6.070450, best_S_strat=,0.942834, 
t=,4201200, id=,B02, PRDE,actvstrat=,-0.921562, actvprof=,0.012877, id=,B03, PRDE,actvstrat=,0.728349, actvprof=,0.051787, id=,B05, PRDE,actvstrat=,0.408398, actvprof=,0.663709, id=,B06, PRDE,actvstrat=,0.467773, actvprof=,2.040114, id=,B09, PRDE,actvstrat=,0.372539, actvprof=,6.869708, id=,S00, PRDE,actvstrat=,0.942834, actvprof=,6.059597, id=,S02, PRDE,actvstrat=,0.821159, actvprof=,2.333198, id=,S05, PRDE,actvstrat=,0.922641, actvprof=,0.057945, id=,S06, PRDE,actvstrat=,0.984393, actvprof=,0.035271, id=,S07, PRDE,actvstrat=,-0.564651, actvprof=,0.000000, best_B_id=,B09, best_B_prof=,6.869708, best_B_strat=,0.372539, best_S_id=,S00, best_S_prof=,6.059597, best_S_strat=,0.942834, 
t=,4204800, id=,B02, PRDE,actvstrat=,-0.921562, actvprof=,0.016034, id=,B03, PRDE,actvstrat=,0.728349, actvprof=,0.041130, id=,B05, PRDE,actvstrat=,0.408398, actvprof=,0.743829, id=,B06, PRDE,actvstrat=,0.467773, actvprof=,2.130822, id=,B09, PRDE,actvstrat=,0.372539, actvprof=,6.824402, id=,S00, PRDE,actvstrat=,0.942834, actvprof=,6.035958, id=,S02, PRDE,actvstrat=,0.821159, actvprof=,2.210294, id=,S05, PRDE,actvstrat=,0.922641, actvprof=,0.072501, id=,S06, PRDE,actvstrat=,0.984393, actvprof=,0.045731, id=,S07, PRDE,actvstrat=,-0.564651, actvprof=,0.000000, best_B_id=,B09, best_B_prof=,6.824402, best_B_strat=,0.372539, best_S_id=,S00, best_S_prof=,6.035958, best_S_strat=,0.942834, 
t=,4208400, id=,B02, PRDE,actvstrat=,-0.921562, actvprof=,0.013716, id=,B03, PRDE,actvstrat=,0.728349, actvprof=,0.025193, id=,B05, PRDE,actvstrat=,0.408398, actvprof=,0.692252, id=,B06, PRDE,actvstrat=,0.467773, actvprof=,2.130780, id=,B09, PRDE,actvstrat=,0.372539, actvprof=,6.705856, id=,S00, PRDE,actvstrat=,0.942834, actvprof=,6.103460, id=,S02, PRDE,actvstrat=,0.821159, actvprof=,2.382432, id=,S05, PRDE,actvstrat=,0.922641, actvprof=,0.079498, id=,S06, PRDE,actvstrat=,0.984393, actvprof=,0.028272, id=,S07, PRDE,actvstrat=,0.767634, actvprof=,0.000000, best_B_id=,B09, best_B_prof=,6.705856, best_B_strat=,0.372539, best_S_id=,S00, best_S_prof=,6.103460, best_S_strat=,0.942834, 
t=,4212000, id=,B02, PRDE,actvstrat=,-0.921562, actvprof=,0.013245, id=,B03, PRDE,actvstrat=,0.728349, actvprof=,0.024957, id=,B05, PRDE,actvstrat=,0.408398, actvprof=,0.725290, id=,B06, PRDE,actvstrat=,0.467773, actvprof=,2.116476, id=,B09, PRDE,actvstrat=,0.372539, actvprof=,6.823334, id=,S00, PRDE,actvstrat=,0.942834, actvprof=,6.107385, id=,S02, PRDE,actvstrat=,0.821159, actvprof=,2.310138, id=,S05, PRDE,actvstrat=,0.922641, actvprof=,0.072641, id=,S06, PRDE,actvstrat=,0.984393, actvprof=,0.026770, id=,S07, PRDE,actvstrat=,0.767634, actvprof=,0.000000, best_B_id=,B09, best_B_prof=,6.823334, best_B_strat=,0.372539, best_S_id=,S00, best_S_prof=,6.107385, best_S_strat=,0.942834, 
t=,4215600, id=,B02, PRDE,actvstrat=,-0.921562, actvprof=,0.006719, id=,B03, PRDE,actvstrat=,0.728349, actvprof=,0.034992, id=,B05, PRDE,actvstrat=,-0.547168, actvprof=,0.381278, id=,B06, PRDE,actvstrat=,0.467773, actvprof=,2.698617, id=,B09, PRDE,actvstrat=,-0.017013, actvprof=,6.791333, id=,S00, PRDE,actvstrat=,0.942834, actvprof=,5.443704, id=,S02, PRDE,actvstrat=,0.821159, actvprof=,1.571581, id=,S05, PRDE,actvstrat=,0.922641, actvprof=,0.050389, id=,S06, PRDE,actvstrat=,0.984393, actvprof=,0.013157, id=,S07, PRDE,actvstrat=,0.767634, actvprof=,0.000000, best_B_id=,B09, best_B_prof=,6.791333, best_B_strat=,-0.017013, best_S_id=,S00, best_S_prof=,5.443704, best_S_strat=,0.942834, 
t=,4219200, id=,B02, PRDE,actvstrat=,-0.921562, actvprof=,0.006553, id=,B03, PRDE,actvstrat=,0.728349, actvprof=,0.040852, id=,B05, PRDE,actvstrat=,-0.547168, actvprof=,0.383007, id=,B06, PRDE,actvstrat=,0.467773, actvprof=,2.711581, id=,B09, PRDE,actvstrat=,-0.017013, actvprof=,6.748696, id=,S00, PRDE,actvstrat=,0.942834, actvprof=,5.451326, id=,S02, PRDE,actvstrat=,0.821159, actvprof=,1.637852, id=,S05, PRDE,actvstrat=,0.922641, actvprof=,0.041689, id=,S06, PRDE,actvstrat=,0.984393, actvprof=,0.014082, id=,S07, PRDE,actvstrat=,0.767634, actvprof=,0.000000, best_B_id=,B09, best_B_prof=,6.748696, best_B_strat=,-0.017013, best_S_id=,S00, best_S_prof=,5.451326, best_S_strat=,0.942834, 
t=,4222800, id=,B02, PRDE,actvstrat=,-0.921562, actvprof=,0.009238, id=,B03, PRDE,actvstrat=,0.728349, actvprof=,0.049269, id=,B05, PRDE,actvstrat=,0.408398, actvprof=,0.909244, id=,B06, PRDE,actvstrat=,0.123518, actvprof=,1.960137, id=,B09, PRDE,actvstrat=,0.372539, actvprof=,7.195846, id=,S00, PRDE,actvstrat=,0.942834, actvprof=,5.819383, id=,S02, PRDE,actvstrat=,0.821159, actvprof=,1.993729, id=,S05, PRDE,actvstrat=,0.922641, actvprof=,0.049549, id=,S06, PRDE,actvstrat=,0.984393, actvprof=,0.028274, id=,S07, PRDE,actvstrat=,0.767634, actvprof=,0.000000, best_B_id=,B09, best_B_prof=,7.195846, best_B_strat=,0.372539, best_S_id=,S00, best_S_prof=,5.819383, best_S_strat=,0.942834, 
t=,4226400, id=,B02, PRDE,actvstrat=,-0.921562, actvprof=,0.010039, id=,B03, PRDE,actvstrat=,0.728349, actvprof=,0.046708, id=,B05, PRDE,actvstrat=,0.408398, actvprof=,0.890946, id=,B06, PRDE,actvstrat=,0.123518, actvprof=,1.929547, id=,B09, PRDE,actvstrat=,0.372539, actvprof=,7.012820, id=,S00, PRDE,actvstrat=,0.942834, actvprof=,5.828796, id=,S02, PRDE,actvstrat=,0.821159, actvprof=,2.010694, id=,S05, PRDE,actvstrat=,0.922641, actvprof=,0.060233, id=,S06, PRDE,actvstrat=,0.984393, actvprof=,0.029140, id=,S07, PRDE,actvstrat=,0.767634, actvprof=,0.000139, best_B_id=,B09, best_B_prof=,7.012820, best_B_strat=,0.372539, best_S_id=,S00, best_S_prof=,5.828796, best_S_strat=,0.942834, 
t=,4230000, id=,B02, PRDE,actvstrat=,-0.897128, actvprof=,0.004479, id=,B03, PRDE,actvstrat=,0.717296, actvprof=,0.029394, id=,B05, PRDE,actvstrat=,-0.547168, actvprof=,0.381288, id=,B06, PRDE,actvstrat=,0.467773, actvprof=,2.716609, id=,B09, PRDE,actvstrat=,-0.017013, actvprof=,6.704180, id=,S00, PRDE,actvstrat=,0.942834, actvprof=,5.457294, id=,S02, PRDE,actvstrat=,0.821159, actvprof=,1.676045, id=,S05, PRDE,actvstrat=,0.922641, actvprof=,0.033594, id=,S06, PRDE,actvstrat=,0.984393, actvprof=,0.020436, id=,S07, PRDE,actvstrat=,0.767634, actvprof=,0.000000, best_B_id=,B09, best_B_prof=,6.704180, best_B_strat=,-0.017013, best_S_id=,S00, best_S_prof=,5.457294, best_S_strat=,0.942834, 
t=,4233600, id=,B02, PRDE,actvstrat=,-0.897128, actvprof=,0.006553, id=,B03, PRDE,actvstrat=,0.717296, actvprof=,0.035973, id=,B05, PRDE,actvstrat=,-0.547168, actvprof=,0.401556, id=,B06, PRDE,actvstrat=,0.467773, actvprof=,2.735879, id=,B09, PRDE,actvstrat=,-0.017013, actvprof=,6.646031, id=,S00, PRDE,actvstrat=,0.942834, actvprof=,5.456561, id=,S02, PRDE,actvstrat=,0.821159, actvprof=,1.616681, id=,S05, PRDE,actvstrat=,0.922641, actvprof=,0.030117, id=,S06, PRDE,actvstrat=,0.984393, actvprof=,0.021612, id=,S07, PRDE,actvstrat=,0.767634, actvprof=,0.000000, best_B_id=,B09, best_B_prof=,6.646031, best_B_strat=,-0.017013, best_S_id=,S00, best_S_prof=,5.456561, best_S_strat=,0.942834, 
t=,4237200, id=,B02, PRDE,actvstrat=,-0.921562, actvprof=,0.014837, id=,B03, PRDE,actvstrat=,0.728349, actvprof=,0.044232, id=,B05, PRDE,actvstrat=,-0.547168, actvprof=,0.384088, id=,B06, PRDE,actvstrat=,0.467773, actvprof=,2.582514, id=,B09, PRDE,actvstrat=,0.372539, actvprof=,7.525265, id=,S00, PRDE,actvstrat=,0.942834, actvprof=,5.536239, id=,S02, PRDE,actvstrat=,0.821159, actvprof=,1.710198, id=,S05, PRDE,actvstrat=,0.922641, actvprof=,0.057109, id=,S06, PRDE,actvstrat=,0.984393, actvprof=,0.024075, id=,S07, PRDE,actvstrat=,0.767634, actvprof=,0.000000, best_B_id=,B09, best_B_prof=,7.525265, best_B_strat=,0.372539, best_S_id=,S00, best_S_prof=,5.536239, best_S_strat=,0.942834, 
t=,4240800, id=,B02, PRDE,actvstrat=,-0.921562, actvprof=,0.010597, id=,B03, PRDE,actvstrat=,0.728349, actvprof=,0.040016, id=,B05, PRDE,actvstrat=,-0.547168, actvprof=,0.383009, id=,B06, PRDE,actvstrat=,0.467773, actvprof=,2.657502, id=,B09, PRDE,actvstrat=,0.372539, actvprof=,7.454808, id=,S00, PRDE,actvstrat=,0.942834, actvprof=,5.590374, id=,S02, PRDE,actvstrat=,0.821159, actvprof=,1.710366, id=,S05, PRDE,actvstrat=,0.922641, actvprof=,0.053959, id=,S06, PRDE,actvstrat=,0.984393, actvprof=,0.023842, id=,S07, PRDE,actvstrat=,0.767634, actvprof=,0.000279, best_B_id=,B09, best_B_prof=,7.454808, best_B_strat=,0.372539, best_S_id=,S00, best_S_prof=,5.590374, best_S_strat=,0.942834, 
t=,4244400, id=,B02, PRDE,actvstrat=,-0.921562, actvprof=,0.021556, id=,B03, PRDE,actvstrat=,0.728349, actvprof=,0.061308, id=,B05, PRDE,actvstrat=,0.408398, actvprof=,0.798970, id=,B06, PRDE,actvstrat=,0.467773, actvprof=,2.031578, id=,B09, PRDE,actvstrat=,0.372539, actvprof=,6.582962, id=,S00, PRDE,actvstrat=,0.942834, actvprof=,6.047703, id=,S02, PRDE,actvstrat=,0.821159, actvprof=,2.394390, id=,S05, PRDE,actvstrat=,0.901282, actvprof=,0.156771, id=,S06, PRDE,actvstrat=,0.540734, actvprof=,0.004759, id=,S07, PRDE,actvstrat=,-0.564651, actvprof=,0.000000, best_B_id=,B09, best_B_prof=,6.582962, best_B_strat=,0.372539, best_S_id=,S00, best_S_prof=,6.047703, best_S_strat=,0.942834, 
t=,4248000, id=,B02, PRDE,actvstrat=,-0.921562, actvprof=,0.017150, id=,B03, PRDE,actvstrat=,0.728349, actvprof=,0.060792, id=,B05, PRDE,actvstrat=,0.408398, actvprof=,0.789320, id=,B06, PRDE,actvstrat=,0.467773, actvprof=,2.004601, id=,B09, PRDE,actvstrat=,0.372539, actvprof=,6.484244, id=,S00, PRDE,actvstrat=,0.942834, actvprof=,6.019799, id=,S02, PRDE,actvstrat=,0.821159, actvprof=,2.316230, id=,S05, PRDE,actvstrat=,0.901282, actvprof=,0.163971, id=,S06, PRDE,actvstrat=,0.540734, actvprof=,0.009900, id=,S07, PRDE,actvstrat=,-0.564651, actvprof=,0.000000, best_B_id=,B09, best_B_prof=,6.484244, best_B_strat=,0.372539, best_S_id=,S00, best_S_prof=,6.019799, best_S_strat=,0.942834, 
t=,4251600, id=,B02, PRDE,actvstrat=,-0.921562, actvprof=,0.015677, id=,B03, PRDE,actvstrat=,0.717296, actvprof=,0.040594, id=,B05, PRDE,actvstrat=,0.408398, actvprof=,0.782475, id=,B06, PRDE,actvstrat=,0.467773, actvprof=,2.178611, id=,B09, PRDE,actvstrat=,0.372539, actvprof=,6.734602, id=,S00, PRDE,actvstrat=,0.942834, actvprof=,5.956327, id=,S02, PRDE,actvstrat=,0.821159, actvprof=,2.185050, id=,S05, PRDE,actvstrat=,0.901282, actvprof=,0.065510, id=,S06, PRDE,actvstrat=,0.984393, actvprof=,0.043393, id=,S07, PRDE,actvstrat=,0.767634, actvprof=,0.000000, best_B_id=,B09, best_B_prof=,6.734602, best_B_strat=,0.372539, best_S_id=,S00, best_S_prof=,5.956327, best_S_strat=,0.942834, 
t=,4255200, id=,B02, PRDE,actvstrat=,-0.921562, actvprof=,0.017568, id=,B03, PRDE,actvstrat=,0.717296, actvprof=,0.037925, id=,B05, PRDE,actvstrat=,0.408398, actvprof=,0.790006, id=,B06, PRDE,actvstrat=,0.467773, actvprof=,2.244113, id=,B09, PRDE,actvstrat=,0.372539, actvprof=,6.719650, id=,S00, PRDE,actvstrat=,0.942834, actvprof=,5.915143, id=,S02, PRDE,actvstrat=,0.821159, actvprof=,2.120578, id=,S05, PRDE,actvstrat=,0.901282, actvprof=,0.066926, id=,S06, PRDE,actvstrat=,0.984393, actvprof=,0.042805, id=,S07, PRDE,actvstrat=,0.767634, actvprof=,0.000000, best_B_id=,B09, best_B_prof=,6.719650, best_B_strat=,0.372539, best_S_id=,S00, best_S_prof=,5.915143, best_S_strat=,0.942834, 
t=,4258800, id=,B02, PRDE,actvstrat=,-0.921562, actvprof=,0.014558, id=,B03, PRDE,actvstrat=,0.728349, actvprof=,0.059072, id=,B05, PRDE,actvstrat=,0.408398, actvprof=,0.800694, id=,B06, PRDE,actvstrat=,0.467773, actvprof=,2.111761, id=,B09, PRDE,actvstrat=,-0.017013, actvprof=,5.900781, id=,S00, PRDE,actvstrat=,0.993066, actvprof=,6.011646, id=,S02, PRDE,actvstrat=,0.821159, actvprof=,2.206109, id=,S05, PRDE,actvstrat=,0.922641, actvprof=,0.071111, id=,S06, PRDE,actvstrat=,0.984393, actvprof=,0.036675, id=,S07, PRDE,actvstrat=,0.767634, actvprof=,0.002240, best_B_id=,B09, best_B_prof=,5.900781, best_B_strat=,-0.017013, best_S_id=,S00, best_S_prof=,6.011646, best_S_strat=,0.993066, 
t=,4262400, id=,B02, PRDE,actvstrat=,-0.921562, actvprof=,0.020915, id=,B03, PRDE,actvstrat=,0.728349, actvprof=,0.052566, id=,B05, PRDE,actvstrat=,0.408398, actvprof=,0.804250, id=,B06, PRDE,actvstrat=,0.467773, actvprof=,2.200533, id=,B09, PRDE,actvstrat=,-0.017013, actvprof=,6.065478, id=,S00, PRDE,actvstrat=,0.993066, actvprof=,5.980145, id=,S02, PRDE,actvstrat=,0.821159, actvprof=,2.188960, id=,S05, PRDE,actvstrat=,0.922641, actvprof=,0.065534, id=,S06, PRDE,actvstrat=,0.984393, actvprof=,0.027887, id=,S07, PRDE,actvstrat=,0.767634, actvprof=,0.001534, best_B_id=,B09, best_B_prof=,6.065478, best_B_strat=,-0.017013, best_S_id=,S00, best_S_prof=,5.980145, best_S_strat=,0.993066, 
t=,4266000, id=,B02, PRDE,actvstrat=,-0.921562, actvprof=,0.008119, id=,B03, PRDE,actvstrat=,0.728349, actvprof=,0.043675, id=,B05, PRDE,actvstrat=,0.408398, actvprof=,0.841861, id=,B06, PRDE,actvstrat=,0.467773, actvprof=,2.348083, id=,B09, PRDE,actvstrat=,-0.017013, actvprof=,6.025449, id=,S00, PRDE,actvstrat=,0.942834, actvprof=,5.890225, id=,S02, PRDE,actvstrat=,0.821159, actvprof=,2.126349, id=,S05, PRDE,actvstrat=,0.922641, actvprof=,0.065232, id=,S06, PRDE,actvstrat=,0.984393, actvprof=,0.027997, id=,S07, PRDE,actvstrat=,0.767634, actvprof=,0.001680, best_B_id=,B09, best_B_prof=,6.025449, best_B_strat=,-0.017013, best_S_id=,S00, best_S_prof=,5.890225, best_S_strat=,0.942834, 
t=,4269600, id=,B02, PRDE,actvstrat=,-0.921562, actvprof=,0.013246, id=,B03, PRDE,actvstrat=,0.728349, actvprof=,0.047826, id=,B05, PRDE,actvstrat=,0.408398, actvprof=,0.839253, id=,B06, PRDE,actvstrat=,0.467773, actvprof=,2.369681, id=,B09, PRDE,actvstrat=,-0.017013, actvprof=,6.004169, id=,S00, PRDE,actvstrat=,0.942834, actvprof=,5.886347, id=,S02, PRDE,actvstrat=,0.821159, actvprof=,2.131946, id=,S05, PRDE,actvstrat=,0.922641, actvprof=,0.059399, id=,S06, PRDE,actvstrat=,0.984393, actvprof=,0.028026, id=,S07, PRDE,actvstrat=,0.767634, actvprof=,0.000837, best_B_id=,B09, best_B_prof=,6.004169, best_B_strat=,-0.017013, best_S_id=,S00, best_S_prof=,5.886347, best_S_strat=,0.942834, 
t=,4273200, id=,B02, PRDE,actvstrat=,-0.921562, actvprof=,0.008679, id=,B03, PRDE,actvstrat=,0.728349, actvprof=,0.025477, id=,B05, PRDE,actvstrat=,-0.547168, actvprof=,0.362842, id=,B06, PRDE,actvstrat=,0.467773, actvprof=,2.544935, id=,B09, PRDE,actvstrat=,0.372539, actvprof=,7.477182, id=,S00, PRDE,actvstrat=,0.942834, actvprof=,5.588779, id=,S02, PRDE,actvstrat=,0.821159, actvprof=,1.775575, id=,S05, PRDE,actvstrat=,0.922641, actvprof=,0.038916, id=,S06, PRDE,actvstrat=,0.984393, actvprof=,0.026597, id=,S07, PRDE,actvstrat=,0.767634, actvprof=,0.000000, best_B_id=,B09, best_B_prof=,7.477182, best_B_strat=,0.372539, best_S_id=,S00, best_S_prof=,5.588779, best_S_strat=,0.942834, 
t=,4276800, id=,B02, PRDE,actvstrat=,-0.921562, actvprof=,0.010597, id=,B03, PRDE,actvstrat=,0.728349, actvprof=,0.037229, id=,B05, PRDE,actvstrat=,-0.547168, actvprof=,0.397250, id=,B06, PRDE,actvstrat=,0.467773, actvprof=,2.585265, id=,B09, PRDE,actvstrat=,0.372539, actvprof=,7.438161, id=,S00, PRDE,actvstrat=,0.942834, actvprof=,5.510750, id=,S02, PRDE,actvstrat=,0.821159, actvprof=,1.681307, id=,S05, PRDE,actvstrat=,0.922641, actvprof=,0.036114, id=,S06, PRDE,actvstrat=,0.984393, actvprof=,0.019381, id=,S07, PRDE,actvstrat=,0.767634, actvprof=,0.000000, best_B_id=,B09, best_B_prof=,7.438161, best_B_strat=,0.372539, best_S_id=,S00, best_S_prof=,5.510750, best_S_strat=,0.942834, 
t=,4280400, id=,B02, PRDE,actvstrat=,-0.921562, actvprof=,0.010919, id=,B03, PRDE,actvstrat=,0.728349, actvprof=,0.042556, id=,B05, PRDE,actvstrat=,0.408398, actvprof=,0.864842, id=,B06, PRDE,actvstrat=,0.123518, actvprof=,1.855113, id=,B09, PRDE,actvstrat=,0.372539, actvprof=,7.085882, id=,S00, PRDE,actvstrat=,0.942834, actvprof=,5.915308, id=,S02, PRDE,actvstrat=,0.821159, actvprof=,2.034857, id=,S05, PRDE,actvstrat=,0.922641, actvprof=,0.061594, id=,S06, PRDE,actvstrat=,0.984393, actvprof=,0.021838, id=,S07, PRDE,actvstrat=,0.767634, actvprof=,0.000000, best_B_id=,B09, best_B_prof=,7.085882, best_B_strat=,0.372539, best_S_id=,S00, best_S_prof=,5.915308, best_S_strat=,0.942834, 
t=,4284000, id=,B02, PRDE,actvstrat=,-0.921562, actvprof=,0.011434, id=,B03, PRDE,actvstrat=,0.728349, actvprof=,0.045456, id=,B05, PRDE,actvstrat=,0.408398, actvprof=,0.877471, id=,B06, PRDE,actvstrat=,0.123518, actvprof=,1.879597, id=,B09, PRDE,actvstrat=,0.372539, actvprof=,7.036776, id=,S00, PRDE,actvstrat=,0.942834, actvprof=,5.892704, id=,S02, PRDE,actvstrat=,0.821159, actvprof=,2.103531, id=,S05, PRDE,actvstrat=,0.922641, actvprof=,0.071391, id=,S06, PRDE,actvstrat=,0.984393, actvprof=,0.036811, id=,S07, PRDE,actvstrat=,0.767634, actvprof=,0.000279, best_B_id=,B09, best_B_prof=,7.036776, best_B_strat=,0.372539, best_S_id=,S00, best_S_prof=,5.892704, best_S_strat=,0.942834, 
t=,4287600, id=,B02, PRDE,actvstrat=,-0.921562, actvprof=,0.013159, id=,B03, PRDE,actvstrat=,0.728349, actvprof=,0.054876, id=,B05, PRDE,actvstrat=,-0.547168, actvprof=,0.421368, id=,B06, PRDE,actvstrat=,0.467773, actvprof=,2.581124, id=,B09, PRDE,actvstrat=,-0.017013, actvprof=,6.608618, id=,S00, PRDE,actvstrat=,0.942834, actvprof=,5.526500, id=,S02, PRDE,actvstrat=,0.821159, actvprof=,1.683512, id=,S05, PRDE,actvstrat=,0.922641, actvprof=,0.065515, id=,S06, PRDE,actvstrat=,0.540734, actvprof=,0.000560, id=,S07, PRDE,actvstrat=,0.767634, actvprof=,0.001400, best_B_id=,B09, best_B_prof=,6.608618, best_B_strat=,-0.017013, best_S_id=,S00, best_S_prof=,5.526500, best_S_strat=,0.942834, 
t=,4291200, id=,B02, PRDE,actvstrat=,-0.921562, actvprof=,0.012689, id=,B03, PRDE,actvstrat=,0.728349, actvprof=,0.056750, id=,B05, PRDE,actvstrat=,-0.547168, actvprof=,0.428905, id=,B06, PRDE,actvstrat=,0.467773, actvprof=,2.526580, id=,B09, PRDE,actvstrat=,-0.017013, actvprof=,6.666016, id=,S00, PRDE,actvstrat=,0.942834, actvprof=,5.521665, id=,S02, PRDE,actvstrat=,0.821159, actvprof=,1.774741, id=,S05, PRDE,actvstrat=,0.922641, actvprof=,0.061352, id=,S06, PRDE,actvstrat=,0.540734, actvprof=,0.003486, id=,S07, PRDE,actvstrat=,0.767634, actvprof=,0.000837, best_B_id=,B09, best_B_prof=,6.666016, best_B_strat=,-0.017013, best_S_id=,S00, best_S_prof=,5.521665, best_S_strat=,0.942834, 
t=,4294800, id=,B02, PRDE,actvstrat=,-0.921562, actvprof=,0.031358, id=,B03, PRDE,actvstrat=,0.728349, actvprof=,0.032198, id=,B05, PRDE,actvstrat=,0.408398, actvprof=,0.751463, id=,B06, PRDE,actvstrat=,0.467773, actvprof=,2.085562, id=,B09, PRDE,actvstrat=,0.372539, actvprof=,6.614217, id=,S00, PRDE,actvstrat=,0.993066, actvprof=,5.950388, id=,S02, PRDE,actvstrat=,0.821159, actvprof=,2.329143, id=,S05, PRDE,actvstrat=,0.922641, actvprof=,0.060755, id=,S06, PRDE,actvstrat=,0.984393, actvprof=,0.032478, id=,S07, PRDE,actvstrat=,0.767634, actvprof=,0.000000, best_B_id=,B09, best_B_prof=,6.614217, best_B_strat=,0.372539, best_S_id=,S00, best_S_prof=,5.950388, best_S_strat=,0.993066, 
t=,4298400, id=,B02, PRDE,actvstrat=,-0.921562, actvprof=,0.028445, id=,B03, PRDE,actvstrat=,0.728349, actvprof=,0.033744, id=,B05, PRDE,actvstrat=,0.408398, actvprof=,0.760355, id=,B06, PRDE,actvstrat=,0.467773, actvprof=,2.134516, id=,B09, PRDE,actvstrat=,0.372539, actvprof=,6.771106, id=,S00, PRDE,actvstrat=,0.993066, actvprof=,5.942844, id=,S02, PRDE,actvstrat=,0.821159, actvprof=,2.267540, id=,S05, PRDE,actvstrat=,0.922641, actvprof=,0.056612, id=,S06, PRDE,actvstrat=,0.984393, actvprof=,0.033047, id=,S07, PRDE,actvstrat=,0.767634, actvprof=,0.001673, best_B_id=,B09, best_B_prof=,6.771106, best_B_strat=,0.372539, best_S_id=,S00, best_S_prof=,5.942844, best_S_strat=,0.993066, 
t=,4302000, id=,B02, PRDE,actvstrat=,-0.921562, actvprof=,0.011199, id=,B03, PRDE,actvstrat=,0.717296, actvprof=,0.061317, id=,B05, PRDE,actvstrat=,-0.547168, actvprof=,0.425300, id=,B06, PRDE,actvstrat=,0.467773, actvprof=,2.640833, id=,B09, PRDE,actvstrat=,0.372539, actvprof=,7.328928, id=,S00, PRDE,actvstrat=,0.942834, actvprof=,5.552973, id=,S02, PRDE,actvstrat=,0.821159, actvprof=,1.741516, id=,S05, PRDE,actvstrat=,0.922641, actvprof=,0.036398, id=,S06, PRDE,actvstrat=,0.984393, actvprof=,0.019599, id=,S07, PRDE,actvstrat=,0.767634, actvprof=,0.001120, best_B_id=,B09, best_B_prof=,7.328928, best_B_strat=,0.372539, best_S_id=,S00, best_S_prof=,5.552973, best_S_strat=,0.942834, 
t=,4305600, id=,B02, PRDE,actvstrat=,-0.921562, actvprof=,0.012828, id=,B03, PRDE,actvstrat=,0.717296, actvprof=,0.055357, id=,B05, PRDE,actvstrat=,-0.547168, actvprof=,0.397261, id=,B06, PRDE,actvstrat=,0.467773, actvprof=,2.634837, id=,B09, PRDE,actvstrat=,0.372539, actvprof=,7.351776, id=,S00, PRDE,actvstrat=,0.942834, actvprof=,5.569747, id=,S02, PRDE,actvstrat=,0.821159, actvprof=,1.698087, id=,S05, PRDE,actvstrat=,0.922641, actvprof=,0.044342, id=,S06, PRDE,actvstrat=,0.984393, actvprof=,0.020358, id=,S07, PRDE,actvstrat=,0.767634, actvprof=,0.000558, best_B_id=,B09, best_B_prof=,7.351776, best_B_strat=,0.372539, best_S_id=,S00, best_S_prof=,5.569747, best_S_strat=,0.942834, 
t=,4309200, id=,B02, PRDE,actvstrat=,-0.921562, actvprof=,0.012040, id=,B03, PRDE,actvstrat=,0.728349, actvprof=,0.057678, id=,B05, PRDE,actvstrat=,0.408398, actvprof=,0.802173, id=,B06, PRDE,actvstrat=,0.467773, actvprof=,2.205205, id=,B09, PRDE,actvstrat=,0.372539, actvprof=,6.629615, id=,S00, PRDE,actvstrat=,0.942834, actvprof=,6.156151, id=,S02, PRDE,actvstrat=,0.821159, actvprof=,2.253643, id=,S05, PRDE,actvstrat=,0.922641, actvprof=,0.084557, id=,S06, PRDE,actvstrat=,0.984393, actvprof=,0.025479, id=,S07, PRDE,actvstrat=,0.767634, actvprof=,0.000000, best_B_id=,B09, best_B_prof=,6.629615, best_B_strat=,0.372539, best_S_id=,S00, best_S_prof=,6.156151, best_S_strat=,0.942834, 
t=,4312800, id=,B02, PRDE,actvstrat=,-0.921562, actvprof=,0.010876, id=,B03, PRDE,actvstrat=,0.728349, actvprof=,0.046572, id=,B05, PRDE,actvstrat=,0.408398, actvprof=,0.785454, id=,B06, PRDE,actvstrat=,0.467773, actvprof=,2.229194, id=,B09, PRDE,actvstrat=,0.372539, actvprof=,6.826881, id=,S00, PRDE,actvstrat=,0.942834, actvprof=,6.088418, id=,S02, PRDE,actvstrat=,0.821159, actvprof=,2.256663, id=,S05, PRDE,actvstrat=,0.922641, actvprof=,0.075575, id=,S06, PRDE,actvstrat=,0.984393, actvprof=,0.024123, id=,S07, PRDE,actvstrat=,0.767634, actvprof=,0.000000, best_B_id=,B09, best_B_prof=,6.826881, best_B_strat=,0.372539, best_S_id=,S00, best_S_prof=,6.088418, best_S_strat=,0.942834, 
t=,4316400, id=,B02, PRDE,actvstrat=,-0.921562, actvprof=,0.018200, id=,B03, PRDE,actvstrat=,0.717296, actvprof=,0.033319, id=,B05, PRDE,actvstrat=,0.408398, actvprof=,0.747305, id=,B06, PRDE,actvstrat=,0.467773, actvprof=,2.226235, id=,B09, PRDE,actvstrat=,0.372539, actvprof=,6.751225, id=,S00, PRDE,actvstrat=,0.942834, actvprof=,5.964161, id=,S02, PRDE,actvstrat=,0.821159, actvprof=,2.221476, id=,S05, PRDE,actvstrat=,0.922641, actvprof=,0.078118, id=,S06, PRDE,actvstrat=,0.984393, actvprof=,0.027159, id=,S07, PRDE,actvstrat=,0.767634, actvprof=,0.000000, best_B_id=,B09, best_B_prof=,6.751225, best_B_strat=,0.372539, best_S_id=,S00, best_S_prof=,5.964161, best_S_strat=,0.942834, 
