t=,3600, id=,B00, PRDE,actvstrat=,-0.226199, actvprof=,0.000000, id=,B03, PRDE,actvstrat=,0.472186, actvprof=,0.006111, id=,B05, PRDE,actvstrat=,0.733119, actvprof=,1.330815, id=,B06, PRDE,actvstrat=,-0.041939, actvprof=,1.592200, id=,B08, PRDE,actvstrat=,-0.853559, actvprof=,2.306079, id=,S01, PRDE,actvstrat=,0.249863, actvprof=,3.037180, id=,S02, PRDE,actvstrat=,0.078167, actvprof=,1.269427, id=,S07, PRDE,actvstrat=,-0.713753, actvprof=,0.000000, id=,S08, PRDE,actvstrat=,-0.640784, actvprof=,0.000000, id=,S09, PRDE,actvstrat=,-0.288610, actvprof=,0.000000, best_B_id=,B08, best_B_prof=,2.306079, best_B_strat=,-0.853559, best_S_id=,S01, best_S_prof=,3.037180, best_S_strat=,0.249863, 
t=,7200, id=,B00, PRDE,actvstrat=,0.649844, actvprof=,0.000000, id=,B03, PRDE,actvstrat=,-0.333942, actvprof=,0.000000, id=,B05, PRDE,actvstrat=,0.357303, actvprof=,0.000000, id=,B06, PRDE,actvstrat=,0.222452, actvprof=,0.000000, id=,B08, PRDE,actvstrat=,-0.987961, actvprof=,0.000000, id=,S01, PRDE,actvstrat=,-0.434646, actvprof=,0.000000, id=,S02, PRDE,actvstrat=,0.060565, actvprof=,0.000000, id=,S07, PRDE,actvstrat=,0.750794, actvprof=,0.000000, id=,S08, PRDE,actvstrat=,0.964811, actvprof=,0.000000, id=,S09, PRDE,actvstrat=,-0.230600, actvprof=,0.000000, best_B_id=,B00, best_B_prof=,0.000000, best_B_strat=,0.649844, best_S_id=,S01, best_S_prof=,0.000000, best_S_strat=,-0.434646, 
t=,10800, id=,B00, PRDE,actvstrat=,0.649844, actvprof=,0.000000, id=,B03, PRDE,actvstrat=,-0.333942, actvprof=,0.000000, id=,B05, PRDE,actvstrat=,0.357303, actvprof=,0.874698, id=,B06, PRDE,actvstrat=,0.222452, actvprof=,2.184662, id=,B08, PRDE,actvstrat=,-0.987961, actvprof=,2.718258, id=,S01, PRDE,actvstrat=,-0.434646, actvprof=,1.401906, id=,S02, PRDE,actvstrat=,0.060565, actvprof=,1.314408, id=,S07, PRDE,actvstrat=,0.750794, actvprof=,0.000000, id=,S08, PRDE,actvstrat=,0.964811, actvprof=,0.000000, id=,S09, PRDE,actvstrat=,-0.230600, actvprof=,0.000000, best_B_id=,B08, best_B_prof=,2.718258, best_B_strat=,-0.987961, best_S_id=,S01, best_S_prof=,1.401906, best_S_strat=,-0.434646, 
t=,14400, id=,B00, PRDE,actvstrat=,-0.426347, actvprof=,0.000000, id=,B03, PRDE,actvstrat=,-0.358566, actvprof=,0.000000, id=,B05, PRDE,actvstrat=,0.948084, actvprof=,0.000000, id=,B06, PRDE,actvstrat=,0.222452, actvprof=,0.000000, id=,B08, PRDE,actvstrat=,0.849762, actvprof=,0.000000, id=,S01, PRDE,actvstrat=,-0.074900, actvprof=,0.000000, id=,S02, PRDE,actvstrat=,0.719364, actvprof=,0.000000, id=,S07, PRDE,actvstrat=,0.664833, actvprof=,0.000000, id=,S08, PRDE,actvstrat=,0.964811, actvprof=,0.000000, id=,S09, PRDE,actvstrat=,0.972731, actvprof=,0.000000, best_B_id=,B00, best_B_prof=,0.000000, best_B_strat=,-0.426347, best_S_id=,S01, best_S_prof=,0.000000, best_S_strat=,-0.074900, 
t=,18000, id=,B00, PRDE,actvstrat=,-0.426347, actvprof=,0.000000, id=,B03, PRDE,actvstrat=,-0.358566, actvprof=,0.004722, id=,B05, PRDE,actvstrat=,0.948084, actvprof=,0.799722, id=,B06, PRDE,actvstrat=,0.222452, actvprof=,1.335556, id=,B08, PRDE,actvstrat=,0.849762, actvprof=,5.569444, id=,S01, PRDE,actvstrat=,-0.074900, actvprof=,2.463889, id=,S02, PRDE,actvstrat=,0.719364, actvprof=,3.101944, id=,S07, PRDE,actvstrat=,0.664833, actvprof=,0.000000, id=,S08, PRDE,actvstrat=,0.964811, actvprof=,0.000000, id=,S09, PRDE,actvstrat=,0.972731, actvprof=,0.000000, best_B_id=,B08, best_B_prof=,5.569444, best_B_strat=,0.849762, best_S_id=,S02, best_S_prof=,3.101944, best_S_strat=,0.719364, 
t=,21600, id=,B00, PRDE,actvstrat=,-0.426347, actvprof=,0.000000, id=,B03, PRDE,actvstrat=,-0.358566, actvprof=,0.002361, id=,B05, PRDE,actvstrat=,0.948084, actvprof=,0.784306, id=,B06, PRDE,actvstrat=,0.222452, actvprof=,1.350694, id=,B08, PRDE,actvstrat=,0.849762, actvprof=,5.522639, id=,S01, PRDE,actvstrat=,-0.074900, actvprof=,2.600000, id=,S02, PRDE,actvstrat=,0.719364, actvprof=,3.154444, id=,S07, PRDE,actvstrat=,0.664833, actvprof=,0.000000, id=,S08, PRDE,actvstrat=,0.964811, actvprof=,0.000000, id=,S09, PRDE,actvstrat=,0.972731, actvprof=,0.000000, best_B_id=,B08, best_B_prof=,5.522639, best_B_strat=,0.849762, best_S_id=,S02, best_S_prof=,3.154444, best_S_strat=,0.719364, 
t=,25200, id=,B00, PRDE,actvstrat=,-1.000000, actvprof=,0.000000, id=,B03, PRDE,actvstrat=,1.000000, actvprof=,0.000000, id=,B05, PRDE,actvstrat=,0.036717, actvprof=,0.770577, id=,B06, PRDE,actvstrat=,1.000000, actvprof=,3.307036, id=,B08, PRDE,actvstrat=,1.000000, actvprof=,6.727965, id=,S01, PRDE,actvstrat=,-0.313751, actvprof=,1.327259, id=,S02, PRDE,actvstrat=,-1.000000, actvprof=,2.589239, id=,S07, PRDE,actvstrat=,-1.000000, actvprof=,0.000000, id=,S08, PRDE,actvstrat=,-1.000000, actvprof=,0.000000, id=,S09, PRDE,actvstrat=,1.000000, actvprof=,0.000000, best_B_id=,B08, best_B_prof=,6.727965, best_B_strat=,1.000000, best_S_id=,S02, best_S_prof=,2.589239, best_S_strat=,-1.000000, 
t=,28800, id=,B00, PRDE,actvstrat=,-1.000000, actvprof=,0.000000, id=,B03, PRDE,actvstrat=,1.000000, actvprof=,0.001111, id=,B05, PRDE,actvstrat=,0.036717, actvprof=,0.780566, id=,B06, PRDE,actvstrat=,1.000000, actvprof=,3.246017, id=,B08, PRDE,actvstrat=,1.000000, actvprof=,6.652454, id=,S01, PRDE,actvstrat=,-0.313751, actvprof=,1.328352, id=,S02, PRDE,actvstrat=,-1.000000, actvprof=,2.658092, id=,S07, PRDE,actvstrat=,-1.000000, actvprof=,0.000000, id=,S08, PRDE,actvstrat=,-1.000000, actvprof=,0.000000, id=,S09, PRDE,actvstrat=,1.000000, actvprof=,0.000000, best_B_id=,B08, best_B_prof=,6.652454, best_B_strat=,1.000000, best_S_id=,S02, best_S_prof=,2.658092, best_S_strat=,-1.000000, 
t=,32400, id=,B00, PRDE,actvstrat=,0.649844, actvprof=,0.000000, id=,B03, PRDE,actvstrat=,0.472186, actvprof=,0.001667, id=,B05, PRDE,actvstrat=,0.100203, actvprof=,0.673639, id=,B06, PRDE,actvstrat=,1.000000, actvprof=,2.957345, id=,B08, PRDE,actvstrat=,0.615800, actvprof=,5.919969, id=,S01, PRDE,actvstrat=,-0.313751, actvprof=,1.210050, id=,S02, PRDE,actvstrat=,-1.000000, actvprof=,2.861508, id=,S07, PRDE,actvstrat=,-0.619595, actvprof=,0.000000, id=,S08, PRDE,actvstrat=,-0.603378, actvprof=,0.000000, id=,S09, PRDE,actvstrat=,-0.218728, actvprof=,0.000000, best_B_id=,B08, best_B_prof=,5.919969, best_B_strat=,0.615800, best_S_id=,S02, best_S_prof=,2.861508, best_S_strat=,-1.000000, 
t=,36000, id=,B00, PRDE,actvstrat=,0.649844, actvprof=,0.000000, id=,B03, PRDE,actvstrat=,0.472186, actvprof=,0.000972, id=,B05, PRDE,actvstrat=,0.100203, actvprof=,0.635842, id=,B06, PRDE,actvstrat=,1.000000, actvprof=,2.955735, id=,B08, PRDE,actvstrat=,0.615800, actvprof=,5.892304, id=,S01, PRDE,actvstrat=,-0.313751, actvprof=,1.167516, id=,S02, PRDE,actvstrat=,-1.000000, actvprof=,2.935041, id=,S07, PRDE,actvstrat=,-0.619595, actvprof=,0.000000, id=,S08, PRDE,actvstrat=,-0.603378, actvprof=,0.000000, id=,S09, PRDE,actvstrat=,-0.218728, actvprof=,0.000000, best_B_id=,B08, best_B_prof=,5.892304, best_B_strat=,0.615800, best_S_id=,S02, best_S_prof=,2.935041, best_S_strat=,-1.000000, 
t=,39600, id=,B00, PRDE,actvstrat=,-1.000000, actvprof=,0.000000, id=,B03, PRDE,actvstrat=,1.000000, actvprof=,0.002500, id=,B05, PRDE,actvstrat=,0.431654, actvprof=,0.816156, id=,B06, PRDE,actvstrat=,-1.000000, actvprof=,2.964054, id=,B08, PRDE,actvstrat=,-1.000000, actvprof=,6.177288, id=,S01, PRDE,actvstrat=,1.000000, actvprof=,4.929996, id=,S02, PRDE,actvstrat=,-1.000000, actvprof=,3.006000, id=,S07, PRDE,actvstrat=,-0.100783, actvprof=,0.000000, id=,S08, PRDE,actvstrat=,1.000000, actvprof=,0.000000, id=,S09, PRDE,actvstrat=,-1.000000, actvprof=,0.000000, best_B_id=,B08, best_B_prof=,6.177288, best_B_strat=,-1.000000, best_S_id=,S01, best_S_prof=,4.929996, best_S_strat=,1.000000, 
t=,43200, id=,B00, PRDE,actvstrat=,-1.000000, actvprof=,0.000000, id=,B03, PRDE,actvstrat=,1.000000, actvprof=,0.002361, id=,B05, PRDE,actvstrat=,0.431654, actvprof=,0.806950, id=,B06, PRDE,actvstrat=,-1.000000, actvprof=,2.961409, id=,B08, PRDE,actvstrat=,-1.000000, actvprof=,6.129487, id=,S01, PRDE,actvstrat=,1.000000, actvprof=,4.890728, id=,S02, PRDE,actvstrat=,-1.000000, actvprof=,2.940298, id=,S07, PRDE,actvstrat=,-0.100783, actvprof=,0.000000, id=,S08, PRDE,actvstrat=,1.000000, actvprof=,0.000000, id=,S09, PRDE,actvstrat=,-1.000000, actvprof=,0.000000, best_B_id=,B08, best_B_prof=,6.129487, best_B_strat=,-1.000000, best_S_id=,S01, best_S_prof=,4.890728, best_S_strat=,1.000000, 
t=,46800, id=,B00, PRDE,actvstrat=,-1.000000, actvprof=,0.000000, id=,B03, PRDE,actvstrat=,0.899361, actvprof=,0.005834, id=,B05, PRDE,actvstrat=,0.174427, actvprof=,1.398967, id=,B06, PRDE,actvstrat=,-0.730288, actvprof=,1.528418, id=,B08, PRDE,actvstrat=,-0.987961, actvprof=,4.503306, id=,S01, PRDE,actvstrat=,-0.032586, actvprof=,1.225346, id=,S02, PRDE,actvstrat=,-1.000000, actvprof=,1.912051, id=,S07, PRDE,actvstrat=,0.460648, actvprof=,0.000000, id=,S08, PRDE,actvstrat=,-0.284990, actvprof=,0.000000, id=,S09, PRDE,actvstrat=,0.956420, actvprof=,0.000000, best_B_id=,B08, best_B_prof=,4.503306, best_B_strat=,-0.987961, best_S_id=,S02, best_S_prof=,1.912051, best_S_strat=,-1.000000, 
t=,50400, id=,B00, PRDE,actvstrat=,-1.000000, actvprof=,0.000000, id=,B03, PRDE,actvstrat=,0.899361, actvprof=,0.005556, id=,B05, PRDE,actvstrat=,0.174427, actvprof=,1.281008, id=,B06, PRDE,actvstrat=,-0.730288, actvprof=,1.502681, id=,B08, PRDE,actvstrat=,-0.987961, actvprof=,4.488458, id=,S01, PRDE,actvstrat=,-0.032586, actvprof=,1.188922, id=,S02, PRDE,actvstrat=,-1.000000, actvprof=,2.056585, id=,S07, PRDE,actvstrat=,0.460648, actvprof=,0.000000, id=,S08, PRDE,actvstrat=,-0.284990, actvprof=,0.000000, id=,S09, PRDE,actvstrat=,0.956420, actvprof=,0.000000, best_B_id=,B08, best_B_prof=,4.488458, best_B_strat=,-0.987961, best_S_id=,S02, best_S_prof=,2.056585, best_S_strat=,-1.000000, 
t=,54000, id=,B00, PRDE,actvstrat=,-1.000000, actvprof=,0.000000, id=,B03, PRDE,actvstrat=,1.000000, actvprof=,0.001389, id=,B05, PRDE,actvstrat=,-0.075347, actvprof=,0.196955, id=,B06, PRDE,actvstrat=,-1.000000, actvprof=,2.560142, id=,B08, PRDE,actvstrat=,1.000000, actvprof=,6.022835, id=,S01, PRDE,actvstrat=,1.000000, actvprof=,5.218068, id=,S02, PRDE,actvstrat=,-0.470607, actvprof=,0.541975, id=,S07, PRDE,actvstrat=,-1.000000, actvprof=,0.000000, id=,S08, PRDE,actvstrat=,1.000000, actvprof=,0.000000, id=,S09, PRDE,actvstrat=,0.787952, actvprof=,0.000000, best_B_id=,B08, best_B_prof=,6.022835, best_B_strat=,1.000000, best_S_id=,S01, best_S_prof=,5.218068, best_S_strat=,1.000000, 
t=,57600, id=,B00, PRDE,actvstrat=,-1.000000, actvprof=,0.000000, id=,B03, PRDE,actvstrat=,1.000000, actvprof=,0.001389, id=,B05, PRDE,actvstrat=,-0.075347, actvprof=,0.195561, id=,B06, PRDE,actvstrat=,-1.000000, actvprof=,2.501181, id=,B08, PRDE,actvstrat=,1.000000, actvprof=,5.985444, id=,S01, PRDE,actvstrat=,1.000000, actvprof=,5.237229, id=,S02, PRDE,actvstrat=,-0.470607, actvprof=,0.474597, id=,S07, PRDE,actvstrat=,-1.000000, actvprof=,0.000972, id=,S08, PRDE,actvstrat=,1.000000, actvprof=,0.000000, id=,S09, PRDE,actvstrat=,0.787952, actvprof=,0.000000, best_B_id=,B08, best_B_prof=,5.985444, best_B_strat=,1.000000, best_S_id=,S01, best_S_prof=,5.237229, best_S_strat=,1.000000, 
t=,61200, id=,B00, PRDE,actvstrat=,-0.437794, actvprof=,0.000000, id=,B03, PRDE,actvstrat=,0.899361, actvprof=,0.069448, id=,B05, PRDE,actvstrat=,0.156235, actvprof=,1.006723, id=,B06, PRDE,actvstrat=,-0.201163, actvprof=,1.626479, id=,B08, PRDE,actvstrat=,1.000000, actvprof=,6.794266, id=,S01, PRDE,actvstrat=,1.000000, actvprof=,3.874937, id=,S02, PRDE,actvstrat=,0.963607, actvprof=,2.203734, id=,S07, PRDE,actvstrat=,-1.000000, actvprof=,0.000000, id=,S08, PRDE,actvstrat=,1.000000, actvprof=,0.000000, id=,S09, PRDE,actvstrat=,-0.230600, actvprof=,0.000000, best_B_id=,B08, best_B_prof=,6.794266, best_B_strat=,1.000000, best_S_id=,S01, best_S_prof=,3.874937, best_S_strat=,1.000000, 
t=,64800, id=,B00, PRDE,actvstrat=,-0.437794, actvprof=,0.000000, id=,B03, PRDE,actvstrat=,0.899361, actvprof=,0.066391, id=,B05, PRDE,actvstrat=,0.156235, actvprof=,0.980305, id=,B06, PRDE,actvstrat=,-0.201163, actvprof=,1.646712, id=,B08, PRDE,actvstrat=,1.000000, actvprof=,6.800328, id=,S01, PRDE,actvstrat=,1.000000, actvprof=,3.927748, id=,S02, PRDE,actvstrat=,0.963607, actvprof=,2.225478, id=,S07, PRDE,actvstrat=,-1.000000, actvprof=,0.000000, id=,S08, PRDE,actvstrat=,1.000000, actvprof=,0.000000, id=,S09, PRDE,actvstrat=,-0.230600, actvprof=,0.000000, best_B_id=,B08, best_B_prof=,6.800328, best_B_strat=,1.000000, best_S_id=,S01, best_S_prof=,3.927748, best_S_strat=,1.000000, 
t=,68400, id=,B00, PRDE,actvstrat=,-1.000000, actvprof=,0.000000, id=,B03, PRDE,actvstrat=,0.476856, actvprof=,0.000000, id=,B05, PRDE,actvstrat=,0.964299, actvprof=,1.094212, id=,B06, PRDE,actvstrat=,1.000000, actvprof=,2.698168, id=,B08, PRDE,actvstrat=,-1.000000, actvprof=,5.613845, id=,S01, PRDE,actvstrat=,-1.000000, actvprof=,4.999375, id=,S02, PRDE,actvstrat=,-1.000000, actvprof=,3.377363, id=,S07, PRDE,actvstrat=,-0.393229, actvprof=,0.000000, id=,S08, PRDE,actvstrat=,1.000000, actvprof=,0.000000, id=,S09, PRDE,actvstrat=,-0.854662, actvprof=,0.000000, best_B_id=,B08, best_B_prof=,5.613845, best_B_strat=,-1.000000, best_S_id=,S01, best_S_prof=,4.999375, best_S_strat=,-1.000000, 
t=,72000, id=,B00, PRDE,actvstrat=,-1.000000, actvprof=,0.000000, id=,B03, PRDE,actvstrat=,0.476856, actvprof=,0.000000, id=,B05, PRDE,actvstrat=,0.964299, actvprof=,1.066557, id=,B06, PRDE,actvstrat=,1.000000, actvprof=,2.615628, id=,B08, PRDE,actvstrat=,-1.000000, actvprof=,5.533209, id=,S01, PRDE,actvstrat=,-1.000000, actvprof=,5.011667, id=,S02, PRDE,actvstrat=,-1.000000, actvprof=,3.377038, id=,S07, PRDE,actvstrat=,-0.393229, actvprof=,0.000000, id=,S08, PRDE,actvstrat=,1.000000, actvprof=,0.000000, id=,S09, PRDE,actvstrat=,-0.854662, actvprof=,0.000000, best_B_id=,B08, best_B_prof=,5.533209, best_B_strat=,-1.000000, best_S_id=,S01, best_S_prof=,5.011667, best_S_strat=,-1.000000, 
t=,75600, id=,B00, PRDE,actvstrat=,-1.000000, actvprof=,0.000000, id=,B03, PRDE,actvstrat=,0.371803, actvprof=,0.028613, id=,B05, PRDE,actvstrat=,-0.477482, actvprof=,0.840047, id=,B06, PRDE,actvstrat=,-0.233887, actvprof=,2.061781, id=,B08, PRDE,actvstrat=,1.000000, actvprof=,7.641536, id=,S01, PRDE,actvstrat=,1.000000, actvprof=,3.416301, id=,S02, PRDE,actvstrat=,-1.000000, actvprof=,1.767876, id=,S07, PRDE,actvstrat=,0.750794, actvprof=,0.000000, id=,S08, PRDE,actvstrat=,0.460143, actvprof=,0.000000, id=,S09, PRDE,actvstrat=,0.860621, actvprof=,0.000000, best_B_id=,B08, best_B_prof=,7.641536, best_B_strat=,1.000000, best_S_id=,S01, best_S_prof=,3.416301, best_S_strat=,1.000000, 
t=,79200, id=,B00, PRDE,actvstrat=,-1.000000, actvprof=,0.000000, id=,B03, PRDE,actvstrat=,0.371803, actvprof=,0.032362, id=,B05, PRDE,actvstrat=,-0.477482, actvprof=,0.879191, id=,B06, PRDE,actvstrat=,-0.233887, actvprof=,2.152421, id=,B08, PRDE,actvstrat=,1.000000, actvprof=,7.652574, id=,S01, PRDE,actvstrat=,1.000000, actvprof=,3.321342, id=,S02, PRDE,actvstrat=,-1.000000, actvprof=,1.707547, id=,S07, PRDE,actvstrat=,0.750794, actvprof=,0.000000, id=,S08, PRDE,actvstrat=,0.460143, actvprof=,0.000000, id=,S09, PRDE,actvstrat=,0.860621, actvprof=,0.000000, best_B_id=,B08, best_B_prof=,7.652574, best_B_strat=,1.000000, best_S_id=,S01, best_S_prof=,3.321342, best_S_strat=,1.000000, 
t=,82800, id=,B00, PRDE,actvstrat=,-0.714243, actvprof=,0.000000, id=,B03, PRDE,actvstrat=,-0.775976, actvprof=,0.009723, id=,B05, PRDE,actvstrat=,1.000000, actvprof=,0.780043, id=,B06, PRDE,actvstrat=,-1.000000, actvprof=,2.419301, id=,B08, PRDE,actvstrat=,-1.000000, actvprof=,5.342797, id=,S01, PRDE,actvstrat=,1.000000, actvprof=,5.257792, id=,S02, PRDE,actvstrat=,1.000000, actvprof=,3.702983, id=,S07, PRDE,actvstrat=,-1.000000, actvprof=,0.000000, id=,S08, PRDE,actvstrat=,-1.000000, actvprof=,0.000000, id=,S09, PRDE,actvstrat=,1.000000, actvprof=,0.000000, best_B_id=,B08, best_B_prof=,5.342797, best_B_strat=,-1.000000, best_S_id=,S01, best_S_prof=,5.257792, best_S_strat=,1.000000, 
t=,86400, id=,B00, PRDE,actvstrat=,-0.714243, actvprof=,0.000000, id=,B03, PRDE,actvstrat=,-0.775976, actvprof=,0.007639, id=,B05, PRDE,actvstrat=,1.000000, actvprof=,0.827378, id=,B06, PRDE,actvstrat=,-1.000000, actvprof=,2.460607, id=,B08, PRDE,actvstrat=,-1.000000, actvprof=,5.381084, id=,S01, PRDE,actvstrat=,1.000000, actvprof=,5.283443, id=,S02, PRDE,actvstrat=,1.000000, actvprof=,3.626881, id=,S07, PRDE,actvstrat=,-1.000000, actvprof=,0.000000, id=,S08, PRDE,actvstrat=,-1.000000, actvprof=,0.000000, id=,S09, PRDE,actvstrat=,1.000000, actvprof=,0.000000, best_B_id=,B08, best_B_prof=,5.381084, best_B_strat=,-1.000000, best_S_id=,S01, best_S_prof=,5.283443, best_S_strat=,1.000000, 
t=,90000, id=,B00, PRDE,actvstrat=,0.903102, actvprof=,0.000000, id=,B03, PRDE,actvstrat=,-0.358566, actvprof=,0.001667, id=,B05, PRDE,actvstrat=,0.174427, actvprof=,0.598661, id=,B06, PRDE,actvstrat=,1.000000, actvprof=,2.875795, id=,B08, PRDE,actvstrat=,-1.000000, actvprof=,5.709920, id=,S01, PRDE,actvstrat=,0.249863, actvprof=,2.296858, id=,S02, PRDE,actvstrat=,-1.000000, actvprof=,3.020252, id=,S07, PRDE,actvstrat=,-0.393229, actvprof=,0.000000, id=,S08, PRDE,actvstrat=,1.000000, actvprof=,0.000000, id=,S09, PRDE,actvstrat=,1.000000, actvprof=,0.000000, best_B_id=,B08, best_B_prof=,5.709920, best_B_strat=,-1.000000, best_S_id=,S02, best_S_prof=,3.020252, best_S_strat=,-1.000000, 
t=,93600, id=,B00, PRDE,actvstrat=,0.903102, actvprof=,0.000000, id=,B03, PRDE,actvstrat=,-0.358566, actvprof=,0.000833, id=,B05, PRDE,actvstrat=,0.174427, actvprof=,0.589608, id=,B06, PRDE,actvstrat=,1.000000, actvprof=,2.869981, id=,B08, PRDE,actvstrat=,-1.000000, actvprof=,5.769685, id=,S01, PRDE,actvstrat=,0.249863, actvprof=,2.336903, id=,S02, PRDE,actvstrat=,-1.000000, actvprof=,3.079156, id=,S07, PRDE,actvstrat=,-0.393229, actvprof=,0.000000, id=,S08, PRDE,actvstrat=,1.000000, actvprof=,0.000000, id=,S09, PRDE,actvstrat=,1.000000, actvprof=,0.000000, best_B_id=,B08, best_B_prof=,5.769685, best_B_strat=,-1.000000, best_S_id=,S02, best_S_prof=,3.079156, best_S_strat=,-1.000000, 
t=,97200, id=,B00, PRDE,actvstrat=,0.380187, actvprof=,0.000000, id=,B03, PRDE,actvstrat=,-0.246885, actvprof=,0.001389, id=,B05, PRDE,actvstrat=,1.000000, actvprof=,0.709504, id=,B06, PRDE,actvstrat=,-1.000000, actvprof=,2.346584, id=,B08, PRDE,actvstrat=,-0.197256, actvprof=,3.444732, id=,S01, PRDE,actvstrat=,0.287409, actvprof=,2.632442, id=,S02, PRDE,actvstrat=,1.000000, actvprof=,3.703920, id=,S07, PRDE,actvstrat=,0.226423, actvprof=,0.000000, id=,S08, PRDE,actvstrat=,-0.956562, actvprof=,0.000000, id=,S09, PRDE,actvstrat=,1.000000, actvprof=,0.000000, best_B_id=,B08, best_B_prof=,3.444732, best_B_strat=,-0.197256, best_S_id=,S02, best_S_prof=,3.703920, best_S_strat=,1.000000, 
t=,100800, id=,B00, PRDE,actvstrat=,0.380187, actvprof=,0.000000, id=,B03, PRDE,actvstrat=,-0.246885, actvprof=,0.000694, id=,B05, PRDE,actvstrat=,1.000000, actvprof=,0.764476, id=,B06, PRDE,actvstrat=,-1.000000, actvprof=,2.383988, id=,B08, PRDE,actvstrat=,-0.197256, actvprof=,3.402225, id=,S01, PRDE,actvstrat=,0.287409, actvprof=,2.633582, id=,S02, PRDE,actvstrat=,1.000000, actvprof=,3.639874, id=,S07, PRDE,actvstrat=,0.226423, actvprof=,0.000000, id=,S08, PRDE,actvstrat=,-0.956562, actvprof=,0.000000, id=,S09, PRDE,actvstrat=,1.000000, actvprof=,0.000000, best_B_id=,B08, best_B_prof=,3.402225, best_B_strat=,-0.197256, best_S_id=,S02, best_S_prof=,3.639874, best_S_strat=,1.000000, 
t=,104400, id=,B00, PRDE,actvstrat=,-0.376282, actvprof=,0.000000, id=,B03, PRDE,actvstrat=,0.789514, actvprof=,0.000000, id=,B05, PRDE,actvstrat=,0.964299, actvprof=,0.597272, id=,B06, PRDE,actvstrat=,-1.000000, actvprof=,1.995444, id=,B08, PRDE,actvstrat=,0.518896, actvprof=,4.675667, id=,S01, PRDE,actvstrat=,-1.000000, actvprof=,5.393227, id=,S02, PRDE,actvstrat=,0.060565, actvprof=,1.428175, id=,S07, PRDE,actvstrat=,-0.836397, actvprof=,0.000000, id=,S08, PRDE,actvstrat=,-1.000000, actvprof=,0.000000, id=,S09, PRDE,actvstrat=,1.000000, actvprof=,0.000000, best_B_id=,B08, best_B_prof=,4.675667, best_B_strat=,0.518896, best_S_id=,S01, best_S_prof=,5.393227, best_S_strat=,-1.000000, 
t=,108000, id=,B00, PRDE,actvstrat=,-0.376282, actvprof=,0.000000, id=,B03, PRDE,actvstrat=,0.789514, actvprof=,0.001250, id=,B05, PRDE,actvstrat=,0.964299, actvprof=,0.603636, id=,B06, PRDE,actvstrat=,-1.000000, actvprof=,2.019112, id=,B08, PRDE,actvstrat=,0.518896, actvprof=,4.723391, id=,S01, PRDE,actvstrat=,-1.000000, actvprof=,5.349251, id=,S02, PRDE,actvstrat=,0.060565, actvprof=,1.305471, id=,S07, PRDE,actvstrat=,-0.836397, actvprof=,0.000000, id=,S08, PRDE,actvstrat=,-1.000000, actvprof=,0.000000, id=,S09, PRDE,actvstrat=,1.000000, actvprof=,0.000000, best_B_id=,B08, best_B_prof=,4.723391, best_B_strat=,0.518896, best_S_id=,S01, best_S_prof=,5.349251, best_S_strat=,-1.000000, 
t=,111600, id=,B00, PRDE,actvstrat=,0.903102, actvprof=,0.000000, id=,B03, PRDE,actvstrat=,0.170525, actvprof=,0.008056, id=,B05, PRDE,actvstrat=,0.431654, actvprof=,0.955093, id=,B06, PRDE,actvstrat=,-1.000000, actvprof=,3.150306, id=,B08, PRDE,actvstrat=,1.000000, actvprof=,6.558971, id=,S01, PRDE,actvstrat=,1.000000, actvprof=,4.562666, id=,S02, PRDE,actvstrat=,-1.000000, actvprof=,2.894448, id=,S07, PRDE,actvstrat=,-1.000000, actvprof=,0.001945, id=,S08, PRDE,actvstrat=,-1.000000, actvprof=,0.000000, id=,S09, PRDE,actvstrat=,0.497276, actvprof=,0.000000, best_B_id=,B08, best_B_prof=,6.558971, best_B_strat=,1.000000, best_S_id=,S01, best_S_prof=,4.562666, best_S_strat=,1.000000, 
t=,115200, id=,B00, PRDE,actvstrat=,0.903102, actvprof=,0.000000, id=,B03, PRDE,actvstrat=,0.170525, actvprof=,0.004584, id=,B05, PRDE,actvstrat=,0.431654, actvprof=,0.987548, id=,B06, PRDE,actvstrat=,-1.000000, actvprof=,3.163765, id=,B08, PRDE,actvstrat=,1.000000, actvprof=,6.611155, id=,S01, PRDE,actvstrat=,1.000000, actvprof=,4.563416, id=,S02, PRDE,actvstrat=,-1.000000, actvprof=,2.858056, id=,S07, PRDE,actvstrat=,-1.000000, actvprof=,0.000972, id=,S08, PRDE,actvstrat=,-1.000000, actvprof=,0.000000, id=,S09, PRDE,actvstrat=,0.497276, actvprof=,0.000000, best_B_id=,B08, best_B_prof=,6.611155, best_B_strat=,1.000000, best_S_id=,S01, best_S_prof=,4.563416, best_S_strat=,1.000000, 
t=,118800, id=,B00, PRDE,actvstrat=,0.380187, actvprof=,0.000000, id=,B03, PRDE,actvstrat=,0.690656, actvprof=,0.001111, id=,B05, PRDE,actvstrat=,1.000000, actvprof=,0.556721, id=,B06, PRDE,actvstrat=,-1.000000, actvprof=,1.990193, id=,B08, PRDE,actvstrat=,-1.000000, actvprof=,5.070215, id=,S01, PRDE,actvstrat=,0.124217, actvprof=,1.993249, id=,S02, PRDE,actvstrat=,-1.000000, actvprof=,3.845096, id=,S07, PRDE,actvstrat=,-1.000000, actvprof=,0.000000, id=,S08, PRDE,actvstrat=,-0.956562, actvprof=,0.000000, id=,S09, PRDE,actvstrat=,-0.854662, actvprof=,0.000000, best_B_id=,B08, best_B_prof=,5.070215, best_B_strat=,-1.000000, best_S_id=,S02, best_S_prof=,3.845096, best_S_strat=,-1.000000, 
t=,122400, id=,B00, PRDE,actvstrat=,0.380187, actvprof=,0.000000, id=,B03, PRDE,actvstrat=,0.690656, actvprof=,0.000556, id=,B05, PRDE,actvstrat=,1.000000, actvprof=,0.539185, id=,B06, PRDE,actvstrat=,-1.000000, actvprof=,2.028682, id=,B08, PRDE,actvstrat=,-1.000000, actvprof=,5.040592, id=,S01, PRDE,actvstrat=,0.124217, actvprof=,2.033960, id=,S02, PRDE,actvstrat=,-1.000000, actvprof=,3.857078, id=,S07, PRDE,actvstrat=,-1.000000, actvprof=,0.000000, id=,S08, PRDE,actvstrat=,-0.956562, actvprof=,0.000000, id=,S09, PRDE,actvstrat=,-0.854662, actvprof=,0.000000, best_B_id=,B08, best_B_prof=,5.040592, best_B_strat=,-1.000000, best_S_id=,S02, best_S_prof=,3.857078, best_S_strat=,-1.000000, 
t=,126000, id=,B00, PRDE,actvstrat=,0.380187, actvprof=,0.000000, id=,B03, PRDE,actvstrat=,-1.000000, actvprof=,0.001667, id=,B05, PRDE,actvstrat=,-0.358219, actvprof=,0.113622, id=,B06, PRDE,actvstrat=,1.000000, actvprof=,2.576917, id=,B08, PRDE,actvstrat=,-1.000000, actvprof=,5.480533, id=,S01, PRDE,actvstrat=,1.000000, actvprof=,5.350242, id=,S02, PRDE,actvstrat=,-0.588782, actvprof=,0.164183, id=,S07, PRDE,actvstrat=,1.000000, actvprof=,0.000000, id=,S08, PRDE,actvstrat=,-1.000000, actvprof=,0.000000, id=,S09, PRDE,actvstrat=,0.860621, actvprof=,0.000000, best_B_id=,B08, best_B_prof=,5.480533, best_B_strat=,-1.000000, best_S_id=,S01, best_S_prof=,5.350242, best_S_strat=,1.000000, 
t=,129600, id=,B00, PRDE,actvstrat=,0.380187, actvprof=,0.000000, id=,B03, PRDE,actvstrat=,-1.000000, actvprof=,0.000833, id=,B05, PRDE,actvstrat=,-0.358219, actvprof=,0.114033, id=,B06, PRDE,actvstrat=,1.000000, actvprof=,2.629989, id=,B08, PRDE,actvstrat=,-1.000000, actvprof=,5.550825, id=,S01, PRDE,actvstrat=,1.000000, actvprof=,5.319564, id=,S02, PRDE,actvstrat=,-0.588782, actvprof=,0.155841, id=,S07, PRDE,actvstrat=,1.000000, actvprof=,0.000000, id=,S08, PRDE,actvstrat=,-1.000000, actvprof=,0.000000, id=,S09, PRDE,actvstrat=,0.860621, actvprof=,0.000000, best_B_id=,B08, best_B_prof=,5.550825, best_B_strat=,-1.000000, best_S_id=,S01, best_S_prof=,5.319564, best_S_strat=,1.000000, 
t=,133200, id=,B00, PRDE,actvstrat=,0.380187, actvprof=,0.000000, id=,B03, PRDE,actvstrat=,-0.246885, actvprof=,0.015835, id=,B05, PRDE,actvstrat=,1.000000, actvprof=,1.180393, id=,B06, PRDE,actvstrat=,0.265367, actvprof=,2.032698, id=,B08, PRDE,actvstrat=,-0.197256, actvprof=,4.110677, id=,S01, PRDE,actvstrat=,1.000000, actvprof=,4.283472, id=,S02, PRDE,actvstrat=,1.000000, actvprof=,2.744989, id=,S07, PRDE,actvstrat=,0.226423, actvprof=,0.000000, id=,S08, PRDE,actvstrat=,0.988977, actvprof=,0.000000, id=,S09, PRDE,actvstrat=,1.000000, actvprof=,0.000000, best_B_id=,B08, best_B_prof=,4.110677, best_B_strat=,-0.197256, best_S_id=,S01, best_S_prof=,4.283472, best_S_strat=,1.000000, 
t=,136800, id=,B00, PRDE,actvstrat=,0.380187, actvprof=,0.000000, id=,B03, PRDE,actvstrat=,-0.246885, actvprof=,0.017362, id=,B05, PRDE,actvstrat=,1.000000, actvprof=,1.185197, id=,B06, PRDE,actvstrat=,0.265367, actvprof=,2.028988, id=,B08, PRDE,actvstrat=,-0.197256, actvprof=,4.069364, id=,S01, PRDE,actvstrat=,1.000000, actvprof=,4.293264, id=,S02, PRDE,actvstrat=,1.000000, actvprof=,2.783052, id=,S07, PRDE,actvstrat=,0.226423, actvprof=,0.000000, id=,S08, PRDE,actvstrat=,0.988977, actvprof=,0.000000, id=,S09, PRDE,actvstrat=,1.000000, actvprof=,0.000000, best_B_id=,B08, best_B_prof=,4.069364, best_B_strat=,-0.197256, best_S_id=,S01, best_S_prof=,4.293264, best_S_strat=,1.000000, 
t=,140400, id=,B00, PRDE,actvstrat=,0.331588, actvprof=,0.000000, id=,B03, PRDE,actvstrat=,-1.000000, actvprof=,0.018613, id=,B05, PRDE,actvstrat=,-0.432570, actvprof=,0.412540, id=,B06, PRDE,actvstrat=,1.000000, actvprof=,3.482839, id=,B08, PRDE,actvstrat=,-1.000000, actvprof=,6.645368, id=,S01, PRDE,actvstrat=,1.000000, actvprof=,4.315975, id=,S02, PRDE,actvstrat=,-1.000000, actvprof=,2.520245, id=,S07, PRDE,actvstrat=,-1.000000, actvprof=,0.000000, id=,S08, PRDE,actvstrat=,-0.913124, actvprof=,0.000000, id=,S09, PRDE,actvstrat=,1.000000, actvprof=,0.000000, best_B_id=,B08, best_B_prof=,6.645368, best_B_strat=,-1.000000, best_S_id=,S01, best_S_prof=,4.315975, best_S_strat=,1.000000, 
t=,144000, id=,B00, PRDE,actvstrat=,0.331588, actvprof=,0.000000, id=,B03, PRDE,actvstrat=,-1.000000, actvprof=,0.020279, id=,B05, PRDE,actvstrat=,-0.432570, actvprof=,0.413215, id=,B06, PRDE,actvstrat=,1.000000, actvprof=,3.449751, id=,B08, PRDE,actvstrat=,-1.000000, actvprof=,6.607682, id=,S01, PRDE,actvstrat=,1.000000, actvprof=,4.306043, id=,S02, PRDE,actvstrat=,-1.000000, actvprof=,2.511511, id=,S07, PRDE,actvstrat=,-1.000000, actvprof=,0.000000, id=,S08, PRDE,actvstrat=,-0.913124, actvprof=,0.000000, id=,S09, PRDE,actvstrat=,1.000000, actvprof=,0.000000, best_B_id=,B08, best_B_prof=,6.607682, best_B_strat=,-1.000000, best_S_id=,S01, best_S_prof=,4.306043, best_S_strat=,1.000000, 
t=,147600, id=,B00, PRDE,actvstrat=,0.903102, actvprof=,0.000000, id=,B03, PRDE,actvstrat=,-1.000000, actvprof=,0.000000, id=,B05, PRDE,actvstrat=,1.000000, actvprof=,0.148352, id=,B06, PRDE,actvstrat=,-1.000000, actvprof=,1.540193, id=,B08, PRDE,actvstrat=,-1.000000, actvprof=,4.645859, id=,S01, PRDE,actvstrat=,1.000000, actvprof=,6.565265, id=,S02, PRDE,actvstrat=,-0.799490, actvprof=,0.153908, id=,S07, PRDE,actvstrat=,-1.000000, actvprof=,0.000000, id=,S08, PRDE,actvstrat=,-0.913124, actvprof=,0.000000, id=,S09, PRDE,actvstrat=,1.000000, actvprof=,0.000000, best_B_id=,B08, best_B_prof=,4.645859, best_B_strat=,-1.000000, best_S_id=,S01, best_S_prof=,6.565265, best_S_strat=,1.000000, 
t=,151200, id=,B00, PRDE,actvstrat=,0.903102, actvprof=,0.000000, id=,B03, PRDE,actvstrat=,-1.000000, actvprof=,0.003195, id=,B05, PRDE,actvstrat=,1.000000, actvprof=,0.153341, id=,B06, PRDE,actvstrat=,-1.000000, actvprof=,1.520352, id=,B08, PRDE,actvstrat=,-1.000000, actvprof=,4.584390, id=,S01, PRDE,actvstrat=,1.000000, actvprof=,6.472537, id=,S02, PRDE,actvstrat=,-0.799490, actvprof=,0.155424, id=,S07, PRDE,actvstrat=,-1.000000, actvprof=,0.000000, id=,S08, PRDE,actvstrat=,-0.913124, actvprof=,0.000000, id=,S09, PRDE,actvstrat=,1.000000, actvprof=,0.000000, best_B_id=,B08, best_B_prof=,4.584390, best_B_strat=,-1.000000, best_S_id=,S01, best_S_prof=,6.472537, best_S_strat=,1.000000, 
t=,154800, id=,B00, PRDE,actvstrat=,-0.762842, actvprof=,0.000000, id=,B03, PRDE,actvstrat=,-0.798722, actvprof=,0.000000, id=,B05, PRDE,actvstrat=,0.851298, actvprof=,1.135991, id=,B06, PRDE,actvstrat=,-1.000000, actvprof=,2.669260, id=,B08, PRDE,actvstrat=,1.000000, actvprof=,6.277261, id=,S01, PRDE,actvstrat=,-1.000000, actvprof=,4.646201, id=,S02, PRDE,actvstrat=,-1.000000, actvprof=,3.174052, id=,S07, PRDE,actvstrat=,-1.000000, actvprof=,0.000000, id=,S08, PRDE,actvstrat=,-0.956562, actvprof=,0.000000, id=,S09, PRDE,actvstrat=,-1.000000, actvprof=,0.000000, best_B_id=,B08, best_B_prof=,6.277261, best_B_strat=,1.000000, best_S_id=,S01, best_S_prof=,4.646201, best_S_strat=,-1.000000, 
t=,158400, id=,B00, PRDE,actvstrat=,-0.762842, actvprof=,0.000000, id=,B03, PRDE,actvstrat=,-0.798722, actvprof=,0.000000, id=,B05, PRDE,actvstrat=,0.851298, actvprof=,1.183277, id=,B06, PRDE,actvstrat=,-1.000000, actvprof=,2.710188, id=,B08, PRDE,actvstrat=,1.000000, actvprof=,6.272102, id=,S01, PRDE,actvstrat=,-1.000000, actvprof=,4.640322, id=,S02, PRDE,actvstrat=,-1.000000, actvprof=,3.135912, id=,S07, PRDE,actvstrat=,-1.000000, actvprof=,0.000000, id=,S08, PRDE,actvstrat=,-0.956562, actvprof=,0.000000, id=,S09, PRDE,actvstrat=,-1.000000, actvprof=,0.000000, best_B_id=,B08, best_B_prof=,6.272102, best_B_strat=,1.000000, best_S_id=,S01, best_S_prof=,4.640322, best_S_strat=,-1.000000, 
t=,162000, id=,B00, PRDE,actvstrat=,-0.762842, actvprof=,0.000000, id=,B03, PRDE,actvstrat=,-1.000000, actvprof=,0.003889, id=,B05, PRDE,actvstrat=,0.431654, actvprof=,0.718155, id=,B06, PRDE,actvstrat=,-1.000000, actvprof=,2.794555, id=,B08, PRDE,actvstrat=,0.276867, actvprof=,5.057925, id=,S01, PRDE,actvstrat=,0.406023, actvprof=,2.266982, id=,S02, PRDE,actvstrat=,-1.000000, actvprof=,3.036255, id=,S07, PRDE,actvstrat=,-1.000000, actvprof=,0.000000, id=,S08, PRDE,actvstrat=,1.000000, actvprof=,0.000000, id=,S09, PRDE,actvstrat=,-1.000000, actvprof=,0.000000, best_B_id=,B08, best_B_prof=,5.057925, best_B_strat=,0.276867, best_S_id=,S02, best_S_prof=,3.036255, best_S_strat=,-1.000000, 
t=,165600, id=,B00, PRDE,actvstrat=,-0.762842, actvprof=,0.000000, id=,B03, PRDE,actvstrat=,-1.000000, actvprof=,0.003195, id=,B05, PRDE,actvstrat=,0.431654, actvprof=,0.737556, id=,B06, PRDE,actvstrat=,-1.000000, actvprof=,2.828688, id=,B08, PRDE,actvstrat=,0.276867, actvprof=,5.090806, id=,S01, PRDE,actvstrat=,0.406023, actvprof=,2.195445, id=,S02, PRDE,actvstrat=,-1.000000, actvprof=,3.058428, id=,S07, PRDE,actvstrat=,-1.000000, actvprof=,0.000000, id=,S08, PRDE,actvstrat=,1.000000, actvprof=,0.000000, id=,S09, PRDE,actvstrat=,-1.000000, actvprof=,0.000000, best_B_id=,B08, best_B_prof=,5.090806, best_B_strat=,0.276867, best_S_id=,S02, best_S_prof=,3.058428, best_S_strat=,-1.000000, 
t=,169200, id=,B00, PRDE,actvstrat=,-0.428486, actvprof=,0.000000, id=,B03, PRDE,actvstrat=,-1.000000, actvprof=,0.019448, id=,B05, PRDE,actvstrat=,0.061426, actvprof=,0.678734, id=,B06, PRDE,actvstrat=,-1.000000, actvprof=,3.113062, id=,B08, PRDE,actvstrat=,1.000000, actvprof=,6.595913, id=,S01, PRDE,actvstrat=,1.000000, actvprof=,4.564435, id=,S02, PRDE,actvstrat=,1.000000, actvprof=,2.898023, id=,S07, PRDE,actvstrat=,-1.000000, actvprof=,0.000000, id=,S08, PRDE,actvstrat=,-0.869685, actvprof=,0.000000, id=,S09, PRDE,actvstrat=,-1.000000, actvprof=,0.000000, best_B_id=,B08, best_B_prof=,6.595913, best_B_strat=,1.000000, best_S_id=,S01, best_S_prof=,4.564435, best_S_strat=,1.000000, 
t=,172800, id=,B00, PRDE,actvstrat=,-0.428486, actvprof=,0.000000, id=,B03, PRDE,actvstrat=,-1.000000, actvprof=,0.019724, id=,B05, PRDE,actvstrat=,0.061426, actvprof=,0.645753, id=,B06, PRDE,actvstrat=,-1.000000, actvprof=,3.044025, id=,B08, PRDE,actvstrat=,1.000000, actvprof=,6.465723, id=,S01, PRDE,actvstrat=,1.000000, actvprof=,4.680006, id=,S02, PRDE,actvstrat=,1.000000, actvprof=,2.949294, id=,S07, PRDE,actvstrat=,-1.000000, actvprof=,0.000000, id=,S08, PRDE,actvstrat=,-0.869685, actvprof=,0.000000, id=,S09, PRDE,actvstrat=,-1.000000, actvprof=,0.000000, best_B_id=,B08, best_B_prof=,6.465723, best_B_strat=,1.000000, best_S_id=,S01, best_S_prof=,4.680006, best_S_strat=,1.000000, 
t=,176400, id=,B00, PRDE,actvstrat=,-1.000000, actvprof=,0.000000, id=,B03, PRDE,actvstrat=,0.899361, actvprof=,0.005279, id=,B05, PRDE,actvstrat=,1.000000, actvprof=,0.256439, id=,B06, PRDE,actvstrat=,-1.000000, actvprof=,1.762009, id=,B08, PRDE,actvstrat=,-1.000000, actvprof=,4.745645, id=,S01, PRDE,actvstrat=,1.000000, actvprof=,6.203984, id=,S02, PRDE,actvstrat=,0.205609, actvprof=,1.473064, id=,S07, PRDE,actvstrat=,1.000000, actvprof=,0.000000, id=,S08, PRDE,actvstrat=,-1.000000, actvprof=,0.000000, id=,S09, PRDE,actvstrat=,0.497276, actvprof=,0.000000, best_B_id=,B08, best_B_prof=,4.745645, best_B_strat=,-1.000000, best_S_id=,S01, best_S_prof=,6.203984, best_S_strat=,1.000000, 
t=,180000, id=,B00, PRDE,actvstrat=,-1.000000, actvprof=,0.000000, id=,B03, PRDE,actvstrat=,0.899361, actvprof=,0.005000, id=,B05, PRDE,actvstrat=,1.000000, actvprof=,0.259883, id=,B06, PRDE,actvstrat=,-1.000000, actvprof=,1.741951, id=,B08, PRDE,actvstrat=,-1.000000, actvprof=,4.743312, id=,S01, PRDE,actvstrat=,1.000000, actvprof=,6.161902, id=,S02, PRDE,actvstrat=,0.205609, actvprof=,1.381921, id=,S07, PRDE,actvstrat=,1.000000, actvprof=,0.000000, id=,S08, PRDE,actvstrat=,-1.000000, actvprof=,0.000000, id=,S09, PRDE,actvstrat=,0.497276, actvprof=,0.000000, best_B_id=,B08, best_B_prof=,4.743312, best_B_strat=,-1.000000, best_S_id=,S01, best_S_prof=,6.161902, best_S_strat=,1.000000, 
t=,183600, id=,B00, PRDE,actvstrat=,1.000000, actvprof=,0.000000, id=,B03, PRDE,actvstrat=,0.256395, actvprof=,0.011113, id=,B05, PRDE,actvstrat=,1.000000, actvprof=,0.944641, id=,B06, PRDE,actvstrat=,1.000000, actvprof=,2.268806, id=,B08, PRDE,actvstrat=,1.000000, actvprof=,5.522817, id=,S01, PRDE,actvstrat=,0.870181, actvprof=,4.351184, id=,S02, PRDE,actvstrat=,1.000000, actvprof=,3.142877, id=,S07, PRDE,actvstrat=,-1.000000, actvprof=,0.000000, id=,S08, PRDE,actvstrat=,-0.913124, actvprof=,0.000000, id=,S09, PRDE,actvstrat=,1.000000, actvprof=,0.000000, best_B_id=,B08, best_B_prof=,5.522817, best_B_strat=,1.000000, best_S_id=,S01, best_S_prof=,4.351184, best_S_strat=,0.870181, 
t=,187200, id=,B00, PRDE,actvstrat=,1.000000, actvprof=,0.000000, id=,B03, PRDE,actvstrat=,0.256395, actvprof=,0.016807, id=,B05, PRDE,actvstrat=,1.000000, actvprof=,0.900510, id=,B06, PRDE,actvstrat=,1.000000, actvprof=,2.262736, id=,B08, PRDE,actvstrat=,1.000000, actvprof=,5.567108, id=,S01, PRDE,actvstrat=,0.870181, actvprof=,4.314755, id=,S02, PRDE,actvstrat=,1.000000, actvprof=,3.102268, id=,S07, PRDE,actvstrat=,-1.000000, actvprof=,0.000000, id=,S08, PRDE,actvstrat=,-0.913124, actvprof=,0.000000, id=,S09, PRDE,actvstrat=,1.000000, actvprof=,0.000000, best_B_id=,B08, best_B_prof=,5.567108, best_B_strat=,1.000000, best_S_id=,S01, best_S_prof=,4.314755, best_S_strat=,0.870181, 
t=,190800, id=,B00, PRDE,actvstrat=,0.331588, actvprof=,0.000000, id=,B03, PRDE,actvstrat=,0.371803, actvprof=,0.013058, id=,B05, PRDE,actvstrat=,0.061426, actvprof=,0.870471, id=,B06, PRDE,actvstrat=,-1.000000, actvprof=,3.281563, id=,B08, PRDE,actvstrat=,1.000000, actvprof=,6.799011, id=,S01, PRDE,actvstrat=,-1.000000, actvprof=,3.925317, id=,S02, PRDE,actvstrat=,1.000000, actvprof=,2.582518, id=,S07, PRDE,actvstrat=,-1.000000, actvprof=,0.000000, id=,S08, PRDE,actvstrat=,-1.000000, actvprof=,0.000000, id=,S09, PRDE,actvstrat=,1.000000, actvprof=,0.000000, best_B_id=,B08, best_B_prof=,6.799011, best_B_strat=,1.000000, best_S_id=,S01, best_S_prof=,3.925317, best_S_strat=,-1.000000, 
t=,194400, id=,B00, PRDE,actvstrat=,0.331588, actvprof=,0.000000, id=,B03, PRDE,actvstrat=,0.371803, actvprof=,0.015002, id=,B05, PRDE,actvstrat=,0.061426, actvprof=,0.910657, id=,B06, PRDE,actvstrat=,-1.000000, actvprof=,3.311340, id=,B08, PRDE,actvstrat=,1.000000, actvprof=,6.849233, id=,S01, PRDE,actvstrat=,-1.000000, actvprof=,3.891821, id=,S02, PRDE,actvstrat=,1.000000, actvprof=,2.519447, id=,S07, PRDE,actvstrat=,-1.000000, actvprof=,0.000000, id=,S08, PRDE,actvstrat=,-1.000000, actvprof=,0.000000, id=,S09, PRDE,actvstrat=,1.000000, actvprof=,0.000000, best_B_id=,B08, best_B_prof=,6.849233, best_B_strat=,1.000000, best_S_id=,S01, best_S_prof=,3.891821, best_S_strat=,-1.000000, 
t=,198000, id=,B00, PRDE,actvstrat=,0.428486, actvprof=,0.000000, id=,B03, PRDE,actvstrat=,1.000000, actvprof=,0.000278, id=,B05, PRDE,actvstrat=,0.334121, actvprof=,0.195324, id=,B06, PRDE,actvstrat=,1.000000, actvprof=,1.939902, id=,B08, PRDE,actvstrat=,1.000000, actvprof=,5.277913, id=,S01, PRDE,actvstrat=,-0.194728, actvprof=,0.633761, id=,S02, PRDE,actvstrat=,0.202654, actvprof=,1.285026, id=,S07, PRDE,actvstrat=,-1.000000, actvprof=,0.000000, id=,S08, PRDE,actvstrat=,-0.869685, actvprof=,0.000000, id=,S09, PRDE,actvstrat=,-1.000000, actvprof=,0.000000, best_B_id=,B08, best_B_prof=,5.277913, best_B_strat=,1.000000, best_S_id=,S02, best_S_prof=,1.285026, best_S_strat=,0.202654, 
t=,201600, id=,B00, PRDE,actvstrat=,0.428486, actvprof=,0.000000, id=,B03, PRDE,actvstrat=,1.000000, actvprof=,0.000139, id=,B05, PRDE,actvstrat=,0.334121, actvprof=,0.198912, id=,B06, PRDE,actvstrat=,1.000000, actvprof=,2.006070, id=,B08, PRDE,actvstrat=,1.000000, actvprof=,5.332991, id=,S01, PRDE,actvstrat=,-0.194728, actvprof=,0.615212, id=,S02, PRDE,actvstrat=,0.202654, actvprof=,1.285846, id=,S07, PRDE,actvstrat=,-1.000000, actvprof=,0.000000, id=,S08, PRDE,actvstrat=,-0.869685, actvprof=,0.000000, id=,S09, PRDE,actvstrat=,-1.000000, actvprof=,0.000000, best_B_id=,B08, best_B_prof=,5.332991, best_B_strat=,1.000000, best_S_id=,S02, best_S_prof=,1.285846, best_S_strat=,0.202654, 
t=,205200, id=,B00, PRDE,actvstrat=,-1.000000, actvprof=,0.000000, id=,B03, PRDE,actvstrat=,0.371803, actvprof=,0.002778, id=,B05, PRDE,actvstrat=,0.431654, actvprof=,0.822428, id=,B06, PRDE,actvstrat=,1.000000, actvprof=,2.809869, id=,B08, PRDE,actvstrat=,1.000000, actvprof=,6.158206, id=,S01, PRDE,actvstrat=,0.064909, actvprof=,1.516768, id=,S02, PRDE,actvstrat=,-1.000000, actvprof=,3.026034, id=,S07, PRDE,actvstrat=,-1.000000, actvprof=,0.000000, id=,S08, PRDE,actvstrat=,-0.869685, actvprof=,0.000000, id=,S09, PRDE,actvstrat=,0.787952, actvprof=,0.000000, best_B_id=,B08, best_B_prof=,6.158206, best_B_strat=,1.000000, best_S_id=,S02, best_S_prof=,3.026034, best_S_strat=,-1.000000, 
t=,208800, id=,B00, PRDE,actvstrat=,-1.000000, actvprof=,0.000000, id=,B03, PRDE,actvstrat=,0.371803, actvprof=,0.002084, id=,B05, PRDE,actvstrat=,0.431654, actvprof=,0.834271, id=,B06, PRDE,actvstrat=,1.000000, actvprof=,2.901057, id=,B08, PRDE,actvstrat=,1.000000, actvprof=,6.227306, id=,S01, PRDE,actvstrat=,0.064909, actvprof=,1.432957, id=,S02, PRDE,actvstrat=,-1.000000, actvprof=,3.016627, id=,S07, PRDE,actvstrat=,-1.000000, actvprof=,0.000000, id=,S08, PRDE,actvstrat=,-0.869685, actvprof=,0.000000, id=,S09, PRDE,actvstrat=,0.787952, actvprof=,0.000000, best_B_id=,B08, best_B_prof=,6.227306, best_B_strat=,1.000000, best_S_id=,S02, best_S_prof=,3.016627, best_S_strat=,-1.000000, 
t=,212400, id=,B00, PRDE,actvstrat=,-1.000000, actvprof=,0.000000, id=,B03, PRDE,actvstrat=,1.000000, actvprof=,0.005835, id=,B05, PRDE,actvstrat=,-0.579744, actvprof=,0.247287, id=,B06, PRDE,actvstrat=,-1.000000, actvprof=,3.162779, id=,B08, PRDE,actvstrat=,-1.000000, actvprof=,6.181076, id=,S01, PRDE,actvstrat=,0.870181, actvprof=,4.178047, id=,S02, PRDE,actvstrat=,1.000000, actvprof=,3.047471, id=,S07, PRDE,actvstrat=,0.144023, actvprof=,0.000000, id=,S08, PRDE,actvstrat=,-0.869685, actvprof=,0.000000, id=,S09, PRDE,actvstrat=,-0.963666, actvprof=,0.000000, best_B_id=,B08, best_B_prof=,6.181076, best_B_strat=,-1.000000, best_S_id=,S01, best_S_prof=,4.178047, best_S_strat=,0.870181, 
t=,216000, id=,B00, PRDE,actvstrat=,-1.000000, actvprof=,0.000000, id=,B03, PRDE,actvstrat=,1.000000, actvprof=,0.004862, id=,B05, PRDE,actvstrat=,-0.579744, actvprof=,0.230169, id=,B06, PRDE,actvstrat=,-1.000000, actvprof=,3.136803, id=,B08, PRDE,actvstrat=,-1.000000, actvprof=,6.230266, id=,S01, PRDE,actvstrat=,0.870181, actvprof=,4.124294, id=,S02, PRDE,actvstrat=,1.000000, actvprof=,3.007480, id=,S07, PRDE,actvstrat=,0.144023, actvprof=,0.000000, id=,S08, PRDE,actvstrat=,-0.869685, actvprof=,0.000000, id=,S09, PRDE,actvstrat=,-0.963666, actvprof=,0.000000, best_B_id=,B08, best_B_prof=,6.230266, best_B_strat=,-1.000000, best_S_id=,S01, best_S_prof=,4.124294, best_S_strat=,0.870181, 
t=,219600, id=,B00, PRDE,actvstrat=,-0.714243, actvprof=,0.000000, id=,B03, PRDE,actvstrat=,0.256395, actvprof=,0.018616, id=,B05, PRDE,actvstrat=,0.036717, actvprof=,0.889969, id=,B06, PRDE,actvstrat=,-1.000000, actvprof=,3.304529, id=,B08, PRDE,actvstrat=,-0.762939, actvprof=,3.815782, id=,S01, PRDE,actvstrat=,1.000000, actvprof=,4.248402, id=,S02, PRDE,actvstrat=,1.000000, actvprof=,2.573215, id=,S07, PRDE,actvstrat=,-1.000000, actvprof=,0.000000, id=,S08, PRDE,actvstrat=,-1.000000, actvprof=,0.000000, id=,S09, PRDE,actvstrat=,0.860621, actvprof=,0.000000, best_B_id=,B08, best_B_prof=,3.815782, best_B_strat=,-0.762939, best_S_id=,S01, best_S_prof=,4.248402, best_S_strat=,1.000000, 
t=,223200, id=,B00, PRDE,actvstrat=,-0.714243, actvprof=,0.000000, id=,B03, PRDE,actvstrat=,0.256395, actvprof=,0.020003, id=,B05, PRDE,actvstrat=,0.036717, actvprof=,0.865682, id=,B06, PRDE,actvstrat=,-1.000000, actvprof=,3.309233, id=,B08, PRDE,actvstrat=,-0.762939, actvprof=,3.736378, id=,S01, PRDE,actvstrat=,1.000000, actvprof=,4.247842, id=,S02, PRDE,actvstrat=,1.000000, actvprof=,2.606213, id=,S07, PRDE,actvstrat=,-1.000000, actvprof=,0.000000, id=,S08, PRDE,actvstrat=,-1.000000, actvprof=,0.000000, id=,S09, PRDE,actvstrat=,0.860621, actvprof=,0.000000, best_B_id=,B08, best_B_prof=,3.736378, best_B_strat=,-0.762939, best_S_id=,S01, best_S_prof=,4.247842, best_S_strat=,1.000000, 
t=,226800, id=,B00, PRDE,actvstrat=,0.951701, actvprof=,0.000000, id=,B03, PRDE,actvstrat=,1.000000, actvprof=,0.008336, id=,B05, PRDE,actvstrat=,-0.556338, actvprof=,0.440412, id=,B06, PRDE,actvstrat=,1.000000, actvprof=,3.508572, id=,B08, PRDE,actvstrat=,-1.000000, actvprof=,6.505599, id=,S01, PRDE,actvstrat=,1.000000, actvprof=,4.243241, id=,S02, PRDE,actvstrat=,-1.000000, actvprof=,2.466031, id=,S07, PRDE,actvstrat=,1.000000, actvprof=,0.000000, id=,S08, PRDE,actvstrat=,-0.695933, actvprof=,0.000000, id=,S09, PRDE,actvstrat=,-0.927331, actvprof=,0.000000, best_B_id=,B08, best_B_prof=,6.505599, best_B_strat=,-1.000000, best_S_id=,S01, best_S_prof=,4.243241, best_S_strat=,1.000000, 
t=,230400, id=,B00, PRDE,actvstrat=,0.951701, actvprof=,0.000000, id=,B03, PRDE,actvstrat=,1.000000, actvprof=,0.007779, id=,B05, PRDE,actvstrat=,-0.556338, actvprof=,0.421728, id=,B06, PRDE,actvstrat=,1.000000, actvprof=,3.488425, id=,B08, PRDE,actvstrat=,-1.000000, actvprof=,6.578459, id=,S01, PRDE,actvstrat=,1.000000, actvprof=,4.283402, id=,S02, PRDE,actvstrat=,-1.000000, actvprof=,2.488557, id=,S07, PRDE,actvstrat=,1.000000, actvprof=,0.000000, id=,S08, PRDE,actvstrat=,-0.695933, actvprof=,0.000000, id=,S09, PRDE,actvstrat=,-0.927331, actvprof=,0.000000, best_B_id=,B08, best_B_prof=,6.578459, best_B_strat=,-1.000000, best_S_id=,S01, best_S_prof=,4.283402, best_S_strat=,1.000000, 
t=,234000, id=,B00, PRDE,actvstrat=,0.951701, actvprof=,0.000000, id=,B03, PRDE,actvstrat=,-1.000000, actvprof=,0.010003, id=,B05, PRDE,actvstrat=,0.851298, actvprof=,1.105909, id=,B06, PRDE,actvstrat=,1.000000, actvprof=,2.675021, id=,B08, PRDE,actvstrat=,-1.000000, actvprof=,5.667644, id=,S01, PRDE,actvstrat=,0.870181, actvprof=,4.505328, id=,S02, PRDE,actvstrat=,-1.000000, actvprof=,3.342179, id=,S07, PRDE,actvstrat=,0.144023, actvprof=,0.000000, id=,S08, PRDE,actvstrat=,-0.956562, actvprof=,0.000000, id=,S09, PRDE,actvstrat=,-1.000000, actvprof=,0.000000, best_B_id=,B08, best_B_prof=,5.667644, best_B_strat=,-1.000000, best_S_id=,S01, best_S_prof=,4.505328, best_S_strat=,0.870181, 
t=,237600, id=,B00, PRDE,actvstrat=,0.951701, actvprof=,0.000000, id=,B03, PRDE,actvstrat=,-1.000000, actvprof=,0.009446, id=,B05, PRDE,actvstrat=,0.851298, actvprof=,1.069199, id=,B06, PRDE,actvstrat=,1.000000, actvprof=,2.652368, id=,B08, PRDE,actvstrat=,-1.000000, actvprof=,5.650903, id=,S01, PRDE,actvstrat=,0.870181, actvprof=,4.526556, id=,S02, PRDE,actvstrat=,-1.000000, actvprof=,3.300805, id=,S07, PRDE,actvstrat=,0.144023, actvprof=,0.000000, id=,S08, PRDE,actvstrat=,-0.956562, actvprof=,0.000000, id=,S09, PRDE,actvstrat=,-1.000000, actvprof=,0.000000, best_B_id=,B08, best_B_prof=,5.650903, best_B_strat=,-1.000000, best_S_id=,S01, best_S_prof=,4.526556, best_S_strat=,0.870181, 
t=,241200, id=,B00, PRDE,actvstrat=,1.000000, actvprof=,0.000000, id=,B03, PRDE,actvstrat=,-0.658950, actvprof=,0.003057, id=,B05, PRDE,actvstrat=,-1.000000, actvprof=,1.255957, id=,B06, PRDE,actvstrat=,0.687916, actvprof=,2.505245, id=,B08, PRDE,actvstrat=,-1.000000, actvprof=,5.780180, id=,S01, PRDE,actvstrat=,1.000000, actvprof=,4.943801, id=,S02, PRDE,actvstrat=,-1.000000, actvprof=,3.069592, id=,S07, PRDE,actvstrat=,1.000000, actvprof=,0.000000, id=,S08, PRDE,actvstrat=,-1.000000, actvprof=,0.000000, id=,S09, PRDE,actvstrat=,-1.000000, actvprof=,0.000000, best_B_id=,B08, best_B_prof=,5.780180, best_B_strat=,-1.000000, best_S_id=,S01, best_S_prof=,4.943801, best_S_strat=,1.000000, 
t=,244800, id=,B00, PRDE,actvstrat=,1.000000, actvprof=,0.000000, id=,B03, PRDE,actvstrat=,-0.658950, actvprof=,0.001528, id=,B05, PRDE,actvstrat=,-1.000000, actvprof=,1.277852, id=,B06, PRDE,actvstrat=,0.687916, actvprof=,2.556398, id=,B08, PRDE,actvstrat=,-1.000000, actvprof=,5.864727, id=,S01, PRDE,actvstrat=,1.000000, actvprof=,4.893871, id=,S02, PRDE,actvstrat=,-1.000000, actvprof=,3.058843, id=,S07, PRDE,actvstrat=,1.000000, actvprof=,0.000000, id=,S08, PRDE,actvstrat=,-1.000000, actvprof=,0.000000, id=,S09, PRDE,actvstrat=,-1.000000, actvprof=,0.000000, best_B_id=,B08, best_B_prof=,5.864727, best_B_strat=,-1.000000, best_S_id=,S01, best_S_prof=,4.893871, best_S_strat=,1.000000, 
t=,248400, id=,B00, PRDE,actvstrat=,1.000000, actvprof=,0.000000, id=,B03, PRDE,actvstrat=,1.000000, actvprof=,0.004446, id=,B05, PRDE,actvstrat=,0.357303, actvprof=,1.051476, id=,B06, PRDE,actvstrat=,1.000000, actvprof=,3.316429, id=,B08, PRDE,actvstrat=,1.000000, actvprof=,6.654255, id=,S01, PRDE,actvstrat=,1.000000, actvprof=,4.221188, id=,S02, PRDE,actvstrat=,-1.000000, actvprof=,2.623133, id=,S07, PRDE,actvstrat=,-0.427988, actvprof=,0.000000, id=,S08, PRDE,actvstrat=,-1.000000, actvprof=,0.000000, id=,S09, PRDE,actvstrat=,-0.927331, actvprof=,0.000000, best_B_id=,B08, best_B_prof=,6.654255, best_B_strat=,1.000000, best_S_id=,S01, best_S_prof=,4.221188, best_S_strat=,1.000000, 
t=,252000, id=,B00, PRDE,actvstrat=,1.000000, actvprof=,0.000000, id=,B03, PRDE,actvstrat=,1.000000, actvprof=,0.003195, id=,B05, PRDE,actvstrat=,0.357303, actvprof=,1.053933, id=,B06, PRDE,actvstrat=,1.000000, actvprof=,3.304185, id=,B08, PRDE,actvstrat=,1.000000, actvprof=,6.672964, id=,S01, PRDE,actvstrat=,1.000000, actvprof=,4.166696, id=,S02, PRDE,actvstrat=,-1.000000, actvprof=,2.588922, id=,S07, PRDE,actvstrat=,-0.427988, actvprof=,0.000000, id=,S08, PRDE,actvstrat=,-1.000000, actvprof=,0.000000, id=,S09, PRDE,actvstrat=,-0.927331, actvprof=,0.000000, best_B_id=,B08, best_B_prof=,6.672964, best_B_strat=,1.000000, best_S_id=,S01, best_S_prof=,4.166696, best_S_strat=,1.000000, 
t=,255600, id=,B00, PRDE,actvstrat=,1.000000, actvprof=,0.000000, id=,B03, PRDE,actvstrat=,-1.000000, actvprof=,0.000000, id=,B05, PRDE,actvstrat=,1.000000, actvprof=,0.180350, id=,B06, PRDE,actvstrat=,1.000000, actvprof=,1.437246, id=,B08, PRDE,actvstrat=,1.000000, actvprof=,4.738297, id=,S01, PRDE,actvstrat=,-0.425182, actvprof=,0.567173, id=,S02, PRDE,actvstrat=,1.000000, actvprof=,4.507927, id=,S07, PRDE,actvstrat=,-0.798435, actvprof=,0.000000, id=,S08, PRDE,actvstrat=,-1.000000, actvprof=,0.000000, id=,S09, PRDE,actvstrat=,-1.000000, actvprof=,0.000000, best_B_id=,B08, best_B_prof=,4.738297, best_B_strat=,1.000000, best_S_id=,S02, best_S_prof=,4.507927, best_S_strat=,1.000000, 
t=,259200, id=,B00, PRDE,actvstrat=,1.000000, actvprof=,0.000000, id=,B03, PRDE,actvstrat=,-1.000000, actvprof=,0.000972, id=,B05, PRDE,actvstrat=,1.000000, actvprof=,0.207403, id=,B06, PRDE,actvstrat=,1.000000, actvprof=,1.499469, id=,B08, PRDE,actvstrat=,1.000000, actvprof=,4.840558, id=,S01, PRDE,actvstrat=,-0.425182, actvprof=,0.583312, id=,S02, PRDE,actvstrat=,1.000000, actvprof=,4.406165, id=,S07, PRDE,actvstrat=,-0.798435, actvprof=,0.000000, id=,S08, PRDE,actvstrat=,-1.000000, actvprof=,0.000000, id=,S09, PRDE,actvstrat=,-1.000000, actvprof=,0.000000, best_B_id=,B08, best_B_prof=,4.840558, best_B_strat=,1.000000, best_S_id=,S02, best_S_prof=,4.406165, best_S_strat=,1.000000, 
t=,262800, id=,B00, PRDE,actvstrat=,-1.000000, actvprof=,0.000000, id=,B03, PRDE,actvstrat=,1.000000, actvprof=,0.000278, id=,B05, PRDE,actvstrat=,-1.000000, actvprof=,1.517577, id=,B06, PRDE,actvstrat=,-0.843958, actvprof=,0.496874, id=,B08, PRDE,actvstrat=,1.000000, actvprof=,6.426567, id=,S01, PRDE,actvstrat=,-1.000000, actvprof=,4.492705, id=,S02, PRDE,actvstrat=,0.398673, actvprof=,0.950952, id=,S07, PRDE,actvstrat=,1.000000, actvprof=,0.001112, id=,S08, PRDE,actvstrat=,-0.956562, actvprof=,0.000000, id=,S09, PRDE,actvstrat=,-1.000000, actvprof=,0.000000, best_B_id=,B08, best_B_prof=,6.426567, best_B_strat=,1.000000, best_S_id=,S01, best_S_prof=,4.492705, best_S_strat=,-1.000000, 
t=,266400, id=,B00, PRDE,actvstrat=,-1.000000, actvprof=,0.000000, id=,B03, PRDE,actvstrat=,1.000000, actvprof=,0.001806, id=,B05, PRDE,actvstrat=,-1.000000, actvprof=,1.549489, id=,B06, PRDE,actvstrat=,-0.843958, actvprof=,0.470654, id=,B08, PRDE,actvstrat=,1.000000, actvprof=,6.503855, id=,S01, PRDE,actvstrat=,-1.000000, actvprof=,4.388831, id=,S02, PRDE,actvstrat=,0.398673, actvprof=,0.940335, id=,S07, PRDE,actvstrat=,1.000000, actvprof=,0.000972, id=,S08, PRDE,actvstrat=,-0.956562, actvprof=,0.000000, id=,S09, PRDE,actvstrat=,-1.000000, actvprof=,0.000000, best_B_id=,B08, best_B_prof=,6.503855, best_B_strat=,1.000000, best_S_id=,S01, best_S_prof=,4.388831, best_S_strat=,-1.000000, 
t=,270000, id=,B00, PRDE,actvstrat=,1.000000, actvprof=,0.000000, id=,B03, PRDE,actvstrat=,0.487211, actvprof=,0.016396, id=,B05, PRDE,actvstrat=,-0.555036, actvprof=,0.357376, id=,B06, PRDE,actvstrat=,0.687916, actvprof=,2.940988, id=,B08, PRDE,actvstrat=,1.000000, actvprof=,6.409704, id=,S01, PRDE,actvstrat=,0.287409, actvprof=,1.446456, id=,S02, PRDE,actvstrat=,1.000000, actvprof=,2.443274, id=,S07, PRDE,actvstrat=,0.302348, actvprof=,0.000834, id=,S08, PRDE,actvstrat=,-1.000000, actvprof=,0.000000, id=,S09, PRDE,actvstrat=,-0.927331, actvprof=,0.000000, best_B_id=,B08, best_B_prof=,6.409704, best_B_strat=,1.000000, best_S_id=,S02, best_S_prof=,2.443274, best_S_strat=,1.000000, 
t=,273600, id=,B00, PRDE,actvstrat=,1.000000, actvprof=,0.000000, id=,B03, PRDE,actvstrat=,0.487211, actvprof=,0.012364, id=,B05, PRDE,actvstrat=,-0.555036, actvprof=,0.309650, id=,B06, PRDE,actvstrat=,0.687916, actvprof=,2.829359, id=,B08, PRDE,actvstrat=,1.000000, actvprof=,6.394293, id=,S01, PRDE,actvstrat=,0.287409, actvprof=,1.515048, id=,S02, PRDE,actvstrat=,1.000000, actvprof=,2.584029, id=,S07, PRDE,actvstrat=,0.302348, actvprof=,0.000417, id=,S08, PRDE,actvstrat=,-1.000000, actvprof=,0.000000, id=,S09, PRDE,actvstrat=,-0.927331, actvprof=,0.000000, best_B_id=,B08, best_B_prof=,6.394293, best_B_strat=,1.000000, best_S_id=,S02, best_S_prof=,2.584029, best_S_strat=,1.000000, 
t=,277200, id=,B00, PRDE,actvstrat=,1.000000, actvprof=,0.000000, id=,B03, PRDE,actvstrat=,0.256395, actvprof=,0.008337, id=,B05, PRDE,actvstrat=,0.036717, actvprof=,1.079091, id=,B06, PRDE,actvstrat=,1.000000, actvprof=,3.776123, id=,B08, PRDE,actvstrat=,1.000000, actvprof=,7.079257, id=,S01, PRDE,actvstrat=,-1.000000, actvprof=,3.599100, id=,S02, PRDE,actvstrat=,1.000000, actvprof=,2.030069, id=,S07, PRDE,actvstrat=,1.000000, actvprof=,0.000000, id=,S08, PRDE,actvstrat=,-1.000000, actvprof=,0.000000, id=,S09, PRDE,actvstrat=,-1.000000, actvprof=,0.000000, best_B_id=,B08, best_B_prof=,7.079257, best_B_strat=,1.000000, best_S_id=,S01, best_S_prof=,3.599100, best_S_strat=,-1.000000, 
t=,280800, id=,B00, PRDE,actvstrat=,1.000000, actvprof=,0.000000, id=,B03, PRDE,actvstrat=,0.256395, actvprof=,0.011669, id=,B05, PRDE,actvstrat=,0.036717, actvprof=,1.046621, id=,B06, PRDE,actvstrat=,1.000000, actvprof=,3.669982, id=,B08, PRDE,actvstrat=,1.000000, actvprof=,7.040592, id=,S01, PRDE,actvstrat=,-1.000000, actvprof=,3.607329, id=,S02, PRDE,actvstrat=,1.000000, actvprof=,2.092548, id=,S07, PRDE,actvstrat=,1.000000, actvprof=,0.000278, id=,S08, PRDE,actvstrat=,-1.000000, actvprof=,0.000000, id=,S09, PRDE,actvstrat=,-1.000000, actvprof=,0.000000, best_B_id=,B08, best_B_prof=,7.040592, best_B_strat=,1.000000, best_S_id=,S01, best_S_prof=,3.607329, best_S_strat=,-1.000000, 
t=,284400, id=,B00, PRDE,actvstrat=,-0.143029, actvprof=,0.000000, id=,B03, PRDE,actvstrat=,-1.000000, actvprof=,0.000000, id=,B05, PRDE,actvstrat=,0.851298, actvprof=,0.529972, id=,B06, PRDE,actvstrat=,0.063749, actvprof=,1.071339, id=,B08, PRDE,actvstrat=,-1.000000, actvprof=,5.187450, id=,S01, PRDE,actvstrat=,-0.425182, actvprof=,0.474669, id=,S02, PRDE,actvstrat=,1.000000, actvprof=,4.001612, id=,S07, PRDE,actvstrat=,1.000000, actvprof=,0.000000, id=,S08, PRDE,actvstrat=,-1.000000, actvprof=,0.000000, id=,S09, PRDE,actvstrat=,-0.963666, actvprof=,0.000000, best_B_id=,B08, best_B_prof=,5.187450, best_B_strat=,-1.000000, best_S_id=,S02, best_S_prof=,4.001612, best_S_strat=,1.000000, 
t=,288000, id=,B00, PRDE,actvstrat=,-0.143029, actvprof=,0.000000, id=,B03, PRDE,actvstrat=,-1.000000, actvprof=,0.000000, id=,B05, PRDE,actvstrat=,0.851298, actvprof=,0.512760, id=,B06, PRDE,actvstrat=,0.063749, actvprof=,1.086923, id=,B08, PRDE,actvstrat=,-1.000000, actvprof=,5.120376, id=,S01, PRDE,actvstrat=,-0.425182, actvprof=,0.527486, id=,S02, PRDE,actvstrat=,1.000000, actvprof=,4.012336, id=,S07, PRDE,actvstrat=,1.000000, actvprof=,0.000000, id=,S08, PRDE,actvstrat=,-1.000000, actvprof=,0.000000, id=,S09, PRDE,actvstrat=,-0.963666, actvprof=,0.000000, best_B_id=,B08, best_B_prof=,5.120376, best_B_strat=,-1.000000, best_S_id=,S02, best_S_prof=,4.012336, best_S_strat=,1.000000, 
t=,291600, id=,B00, PRDE,actvstrat=,1.000000, actvprof=,0.000000, id=,B03, PRDE,actvstrat=,0.170525, actvprof=,0.030292, id=,B05, PRDE,actvstrat=,0.431654, actvprof=,0.997415, id=,B06, PRDE,actvstrat=,1.000000, actvprof=,2.695440, id=,B08, PRDE,actvstrat=,1.000000, actvprof=,6.074813, id=,S01, PRDE,actvstrat=,1.000000, actvprof=,4.053025, id=,S02, PRDE,actvstrat=,1.000000, actvprof=,2.547314, id=,S07, PRDE,actvstrat=,-1.000000, actvprof=,0.001945, id=,S08, PRDE,actvstrat=,-1.000000, actvprof=,0.000000, id=,S09, PRDE,actvstrat=,-0.963666, actvprof=,0.000000, best_B_id=,B08, best_B_prof=,6.074813, best_B_strat=,1.000000, best_S_id=,S01, best_S_prof=,4.053025, best_S_strat=,1.000000, 
t=,295200, id=,B00, PRDE,actvstrat=,1.000000, actvprof=,0.000000, id=,B03, PRDE,actvstrat=,0.170525, actvprof=,0.027368, id=,B05, PRDE,actvstrat=,0.431654, actvprof=,1.034001, id=,B06, PRDE,actvstrat=,1.000000, actvprof=,2.737471, id=,B08, PRDE,actvstrat=,1.000000, actvprof=,6.096343, id=,S01, PRDE,actvstrat=,1.000000, actvprof=,4.043761, id=,S02, PRDE,actvstrat=,1.000000, actvprof=,2.495051, id=,S07, PRDE,actvstrat=,-1.000000, actvprof=,0.000972, id=,S08, PRDE,actvstrat=,-1.000000, actvprof=,0.000000, id=,S09, PRDE,actvstrat=,-0.963666, actvprof=,0.000000, best_B_id=,B08, best_B_prof=,6.096343, best_B_strat=,1.000000, best_S_id=,S01, best_S_prof=,4.043761, best_S_strat=,1.000000, 
t=,298800, id=,B00, PRDE,actvstrat=,-0.762242, actvprof=,0.000000, id=,B03, PRDE,actvstrat=,-1.000000, actvprof=,0.000000, id=,B05, PRDE,actvstrat=,1.000000, actvprof=,0.704509, id=,B06, PRDE,actvstrat=,1.000000, actvprof=,2.137150, id=,B08, PRDE,actvstrat=,1.000000, actvprof=,5.571041, id=,S01, PRDE,actvstrat=,-1.000000, actvprof=,5.239491, id=,S02, PRDE,actvstrat=,0.202654, actvprof=,1.048287, id=,S07, PRDE,actvstrat=,1.000000, actvprof=,0.006114, id=,S08, PRDE,actvstrat=,-0.956562, actvprof=,0.000000, id=,S09, PRDE,actvstrat=,-0.927331, actvprof=,0.000000, best_B_id=,B08, best_B_prof=,5.571041, best_B_strat=,1.000000, best_S_id=,S01, best_S_prof=,5.239491, best_S_strat=,-1.000000, 
t=,302400, id=,B00, PRDE,actvstrat=,-0.762242, actvprof=,0.000000, id=,B03, PRDE,actvstrat=,-1.000000, actvprof=,0.000000, id=,B05, PRDE,actvstrat=,1.000000, actvprof=,0.668639, id=,B06, PRDE,actvstrat=,1.000000, actvprof=,2.082465, id=,B08, PRDE,actvstrat=,1.000000, actvprof=,5.439415, id=,S01, PRDE,actvstrat=,-1.000000, actvprof=,5.151982, id=,S02, PRDE,actvstrat=,0.202654, actvprof=,1.112778, id=,S07, PRDE,actvstrat=,1.000000, actvprof=,0.004168, id=,S08, PRDE,actvstrat=,-0.956562, actvprof=,0.000000, id=,S09, PRDE,actvstrat=,-0.927331, actvprof=,0.000000, best_B_id=,B08, best_B_prof=,5.439415, best_B_strat=,1.000000, best_S_id=,S01, best_S_prof=,5.151982, best_S_strat=,-1.000000, 
t=,306000, id=,B00, PRDE,actvstrat=,-0.191328, actvprof=,0.000000, id=,B03, PRDE,actvstrat=,0.256395, actvprof=,0.002501, id=,B05, PRDE,actvstrat=,-1.000000, actvprof=,0.647555, id=,B06, PRDE,actvstrat=,1.000000, actvprof=,1.974904, id=,B08, PRDE,actvstrat=,1.000000, actvprof=,5.238247, id=,S01, PRDE,actvstrat=,0.287409, actvprof=,2.296458, id=,S02, PRDE,actvstrat=,1.000000, actvprof=,3.950085, id=,S07, PRDE,actvstrat=,-0.100783, actvprof=,0.000000, id=,S08, PRDE,actvstrat=,-0.869685, actvprof=,0.000000, id=,S09, PRDE,actvstrat=,-1.000000, actvprof=,0.000000, best_B_id=,B08, best_B_prof=,5.238247, best_B_strat=,1.000000, best_S_id=,S02, best_S_prof=,3.950085, best_S_strat=,1.000000, 
t=,309600, id=,B00, PRDE,actvstrat=,-0.191328, actvprof=,0.000000, id=,B03, PRDE,actvstrat=,0.256395, actvprof=,0.007780, id=,B05, PRDE,actvstrat=,-1.000000, actvprof=,0.677396, id=,B06, PRDE,actvstrat=,1.000000, actvprof=,1.952307, id=,B08, PRDE,actvstrat=,1.000000, actvprof=,5.252739, id=,S01, PRDE,actvstrat=,0.287409, actvprof=,2.264332, id=,S02, PRDE,actvstrat=,1.000000, actvprof=,3.919479, id=,S07, PRDE,actvstrat=,-0.100783, actvprof=,0.000000, id=,S08, PRDE,actvstrat=,-0.869685, actvprof=,0.000000, id=,S09, PRDE,actvstrat=,-1.000000, actvprof=,0.000000, best_B_id=,B08, best_B_prof=,5.252739, best_B_strat=,1.000000, best_S_id=,S02, best_S_prof=,3.919479, best_S_strat=,1.000000, 
t=,313200, id=,B00, PRDE,actvstrat=,1.000000, actvprof=,0.000000, id=,B03, PRDE,actvstrat=,-1.000000, actvprof=,0.000000, id=,B05, PRDE,actvstrat=,0.702596, actvprof=,0.883800, id=,B06, PRDE,actvstrat=,0.375832, actvprof=,1.851811, id=,B08, PRDE,actvstrat=,-1.000000, actvprof=,5.661877, id=,S01, PRDE,actvstrat=,-1.000000, actvprof=,4.857008, id=,S02, PRDE,actvstrat=,0.594693, actvprof=,1.513299, id=,S07, PRDE,actvstrat=,1.000000, actvprof=,0.000000, id=,S08, PRDE,actvstrat=,-0.782809, actvprof=,0.000000, id=,S09, PRDE,actvstrat=,-0.854662, actvprof=,0.000000, best_B_id=,B08, best_B_prof=,5.661877, best_B_strat=,-1.000000, best_S_id=,S01, best_S_prof=,4.857008, best_S_strat=,-1.000000, 
t=,316800, id=,B00, PRDE,actvstrat=,1.000000, actvprof=,0.000000, id=,B03, PRDE,actvstrat=,-1.000000, actvprof=,0.000000, id=,B05, PRDE,actvstrat=,0.702596, actvprof=,0.868563, id=,B06, PRDE,actvstrat=,0.375832, actvprof=,1.872300, id=,B08, PRDE,actvstrat=,-1.000000, actvprof=,5.739570, id=,S01, PRDE,actvstrat=,-1.000000, actvprof=,4.685542, id=,S02, PRDE,actvstrat=,0.594693, actvprof=,1.497340, id=,S07, PRDE,actvstrat=,1.000000, actvprof=,0.000000, id=,S08, PRDE,actvstrat=,-0.782809, actvprof=,0.000000, id=,S09, PRDE,actvstrat=,-0.854662, actvprof=,0.000000, best_B_id=,B08, best_B_prof=,5.739570, best_B_strat=,-1.000000, best_S_id=,S01, best_S_prof=,4.685542, best_S_strat=,-1.000000, 
t=,320400, id=,B00, PRDE,actvstrat=,-0.762242, actvprof=,0.000000, id=,B03, PRDE,actvstrat=,0.487211, actvprof=,0.007782, id=,B05, PRDE,actvstrat=,0.357303, actvprof=,1.110571, id=,B06, PRDE,actvstrat=,0.687916, actvprof=,3.091311, id=,B08, PRDE,actvstrat=,1.000000, actvprof=,6.626461, id=,S01, PRDE,actvstrat=,0.870181, actvprof=,3.621305, id=,S02, PRDE,actvstrat=,-1.000000, actvprof=,2.592443, id=,S07, PRDE,actvstrat=,-1.000000, actvprof=,0.000000, id=,S08, PRDE,actvstrat=,-0.695933, actvprof=,0.000000, id=,S09, PRDE,actvstrat=,-0.963666, actvprof=,0.000000, best_B_id=,B08, best_B_prof=,6.626461, best_B_strat=,1.000000, best_S_id=,S01, best_S_prof=,3.621305, best_S_strat=,0.870181, 
t=,324000, id=,B00, PRDE,actvstrat=,-0.762242, actvprof=,0.000000, id=,B03, PRDE,actvstrat=,0.487211, actvprof=,0.009447, id=,B05, PRDE,actvstrat=,0.357303, actvprof=,1.115302, id=,B06, PRDE,actvstrat=,0.687916, actvprof=,2.998451, id=,B08, PRDE,actvstrat=,1.000000, actvprof=,6.633602, id=,S01, PRDE,actvstrat=,0.870181, actvprof=,3.729621, id=,S02, PRDE,actvstrat=,-1.000000, actvprof=,2.643077, id=,S07, PRDE,actvstrat=,-1.000000, actvprof=,0.000000, id=,S08, PRDE,actvstrat=,-0.695933, actvprof=,0.000000, id=,S09, PRDE,actvstrat=,-0.963666, actvprof=,0.000000, best_B_id=,B08, best_B_prof=,6.633602, best_B_strat=,1.000000, best_S_id=,S01, best_S_prof=,3.729621, best_S_strat=,0.870181, 
t=,327600, id=,B00, PRDE,actvstrat=,-1.000000, actvprof=,0.000000, id=,B03, PRDE,actvstrat=,-1.000000, actvprof=,0.015286, id=,B05, PRDE,actvstrat=,0.036717, actvprof=,0.603113, id=,B06, PRDE,actvstrat=,1.000000, actvprof=,3.020011, id=,B08, PRDE,actvstrat=,-1.000000, actvprof=,5.875764, id=,S01, PRDE,actvstrat=,1.000000, actvprof=,4.574764, id=,S02, PRDE,actvstrat=,1.000000, actvprof=,2.986659, id=,S07, PRDE,actvstrat=,1.000000, actvprof=,0.000000, id=,S08, PRDE,actvstrat=,-0.782809, actvprof=,0.000000, id=,S09, PRDE,actvstrat=,-0.818328, actvprof=,0.000000, best_B_id=,B08, best_B_prof=,5.875764, best_B_strat=,-1.000000, best_S_id=,S01, best_S_prof=,4.574764, best_S_strat=,1.000000, 
t=,331200, id=,B00, PRDE,actvstrat=,-1.000000, actvprof=,0.000000, id=,B03, PRDE,actvstrat=,-1.000000, actvprof=,0.020144, id=,B05, PRDE,actvstrat=,0.036717, actvprof=,0.587937, id=,B06, PRDE,actvstrat=,1.000000, actvprof=,2.948021, id=,B08, PRDE,actvstrat=,-1.000000, actvprof=,5.841582, id=,S01, PRDE,actvstrat=,1.000000, actvprof=,4.689326, id=,S02, PRDE,actvstrat=,1.000000, actvprof=,3.031099, id=,S07, PRDE,actvstrat=,1.000000, actvprof=,0.000000, id=,S08, PRDE,actvstrat=,-0.782809, actvprof=,0.000000, id=,S09, PRDE,actvstrat=,-0.818328, actvprof=,0.000000, best_B_id=,B08, best_B_prof=,5.841582, best_B_strat=,-1.000000, best_S_id=,S01, best_S_prof=,4.689326, best_S_strat=,1.000000, 
t=,334800, id=,B00, PRDE,actvstrat=,1.000000, actvprof=,0.000000, id=,B03, PRDE,actvstrat=,-1.000000, actvprof=,0.001390, id=,B05, PRDE,actvstrat=,0.702596, actvprof=,1.135631, id=,B06, PRDE,actvstrat=,0.375832, actvprof=,2.155364, id=,B08, PRDE,actvstrat=,-1.000000, actvprof=,6.193719, id=,S01, PRDE,actvstrat=,-1.000000, actvprof=,4.436909, id=,S02, PRDE,actvstrat=,1.000000, actvprof=,3.073652, id=,S07, PRDE,actvstrat=,1.000000, actvprof=,0.000000, id=,S08, PRDE,actvstrat=,-0.869685, actvprof=,0.000000, id=,S09, PRDE,actvstrat=,-0.927331, actvprof=,0.000000, best_B_id=,B08, best_B_prof=,6.193719, best_B_strat=,-1.000000, best_S_id=,S01, best_S_prof=,4.436909, best_S_strat=,-1.000000, 
t=,338400, id=,B00, PRDE,actvstrat=,1.000000, actvprof=,0.000000, id=,B03, PRDE,actvstrat=,-1.000000, actvprof=,0.002223, id=,B05, PRDE,actvstrat=,0.702596, actvprof=,1.229795, id=,B06, PRDE,actvstrat=,0.375832, actvprof=,2.234108, id=,B08, PRDE,actvstrat=,-1.000000, actvprof=,6.296515, id=,S01, PRDE,actvstrat=,-1.000000, actvprof=,4.348182, id=,S02, PRDE,actvstrat=,1.000000, actvprof=,2.999326, id=,S07, PRDE,actvstrat=,1.000000, actvprof=,0.000000, id=,S08, PRDE,actvstrat=,-0.869685, actvprof=,0.000000, id=,S09, PRDE,actvstrat=,-0.927331, actvprof=,0.000000, best_B_id=,B08, best_B_prof=,6.296515, best_B_strat=,-1.000000, best_S_id=,S01, best_S_prof=,4.348182, best_S_strat=,-1.000000, 
t=,342000, id=,B00, PRDE,actvstrat=,1.000000, actvprof=,0.000000, id=,B03, PRDE,actvstrat=,-1.000000, actvprof=,0.022236, id=,B05, PRDE,actvstrat=,-1.000000, actvprof=,0.952791, id=,B06, PRDE,actvstrat=,1.000000, actvprof=,2.401156, id=,B08, PRDE,actvstrat=,-1.000000, actvprof=,5.321789, id=,S01, PRDE,actvstrat=,1.000000, actvprof=,5.272315, id=,S02, PRDE,actvstrat=,1.000000, actvprof=,3.627444, id=,S07, PRDE,actvstrat=,1.000000, actvprof=,0.000000, id=,S08, PRDE,actvstrat=,-1.000000, actvprof=,0.000000, id=,S09, PRDE,actvstrat=,-1.000000, actvprof=,0.000000, best_B_id=,B08, best_B_prof=,5.321789, best_B_strat=,-1.000000, best_S_id=,S01, best_S_prof=,5.272315, best_S_strat=,1.000000, 
t=,345600, id=,B00, PRDE,actvstrat=,1.000000, actvprof=,0.000000, id=,B03, PRDE,actvstrat=,-1.000000, actvprof=,0.016810, id=,B05, PRDE,actvstrat=,-1.000000, actvprof=,1.007231, id=,B06, PRDE,actvstrat=,1.000000, actvprof=,2.465424, id=,B08, PRDE,actvstrat=,-1.000000, actvprof=,5.472947, id=,S01, PRDE,actvstrat=,1.000000, actvprof=,5.249689, id=,S02, PRDE,actvstrat=,1.000000, actvprof=,3.591161, id=,S07, PRDE,actvstrat=,1.000000, actvprof=,0.000000, id=,S08, PRDE,actvstrat=,-1.000000, actvprof=,0.000000, id=,S09, PRDE,actvstrat=,-1.000000, actvprof=,0.000000, best_B_id=,B08, best_B_prof=,5.472947, best_B_strat=,-1.000000, best_S_id=,S01, best_S_prof=,5.249689, best_S_strat=,1.000000, 
t=,349200, id=,B00, PRDE,actvstrat=,-1.000000, actvprof=,0.000000, id=,B03, PRDE,actvstrat=,-1.000000, actvprof=,0.010840, id=,B05, PRDE,actvstrat=,0.061426, actvprof=,0.588971, id=,B06, PRDE,actvstrat=,1.000000, actvprof=,2.995164, id=,B08, PRDE,actvstrat=,-1.000000, actvprof=,5.944466, id=,S01, PRDE,actvstrat=,1.000000, actvprof=,4.669798, id=,S02, PRDE,actvstrat=,1.000000, actvprof=,2.982100, id=,S07, PRDE,actvstrat=,1.000000, actvprof=,0.000000, id=,S08, PRDE,actvstrat=,-0.782809, actvprof=,0.000000, id=,S09, PRDE,actvstrat=,-0.927331, actvprof=,0.000000, best_B_id=,B08, best_B_prof=,5.944466, best_B_strat=,-1.000000, best_S_id=,S01, best_S_prof=,4.669798, best_S_strat=,1.000000, 
t=,352800, id=,B00, PRDE,actvstrat=,-1.000000, actvprof=,0.000000, id=,B03, PRDE,actvstrat=,-1.000000, actvprof=,0.020562, id=,B05, PRDE,actvstrat=,0.061426, actvprof=,0.560866, id=,B06, PRDE,actvstrat=,1.000000, actvprof=,2.964934, id=,B08, PRDE,actvstrat=,-1.000000, actvprof=,5.969741, id=,S01, PRDE,actvstrat=,1.000000, actvprof=,4.715885, id=,S02, PRDE,actvstrat=,1.000000, actvprof=,3.006752, id=,S07, PRDE,actvstrat=,1.000000, actvprof=,0.000000, id=,S08, PRDE,actvstrat=,-0.782809, actvprof=,0.000000, id=,S09, PRDE,actvstrat=,-0.927331, actvprof=,0.000000, best_B_id=,B08, best_B_prof=,5.969741, best_B_strat=,-1.000000, best_S_id=,S01, best_S_prof=,4.715885, best_S_strat=,1.000000, 
t=,356400, id=,B00, PRDE,actvstrat=,-1.000000, actvprof=,0.000000, id=,B03, PRDE,actvstrat=,-1.000000, actvprof=,0.014731, id=,B05, PRDE,actvstrat=,0.036717, actvprof=,0.908901, id=,B06, PRDE,actvstrat=,0.375832, actvprof=,2.623306, id=,B08, PRDE,actvstrat=,-1.000000, actvprof=,6.493503, id=,S01, PRDE,actvstrat=,-1.000000, actvprof=,3.790147, id=,S02, PRDE,actvstrat=,1.000000, actvprof=,2.596067, id=,S07, PRDE,actvstrat=,-0.798435, actvprof=,0.000000, id=,S08, PRDE,actvstrat=,-0.565618, actvprof=,0.000000, id=,S09, PRDE,actvstrat=,-1.000000, actvprof=,0.000000, best_B_id=,B08, best_B_prof=,6.493503, best_B_strat=,-1.000000, best_S_id=,S01, best_S_prof=,3.790147, best_S_strat=,-1.000000, 
t=,360000, id=,B00, PRDE,actvstrat=,-1.000000, actvprof=,0.000000, id=,B03, PRDE,actvstrat=,-1.000000, actvprof=,0.012782, id=,B05, PRDE,actvstrat=,0.036717, actvprof=,0.867632, id=,B06, PRDE,actvstrat=,0.375832, actvprof=,2.574693, id=,B08, PRDE,actvstrat=,-1.000000, actvprof=,6.509395, id=,S01, PRDE,actvstrat=,-1.000000, actvprof=,3.853426, id=,S02, PRDE,actvstrat=,1.000000, actvprof=,2.615123, id=,S07, PRDE,actvstrat=,-0.798435, actvprof=,0.000000, id=,S08, PRDE,actvstrat=,-0.565618, actvprof=,0.000000, id=,S09, PRDE,actvstrat=,-1.000000, actvprof=,0.000000, best_B_id=,B08, best_B_prof=,6.509395, best_B_strat=,-1.000000, best_S_id=,S01, best_S_prof=,3.853426, best_S_strat=,-1.000000, 
t=,363600, id=,B00, PRDE,actvstrat=,-0.143029, actvprof=,0.000000, id=,B03, PRDE,actvstrat=,-1.000000, actvprof=,0.005003, id=,B05, PRDE,actvstrat=,-1.000000, actvprof=,1.330313, id=,B06, PRDE,actvstrat=,0.375832, actvprof=,2.039943, id=,B08, PRDE,actvstrat=,-1.000000, actvprof=,5.904132, id=,S01, PRDE,actvstrat=,-1.000000, actvprof=,4.444568, id=,S02, PRDE,actvstrat=,1.000000, actvprof=,3.269634, id=,S07, PRDE,actvstrat=,1.000000, actvprof=,0.000000, id=,S08, PRDE,actvstrat=,-1.000000, actvprof=,0.000000, id=,S09, PRDE,actvstrat=,-0.854662, actvprof=,0.000000, best_B_id=,B08, best_B_prof=,5.904132, best_B_strat=,-1.000000, best_S_id=,S01, best_S_prof=,4.444568, best_S_strat=,-1.000000, 
t=,367200, id=,B00, PRDE,actvstrat=,-0.143029, actvprof=,0.000000, id=,B03, PRDE,actvstrat=,-1.000000, actvprof=,0.008058, id=,B05, PRDE,actvstrat=,-1.000000, actvprof=,1.359888, id=,B06, PRDE,actvstrat=,0.375832, actvprof=,2.050669, id=,B08, PRDE,actvstrat=,-1.000000, actvprof=,6.018214, id=,S01, PRDE,actvstrat=,-1.000000, actvprof=,4.468820, id=,S02, PRDE,actvstrat=,1.000000, actvprof=,3.212993, id=,S07, PRDE,actvstrat=,1.000000, actvprof=,0.000000, id=,S08, PRDE,actvstrat=,-1.000000, actvprof=,0.000000, id=,S09, PRDE,actvstrat=,-0.854662, actvprof=,0.000000, best_B_id=,B08, best_B_prof=,6.018214, best_B_strat=,-1.000000, best_S_id=,S01, best_S_prof=,4.468820, best_S_strat=,-1.000000, 
t=,370800, id=,B00, PRDE,actvstrat=,1.000000, actvprof=,0.000000, id=,B03, PRDE,actvstrat=,0.256395, actvprof=,0.026129, id=,B05, PRDE,actvstrat=,-1.000000, actvprof=,1.443204, id=,B06, PRDE,actvstrat=,1.000000, actvprof=,2.841934, id=,B08, PRDE,actvstrat=,-0.617348, actvprof=,3.685564, id=,S01, PRDE,actvstrat=,1.000000, actvprof=,4.697919, id=,S02, PRDE,actvstrat=,1.000000, actvprof=,2.953677, id=,S07, PRDE,actvstrat=,1.000000, actvprof=,0.000000, id=,S08, PRDE,actvstrat=,-0.131237, actvprof=,0.000000, id=,S09, PRDE,actvstrat=,-0.818328, actvprof=,0.000000, best_B_id=,B08, best_B_prof=,3.685564, best_B_strat=,-0.617348, best_S_id=,S01, best_S_prof=,4.697919, best_S_strat=,1.000000, 
t=,374400, id=,B00, PRDE,actvstrat=,1.000000, actvprof=,0.000000, id=,B03, PRDE,actvstrat=,0.256395, actvprof=,0.023202, id=,B05, PRDE,actvstrat=,-1.000000, actvprof=,1.479223, id=,B06, PRDE,actvstrat=,1.000000, actvprof=,2.849521, id=,B08, PRDE,actvstrat=,-0.617348, actvprof=,3.772733, id=,S01, PRDE,actvstrat=,1.000000, actvprof=,4.660517, id=,S02, PRDE,actvstrat=,1.000000, actvprof=,2.940384, id=,S07, PRDE,actvstrat=,1.000000, actvprof=,0.000000, id=,S08, PRDE,actvstrat=,-0.131237, actvprof=,0.000000, id=,S09, PRDE,actvstrat=,-0.818328, actvprof=,0.000000, best_B_id=,B08, best_B_prof=,3.772733, best_B_strat=,-0.617348, best_S_id=,S01, best_S_prof=,4.660517, best_S_strat=,1.000000, 
t=,378000, id=,B00, PRDE,actvstrat=,0.428486, actvprof=,0.000000, id=,B03, PRDE,actvstrat=,1.000000, actvprof=,0.005837, id=,B05, PRDE,actvstrat=,0.036717, actvprof=,0.563177, id=,B06, PRDE,actvstrat=,1.000000, actvprof=,2.914564, id=,B08, PRDE,actvstrat=,-1.000000, actvprof=,5.862764, id=,S01, PRDE,actvstrat=,1.000000, actvprof=,4.748085, id=,S02, PRDE,actvstrat=,1.000000, actvprof=,3.056888, id=,S07, PRDE,actvstrat=,1.000000, actvprof=,0.000000, id=,S08, PRDE,actvstrat=,-0.956562, actvprof=,0.000000, id=,S09, PRDE,actvstrat=,-1.000000, actvprof=,0.000000, best_B_id=,B08, best_B_prof=,5.862764, best_B_strat=,-1.000000, best_S_id=,S01, best_S_prof=,4.748085, best_S_strat=,1.000000, 
t=,381600, id=,B00, PRDE,actvstrat=,0.428486, actvprof=,0.000000, id=,B03, PRDE,actvstrat=,1.000000, actvprof=,0.010142, id=,B05, PRDE,actvstrat=,0.036717, actvprof=,0.577566, id=,B06, PRDE,actvstrat=,1.000000, actvprof=,2.917561, id=,B08, PRDE,actvstrat=,-1.000000, actvprof=,5.939743, id=,S01, PRDE,actvstrat=,1.000000, actvprof=,4.722645, id=,S02, PRDE,actvstrat=,1.000000, actvprof=,3.026905, id=,S07, PRDE,actvstrat=,1.000000, actvprof=,0.000000, id=,S08, PRDE,actvstrat=,-0.956562, actvprof=,0.000000, id=,S09, PRDE,actvstrat=,-1.000000, actvprof=,0.000000, best_B_id=,B08, best_B_prof=,5.939743, best_B_strat=,-1.000000, best_S_id=,S01, best_S_prof=,4.722645, best_S_strat=,1.000000, 
t=,385200, id=,B00, PRDE,actvstrat=,-1.000000, actvprof=,0.000000, id=,B03, PRDE,actvstrat=,1.000000, actvprof=,0.006950, id=,B05, PRDE,actvstrat=,1.000000, actvprof=,1.531405, id=,B06, PRDE,actvstrat=,0.375832, actvprof=,2.388425, id=,B08, PRDE,actvstrat=,-0.234696, actvprof=,4.144718, id=,S01, PRDE,actvstrat=,-1.000000, actvprof=,4.156393, id=,S02, PRDE,actvstrat=,1.000000, actvprof=,2.779268, id=,S07, PRDE,actvstrat=,1.000000, actvprof=,0.000000, id=,S08, PRDE,actvstrat=,0.085954, actvprof=,0.000000, id=,S09, PRDE,actvstrat=,-1.000000, actvprof=,0.000000, best_B_id=,B08, best_B_prof=,4.144718, best_B_strat=,-0.234696, best_S_id=,S01, best_S_prof=,4.156393, best_S_strat=,-1.000000, 
t=,388800, id=,B00, PRDE,actvstrat=,-1.000000, actvprof=,0.000000, id=,B03, PRDE,actvstrat=,1.000000, actvprof=,0.007503, id=,B05, PRDE,actvstrat=,1.000000, actvprof=,1.486380, id=,B06, PRDE,actvstrat=,0.375832, actvprof=,2.340028, id=,B08, PRDE,actvstrat=,-0.234696, actvprof=,4.242673, id=,S01, PRDE,actvstrat=,-1.000000, actvprof=,4.159864, id=,S02, PRDE,actvstrat=,1.000000, actvprof=,2.810618, id=,S07, PRDE,actvstrat=,1.000000, actvprof=,0.000000, id=,S08, PRDE,actvstrat=,0.085954, actvprof=,0.000000, id=,S09, PRDE,actvstrat=,-1.000000, actvprof=,0.000000, best_B_id=,B08, best_B_prof=,4.242673, best_B_strat=,-0.234696, best_S_id=,S01, best_S_prof=,4.159864, best_S_strat=,-1.000000, 
t=,392400, id=,B00, PRDE,actvstrat=,-0.428486, actvprof=,0.000000, id=,B03, PRDE,actvstrat=,-1.000000, actvprof=,0.009452, id=,B05, PRDE,actvstrat=,0.036717, actvprof=,0.875971, id=,B06, PRDE,actvstrat=,-1.000000, actvprof=,3.461629, id=,B08, PRDE,actvstrat=,-0.617348, actvprof=,4.443240, id=,S01, PRDE,actvstrat=,-1.000000, actvprof=,4.022073, id=,S02, PRDE,actvstrat=,1.000000, actvprof=,2.618184, id=,S07, PRDE,actvstrat=,1.000000, actvprof=,0.000000, id=,S08, PRDE,actvstrat=,0.085954, actvprof=,0.000000, id=,S09, PRDE,actvstrat=,-1.000000, actvprof=,0.000000, best_B_id=,B08, best_B_prof=,4.443240, best_B_strat=,-0.617348, best_S_id=,S01, best_S_prof=,4.022073, best_S_strat=,-1.000000, 
t=,396000, id=,B00, PRDE,actvstrat=,-0.428486, actvprof=,0.000000, id=,B03, PRDE,actvstrat=,-1.000000, actvprof=,0.007364, id=,B05, PRDE,actvstrat=,0.036717, actvprof=,0.944679, id=,B06, PRDE,actvstrat=,-1.000000, actvprof=,3.516253, id=,B08, PRDE,actvstrat=,-0.617348, actvprof=,4.295450, id=,S01, PRDE,actvstrat=,-1.000000, actvprof=,3.907658, id=,S02, PRDE,actvstrat=,1.000000, actvprof=,2.579354, id=,S07, PRDE,actvstrat=,1.000000, actvprof=,0.000000, id=,S08, PRDE,actvstrat=,0.085954, actvprof=,0.000000, id=,S09, PRDE,actvstrat=,-1.000000, actvprof=,0.000000, best_B_id=,B08, best_B_prof=,4.295450, best_B_strat=,-0.617348, best_S_id=,S01, best_S_prof=,3.907658, best_S_strat=,-1.000000, 
t=,399600, id=,B00, PRDE,actvstrat=,-1.000000, actvprof=,0.000000, id=,B03, PRDE,actvstrat=,1.000000, actvprof=,0.003336, id=,B05, PRDE,actvstrat=,1.000000, actvprof=,0.278280, id=,B06, PRDE,actvstrat=,1.000000, actvprof=,1.665508, id=,B08, PRDE,actvstrat=,-1.000000, actvprof=,4.764394, id=,S01, PRDE,actvstrat=,1.000000, actvprof=,6.191932, id=,S02, PRDE,actvstrat=,0.202654, actvprof=,1.399739, id=,S07, PRDE,actvstrat=,1.000000, actvprof=,0.000000, id=,S08, PRDE,actvstrat=,-1.000000, actvprof=,0.000000, id=,S09, PRDE,actvstrat=,-1.000000, actvprof=,0.000000, best_B_id=,B08, best_B_prof=,4.764394, best_B_strat=,-1.000000, best_S_id=,S01, best_S_prof=,6.191932, best_S_strat=,1.000000, 
t=,403200, id=,B00, PRDE,actvstrat=,-1.000000, actvprof=,0.000000, id=,B03, PRDE,actvstrat=,1.000000, actvprof=,0.004724, id=,B05, PRDE,actvstrat=,1.000000, actvprof=,0.283031, id=,B06, PRDE,actvstrat=,1.000000, actvprof=,1.664420, id=,B08, PRDE,actvstrat=,-1.000000, actvprof=,4.699949, id=,S01, PRDE,actvstrat=,1.000000, actvprof=,6.168735, id=,S02, PRDE,actvstrat=,0.202654, actvprof=,1.453641, id=,S07, PRDE,actvstrat=,1.000000, actvprof=,0.000000, id=,S08, PRDE,actvstrat=,-1.000000, actvprof=,0.000000, id=,S09, PRDE,actvstrat=,-1.000000, actvprof=,0.000000, best_B_id=,B08, best_B_prof=,4.699949, best_B_strat=,-1.000000, best_S_id=,S01, best_S_prof=,6.168735, best_S_strat=,1.000000, 
t=,406800, id=,B00, PRDE,actvstrat=,1.000000, actvprof=,0.000000, id=,B03, PRDE,actvstrat=,0.170525, actvprof=,0.033082, id=,B05, PRDE,actvstrat=,0.036717, actvprof=,0.890427, id=,B06, PRDE,actvstrat=,1.000000, actvprof=,3.222273, id=,B08, PRDE,actvstrat=,-0.234696, actvprof=,4.501897, id=,S01, PRDE,actvstrat=,1.000000, actvprof=,3.808849, id=,S02, PRDE,actvstrat=,1.000000, actvprof=,2.293482, id=,S07, PRDE,actvstrat=,1.000000, actvprof=,0.000000, id=,S08, PRDE,actvstrat=,-1.000000, actvprof=,0.000000, id=,S09, PRDE,actvstrat=,-1.000000, actvprof=,0.000000, best_B_id=,B08, best_B_prof=,4.501897, best_B_strat=,-0.234696, best_S_id=,S01, best_S_prof=,3.808849, best_S_strat=,1.000000, 
t=,410400, id=,B00, PRDE,actvstrat=,1.000000, actvprof=,0.000000, id=,B03, PRDE,actvstrat=,0.170525, actvprof=,0.029039, id=,B05, PRDE,actvstrat=,0.036717, actvprof=,0.871879, id=,B06, PRDE,actvstrat=,1.000000, actvprof=,3.174890, id=,B08, PRDE,actvstrat=,-0.234696, actvprof=,4.439149, id=,S01, PRDE,actvstrat=,1.000000, actvprof=,3.855581, id=,S02, PRDE,actvstrat=,1.000000, actvprof=,2.292173, id=,S07, PRDE,actvstrat=,1.000000, actvprof=,0.000139, id=,S08, PRDE,actvstrat=,-1.000000, actvprof=,0.000000, id=,S09, PRDE,actvstrat=,-1.000000, actvprof=,0.000000, best_B_id=,B08, best_B_prof=,4.439149, best_B_strat=,-0.234696, best_S_id=,S01, best_S_prof=,3.855581, best_S_strat=,1.000000, 
t=,414000, id=,B00, PRDE,actvstrat=,-1.000000, actvprof=,0.000000, id=,B03, PRDE,actvstrat=,1.000000, actvprof=,0.005282, id=,B05, PRDE,actvstrat=,-1.000000, actvprof=,0.892132, id=,B06, PRDE,actvstrat=,-1.000000, actvprof=,2.355018, id=,B08, PRDE,actvstrat=,-1.000000, actvprof=,5.325271, id=,S01, PRDE,actvstrat=,1.000000, actvprof=,5.486795, id=,S02, PRDE,actvstrat=,1.000000, actvprof=,3.716152, id=,S07, PRDE,actvstrat=,-0.798435, actvprof=,0.000000, id=,S08, PRDE,actvstrat=,-1.000000, actvprof=,0.000000, id=,S09, PRDE,actvstrat=,-1.000000, actvprof=,0.000000, best_B_id=,B08, best_B_prof=,5.325271, best_B_strat=,-1.000000, best_S_id=,S01, best_S_prof=,5.486795, best_S_strat=,1.000000, 
t=,417600, id=,B00, PRDE,actvstrat=,-1.000000, actvprof=,0.000000, id=,B03, PRDE,actvstrat=,1.000000, actvprof=,0.005836, id=,B05, PRDE,actvstrat=,-1.000000, actvprof=,0.828679, id=,B06, PRDE,actvstrat=,-1.000000, actvprof=,2.302904, id=,B08, PRDE,actvstrat=,-1.000000, actvprof=,5.266083, id=,S01, PRDE,actvstrat=,1.000000, actvprof=,5.521884, id=,S02, PRDE,actvstrat=,1.000000, actvprof=,3.795609, id=,S07, PRDE,actvstrat=,-0.798435, actvprof=,0.000000, id=,S08, PRDE,actvstrat=,-1.000000, actvprof=,0.000000, id=,S09, PRDE,actvstrat=,-1.000000, actvprof=,0.000000, best_B_id=,B08, best_B_prof=,5.266083, best_B_strat=,-1.000000, best_S_id=,S01, best_S_prof=,5.521884, best_S_strat=,1.000000, 
t=,421200, id=,B00, PRDE,actvstrat=,-1.000000, actvprof=,0.000000, id=,B03, PRDE,actvstrat=,1.000000, actvprof=,0.009730, id=,B05, PRDE,actvstrat=,-1.000000, actvprof=,1.008618, id=,B06, PRDE,actvstrat=,1.000000, actvprof=,2.353906, id=,B08, PRDE,actvstrat=,-1.000000, actvprof=,5.245482, id=,S01, PRDE,actvstrat=,1.000000, actvprof=,5.396997, id=,S02, PRDE,actvstrat=,1.000000, actvprof=,3.685571, id=,S07, PRDE,actvstrat=,1.000000, actvprof=,0.000000, id=,S08, PRDE,actvstrat=,-0.131237, actvprof=,0.000000, id=,S09, PRDE,actvstrat=,-0.818328, actvprof=,0.000000, best_B_id=,B08, best_B_prof=,5.245482, best_B_strat=,-1.000000, best_S_id=,S01, best_S_prof=,5.396997, best_S_strat=,1.000000, 
t=,424800, id=,B00, PRDE,actvstrat=,-1.000000, actvprof=,0.000000, id=,B03, PRDE,actvstrat=,1.000000, actvprof=,0.007225, id=,B05, PRDE,actvstrat=,-1.000000, actvprof=,1.027241, id=,B06, PRDE,actvstrat=,1.000000, actvprof=,2.400461, id=,B08, PRDE,actvstrat=,-1.000000, actvprof=,5.387143, id=,S01, PRDE,actvstrat=,1.000000, actvprof=,5.306553, id=,S02, PRDE,actvstrat=,1.000000, actvprof=,3.653075, id=,S07, PRDE,actvstrat=,1.000000, actvprof=,0.000000, id=,S08, PRDE,actvstrat=,-0.131237, actvprof=,0.000000, id=,S09, PRDE,actvstrat=,-0.818328, actvprof=,0.000000, best_B_id=,B08, best_B_prof=,5.387143, best_B_strat=,-1.000000, best_S_id=,S01, best_S_prof=,5.306553, best_S_strat=,1.000000, 
t=,428400, id=,B00, PRDE,actvstrat=,-1.000000, actvprof=,0.000000, id=,B03, PRDE,actvstrat=,1.000000, actvprof=,0.001946, id=,B05, PRDE,actvstrat=,1.000000, actvprof=,0.979733, id=,B06, PRDE,actvstrat=,-1.000000, actvprof=,2.471295, id=,B08, PRDE,actvstrat=,-1.000000, actvprof=,5.708527, id=,S01, PRDE,actvstrat=,-1.000000, actvprof=,4.798021, id=,S02, PRDE,actvstrat=,1.000000, actvprof=,3.563624, id=,S07, PRDE,actvstrat=,1.000000, actvprof=,0.000000, id=,S08, PRDE,actvstrat=,-0.956562, actvprof=,0.000000, id=,S09, PRDE,actvstrat=,-0.636655, actvprof=,0.000000, best_B_id=,B08, best_B_prof=,5.708527, best_B_strat=,-1.000000, best_S_id=,S01, best_S_prof=,4.798021, best_S_strat=,-1.000000, 
t=,432000, id=,B00, PRDE,actvstrat=,-1.000000, actvprof=,0.000000, id=,B03, PRDE,actvstrat=,1.000000, actvprof=,0.002223, id=,B05, PRDE,actvstrat=,1.000000, actvprof=,0.919272, id=,B06, PRDE,actvstrat=,-1.000000, actvprof=,2.433931, id=,B08, PRDE,actvstrat=,-1.000000, actvprof=,5.621092, id=,S01, PRDE,actvstrat=,-1.000000, actvprof=,4.811171, id=,S02, PRDE,actvstrat=,1.000000, actvprof=,3.644018, id=,S07, PRDE,actvstrat=,1.000000, actvprof=,0.000000, id=,S08, PRDE,actvstrat=,-0.956562, actvprof=,0.000000, id=,S09, PRDE,actvstrat=,-0.636655, actvprof=,0.000000, best_B_id=,B08, best_B_prof=,5.621092, best_B_strat=,-1.000000, best_S_id=,S01, best_S_prof=,4.811171, best_S_strat=,-1.000000, 
t=,435600, id=,B00, PRDE,actvstrat=,1.000000, actvprof=,0.000000, id=,B03, PRDE,actvstrat=,-1.000000, actvprof=,0.000000, id=,B05, PRDE,actvstrat=,1.000000, actvprof=,0.561031, id=,B06, PRDE,actvstrat=,1.000000, actvprof=,2.073423, id=,B08, PRDE,actvstrat=,-1.000000, actvprof=,4.826867, id=,S01, PRDE,actvstrat=,-1.000000, actvprof=,5.480199, id=,S02, PRDE,actvstrat=,0.202654, actvprof=,1.268019, id=,S07, PRDE,actvstrat=,1.000000, actvprof=,0.000000, id=,S08, PRDE,actvstrat=,-0.782809, actvprof=,0.000000, id=,S09, PRDE,actvstrat=,-1.000000, actvprof=,0.000000, best_B_id=,B08, best_B_prof=,4.826867, best_B_strat=,-1.000000, best_S_id=,S01, best_S_prof=,5.480199, best_S_strat=,-1.000000, 
t=,439200, id=,B00, PRDE,actvstrat=,1.000000, actvprof=,0.000000, id=,B03, PRDE,actvstrat=,-1.000000, actvprof=,0.000973, id=,B05, PRDE,actvstrat=,1.000000, actvprof=,0.520505, id=,B06, PRDE,actvstrat=,1.000000, actvprof=,1.990037, id=,B08, PRDE,actvstrat=,-1.000000, actvprof=,4.846426, id=,S01, PRDE,actvstrat=,-1.000000, actvprof=,5.532559, id=,S02, PRDE,actvstrat=,0.202654, actvprof=,1.237208, id=,S07, PRDE,actvstrat=,1.000000, actvprof=,0.000000, id=,S08, PRDE,actvstrat=,-0.782809, actvprof=,0.000000, id=,S09, PRDE,actvstrat=,-1.000000, actvprof=,0.000000, best_B_id=,B08, best_B_prof=,4.846426, best_B_strat=,-1.000000, best_S_id=,S01, best_S_prof=,5.532559, best_S_strat=,-1.000000, 
t=,442800, id=,B00, PRDE,actvstrat=,1.000000, actvprof=,0.000000, id=,B03, PRDE,actvstrat=,1.000000, actvprof=,0.004448, id=,B05, PRDE,actvstrat=,-1.000000, actvprof=,0.959186, id=,B06, PRDE,actvstrat=,1.000000, actvprof=,2.409364, id=,B08, PRDE,actvstrat=,-1.000000, actvprof=,5.410087, id=,S01, PRDE,actvstrat=,1.000000, actvprof=,5.314724, id=,S02, PRDE,actvstrat=,1.000000, actvprof=,3.664368, id=,S07, PRDE,actvstrat=,-1.000000, actvprof=,0.000000, id=,S08, PRDE,actvstrat=,-0.913124, actvprof=,0.000000, id=,S09, PRDE,actvstrat=,-0.636655, actvprof=,0.000000, best_B_id=,B08, best_B_prof=,5.410087, best_B_strat=,-1.000000, best_S_id=,S01, best_S_prof=,5.314724, best_S_strat=,1.000000, 
t=,446400, id=,B00, PRDE,actvstrat=,1.000000, actvprof=,0.000000, id=,B03, PRDE,actvstrat=,1.000000, actvprof=,0.005002, id=,B05, PRDE,actvstrat=,-1.000000, actvprof=,0.940828, id=,B06, PRDE,actvstrat=,1.000000, actvprof=,2.365757, id=,B08, PRDE,actvstrat=,-1.000000, actvprof=,5.371378, id=,S01, PRDE,actvstrat=,1.000000, actvprof=,5.332889, id=,S02, PRDE,actvstrat=,1.000000, actvprof=,3.702870, id=,S07, PRDE,actvstrat=,-1.000000, actvprof=,0.000000, id=,S08, PRDE,actvstrat=,-0.913124, actvprof=,0.000000, id=,S09, PRDE,actvstrat=,-0.636655, actvprof=,0.000000, best_B_id=,B08, best_B_prof=,5.371378, best_B_strat=,-1.000000, best_S_id=,S01, best_S_prof=,5.332889, best_S_strat=,1.000000, 
t=,450000, id=,B00, PRDE,actvstrat=,-1.000000, actvprof=,0.000000, id=,B03, PRDE,actvstrat=,0.256395, actvprof=,0.008341, id=,B05, PRDE,actvstrat=,-1.000000, actvprof=,1.003962, id=,B06, PRDE,actvstrat=,-1.000000, actvprof=,2.515882, id=,B08, PRDE,actvstrat=,-1.000000, actvprof=,5.610621, id=,S01, PRDE,actvstrat=,1.000000, actvprof=,5.256690, id=,S02, PRDE,actvstrat=,1.000000, actvprof=,3.540696, id=,S07, PRDE,actvstrat=,1.000000, actvprof=,0.000000, id=,S08, PRDE,actvstrat=,-1.000000, actvprof=,0.000000, id=,S09, PRDE,actvstrat=,-1.000000, actvprof=,0.000000, best_B_id=,B08, best_B_prof=,5.610621, best_B_strat=,-1.000000, best_S_id=,S01, best_S_prof=,5.256690, best_S_strat=,1.000000, 
t=,453600, id=,B00, PRDE,actvstrat=,-1.000000, actvprof=,0.000000, id=,B03, PRDE,actvstrat=,0.256395, actvprof=,0.007642, id=,B05, PRDE,actvstrat=,-1.000000, actvprof=,0.986133, id=,B06, PRDE,actvstrat=,-1.000000, actvprof=,2.487772, id=,B08, PRDE,actvstrat=,-1.000000, actvprof=,5.671687, id=,S01, PRDE,actvstrat=,1.000000, actvprof=,5.266368, id=,S02, PRDE,actvstrat=,1.000000, actvprof=,3.589790, id=,S07, PRDE,actvstrat=,1.000000, actvprof=,0.000000, id=,S08, PRDE,actvstrat=,-1.000000, actvprof=,0.000000, id=,S09, PRDE,actvstrat=,-1.000000, actvprof=,0.000000, best_B_id=,B08, best_B_prof=,5.671687, best_B_strat=,-1.000000, best_S_id=,S01, best_S_prof=,5.266368, best_S_strat=,1.000000, 
t=,457200, id=,B00, PRDE,actvstrat=,1.000000, actvprof=,0.000000, id=,B03, PRDE,actvstrat=,-0.487211, actvprof=,0.000000, id=,B05, PRDE,actvstrat=,-1.000000, actvprof=,0.355609, id=,B06, PRDE,actvstrat=,1.000000, actvprof=,1.734670, id=,B08, PRDE,actvstrat=,-1.000000, actvprof=,4.689920, id=,S01, PRDE,actvstrat=,-1.000000, actvprof=,5.638024, id=,S02, PRDE,actvstrat=,-0.594693, actvprof=,0.299167, id=,S07, PRDE,actvstrat=,1.000000, actvprof=,0.001946, id=,S08, PRDE,actvstrat=,-0.478742, actvprof=,0.000000, id=,S09, PRDE,actvstrat=,0.090035, actvprof=,0.000000, best_B_id=,B08, best_B_prof=,4.689920, best_B_strat=,-1.000000, best_S_id=,S01, best_S_prof=,5.638024, best_S_strat=,-1.000000, 
t=,460800, id=,B00, PRDE,actvstrat=,1.000000, actvprof=,0.000000, id=,B03, PRDE,actvstrat=,-0.487211, actvprof=,0.000000, id=,B05, PRDE,actvstrat=,-1.000000, actvprof=,0.364053, id=,B06, PRDE,actvstrat=,1.000000, actvprof=,1.753152, id=,B08, PRDE,actvstrat=,-1.000000, actvprof=,4.706152, id=,S01, PRDE,actvstrat=,-1.000000, actvprof=,5.641019, id=,S02, PRDE,actvstrat=,-0.594693, actvprof=,0.346406, id=,S07, PRDE,actvstrat=,1.000000, actvprof=,0.001112, id=,S08, PRDE,actvstrat=,-0.478742, actvprof=,0.000000, id=,S09, PRDE,actvstrat=,0.090035, actvprof=,0.000000, best_B_id=,B08, best_B_prof=,4.706152, best_B_strat=,-1.000000, best_S_id=,S01, best_S_prof=,5.641019, best_S_strat=,-1.000000, 
t=,464400, id=,B00, PRDE,actvstrat=,-1.000000, actvprof=,0.000000, id=,B03, PRDE,actvstrat=,1.000000, actvprof=,0.005283, id=,B05, PRDE,actvstrat=,1.000000, actvprof=,1.508369, id=,B06, PRDE,actvstrat=,0.687916, actvprof=,2.828505, id=,B08, PRDE,actvstrat=,-0.617348, actvprof=,3.934271, id=,S01, PRDE,actvstrat=,-1.000000, actvprof=,4.229828, id=,S02, PRDE,actvstrat=,1.000000, actvprof=,2.864928, id=,S07, PRDE,actvstrat=,1.000000, actvprof=,0.000000, id=,S08, PRDE,actvstrat=,-0.913124, actvprof=,0.000000, id=,S09, PRDE,actvstrat=,-0.963666, actvprof=,0.000000, best_B_id=,B08, best_B_prof=,3.934271, best_B_strat=,-0.617348, best_S_id=,S01, best_S_prof=,4.229828, best_S_strat=,-1.000000, 
t=,468000, id=,B00, PRDE,actvstrat=,-1.000000, actvprof=,0.000000, id=,B03, PRDE,actvstrat=,1.000000, actvprof=,0.008059, id=,B05, PRDE,actvstrat=,1.000000, actvprof=,1.468878, id=,B06, PRDE,actvstrat=,0.687916, actvprof=,2.789353, id=,B08, PRDE,actvstrat=,-0.617348, actvprof=,3.919740, id=,S01, PRDE,actvstrat=,-1.000000, actvprof=,4.203623, id=,S02, PRDE,actvstrat=,1.000000, actvprof=,2.916079, id=,S07, PRDE,actvstrat=,1.000000, actvprof=,0.000000, id=,S08, PRDE,actvstrat=,-0.913124, actvprof=,0.000000, id=,S09, PRDE,actvstrat=,-0.963666, actvprof=,0.000000, best_B_id=,B08, best_B_prof=,3.919740, best_B_strat=,-0.617348, best_S_id=,S01, best_S_prof=,4.203623, best_S_strat=,-1.000000, 
t=,471600, id=,B00, PRDE,actvstrat=,-1.000000, actvprof=,0.000000, id=,B03, PRDE,actvstrat=,0.256395, actvprof=,0.014458, id=,B05, PRDE,actvstrat=,1.000000, actvprof=,0.821899, id=,B06, PRDE,actvstrat=,1.000000, actvprof=,2.356147, id=,B08, PRDE,actvstrat=,-1.000000, actvprof=,5.368478, id=,S01, PRDE,actvstrat=,1.000000, actvprof=,5.072639, id=,S02, PRDE,actvstrat=,1.000000, actvprof=,3.451363, id=,S07, PRDE,actvstrat=,-1.000000, actvprof=,0.000000, id=,S08, PRDE,actvstrat=,0.042516, actvprof=,0.000000, id=,S09, PRDE,actvstrat=,1.000000, actvprof=,0.000000, best_B_id=,B08, best_B_prof=,5.368478, best_B_strat=,-1.000000, best_S_id=,S01, best_S_prof=,5.072639, best_S_strat=,1.000000, 
t=,475200, id=,B00, PRDE,actvstrat=,-1.000000, actvprof=,0.000000, id=,B03, PRDE,actvstrat=,0.256395, actvprof=,0.017508, id=,B05, PRDE,actvstrat=,1.000000, actvprof=,0.849429, id=,B06, PRDE,actvstrat=,1.000000, actvprof=,2.370147, id=,B08, PRDE,actvstrat=,-1.000000, actvprof=,5.435206, id=,S01, PRDE,actvstrat=,1.000000, actvprof=,5.039880, id=,S02, PRDE,actvstrat=,1.000000, actvprof=,3.414112, id=,S07, PRDE,actvstrat=,-1.000000, actvprof=,0.000000, id=,S08, PRDE,actvstrat=,0.042516, actvprof=,0.000000, id=,S09, PRDE,actvstrat=,1.000000, actvprof=,0.000000, best_B_id=,B08, best_B_prof=,5.435206, best_B_strat=,-1.000000, best_S_id=,S01, best_S_prof=,5.039880, best_S_strat=,1.000000, 
t=,478800, id=,B00, PRDE,actvstrat=,1.000000, actvprof=,0.000000, id=,B03, PRDE,actvstrat=,0.256395, actvprof=,0.027805, id=,B05, PRDE,actvstrat=,0.036717, actvprof=,0.682330, id=,B06, PRDE,actvstrat=,1.000000, actvprof=,3.051578, id=,B08, PRDE,actvstrat=,-1.000000, actvprof=,5.771444, id=,S01, PRDE,actvstrat=,1.000000, actvprof=,4.457111, id=,S02, PRDE,actvstrat=,1.000000, actvprof=,2.856944, id=,S07, PRDE,actvstrat=,1.000000, actvprof=,0.000000, id=,S08, PRDE,actvstrat=,-0.565618, actvprof=,0.000000, id=,S09, PRDE,actvstrat=,1.000000, actvprof=,0.000000, best_B_id=,B08, best_B_prof=,5.771444, best_B_strat=,-1.000000, best_S_id=,S01, best_S_prof=,4.457111, best_S_strat=,1.000000, 
t=,482400, id=,B00, PRDE,actvstrat=,1.000000, actvprof=,0.000000, id=,B03, PRDE,actvstrat=,0.256395, actvprof=,0.016675, id=,B05, PRDE,actvstrat=,0.036717, actvprof=,0.693120, id=,B06, PRDE,actvstrat=,1.000000, actvprof=,3.015237, id=,B08, PRDE,actvstrat=,-1.000000, actvprof=,5.747417, id=,S01, PRDE,actvstrat=,1.000000, actvprof=,4.448443, id=,S02, PRDE,actvstrat=,1.000000, actvprof=,2.859049, id=,S07, PRDE,actvstrat=,1.000000, actvprof=,0.000000, id=,S08, PRDE,actvstrat=,-0.565618, actvprof=,0.000000, id=,S09, PRDE,actvstrat=,1.000000, actvprof=,0.000000, best_B_id=,B08, best_B_prof=,5.747417, best_B_strat=,-1.000000, best_S_id=,S01, best_S_prof=,4.448443, best_S_strat=,1.000000, 
t=,486000, id=,B00, PRDE,actvstrat=,-1.000000, actvprof=,0.000000, id=,B03, PRDE,actvstrat=,-1.000000, actvprof=,0.006117, id=,B05, PRDE,actvstrat=,-1.000000, actvprof=,0.860583, id=,B06, PRDE,actvstrat=,-1.000000, actvprof=,2.352074, id=,B08, PRDE,actvstrat=,-1.000000, actvprof=,5.474363, id=,S01, PRDE,actvstrat=,1.000000, actvprof=,5.350906, id=,S02, PRDE,actvstrat=,1.000000, actvprof=,3.766822, id=,S07, PRDE,actvstrat=,-1.000000, actvprof=,0.000000, id=,S08, PRDE,actvstrat=,-1.000000, actvprof=,0.000000, id=,S09, PRDE,actvstrat=,0.090035, actvprof=,0.000000, best_B_id=,B08, best_B_prof=,5.474363, best_B_strat=,-1.000000, best_S_id=,S01, best_S_prof=,5.350906, best_S_strat=,1.000000, 
t=,489600, id=,B00, PRDE,actvstrat=,-1.000000, actvprof=,0.000000, id=,B03, PRDE,actvstrat=,-1.000000, actvprof=,0.004863, id=,B05, PRDE,actvstrat=,-1.000000, actvprof=,0.918502, id=,B06, PRDE,actvstrat=,-1.000000, actvprof=,2.419509, id=,B08, PRDE,actvstrat=,-1.000000, actvprof=,5.457514, id=,S01, PRDE,actvstrat=,1.000000, actvprof=,5.370249, id=,S02, PRDE,actvstrat=,1.000000, actvprof=,3.732092, id=,S07, PRDE,actvstrat=,-1.000000, actvprof=,0.000000, id=,S08, PRDE,actvstrat=,-1.000000, actvprof=,0.000000, id=,S09, PRDE,actvstrat=,0.090035, actvprof=,0.000000, best_B_id=,B08, best_B_prof=,5.457514, best_B_strat=,-1.000000, best_S_id=,S01, best_S_prof=,5.370249, best_S_strat=,1.000000, 
t=,493200, id=,B00, PRDE,actvstrat=,1.000000, actvprof=,0.000000, id=,B03, PRDE,actvstrat=,1.000000, actvprof=,0.002781, id=,B05, PRDE,actvstrat=,1.000000, actvprof=,1.002683, id=,B06, PRDE,actvstrat=,-1.000000, actvprof=,2.515328, id=,B08, PRDE,actvstrat=,-1.000000, actvprof=,5.624870, id=,S01, PRDE,actvstrat=,-1.000000, actvprof=,4.795140, id=,S02, PRDE,actvstrat=,1.000000, actvprof=,3.554437, id=,S07, PRDE,actvstrat=,-0.798435, actvprof=,0.000000, id=,S08, PRDE,actvstrat=,-1.000000, actvprof=,0.000000, id=,S09, PRDE,actvstrat=,-0.636655, actvprof=,0.000000, best_B_id=,B08, best_B_prof=,5.624870, best_B_strat=,-1.000000, best_S_id=,S01, best_S_prof=,4.795140, best_S_strat=,-1.000000, 
t=,496800, id=,B00, PRDE,actvstrat=,1.000000, actvprof=,0.000000, id=,B03, PRDE,actvstrat=,1.000000, actvprof=,0.003335, id=,B05, PRDE,actvstrat=,1.000000, actvprof=,0.949225, id=,B06, PRDE,actvstrat=,-1.000000, actvprof=,2.456228, id=,B08, PRDE,actvstrat=,-1.000000, actvprof=,5.603913, id=,S01, PRDE,actvstrat=,-1.000000, actvprof=,4.825329, id=,S02, PRDE,actvstrat=,1.000000, actvprof=,3.615141, id=,S07, PRDE,actvstrat=,-0.798435, actvprof=,0.000000, id=,S08, PRDE,actvstrat=,-1.000000, actvprof=,0.000000, id=,S09, PRDE,actvstrat=,-0.636655, actvprof=,0.000000, best_B_id=,B08, best_B_prof=,5.603913, best_B_strat=,-1.000000, best_S_id=,S01, best_S_prof=,4.825329, best_S_strat=,-1.000000, 
t=,500400, id=,B00, PRDE,actvstrat=,1.000000, actvprof=,0.000000, id=,B03, PRDE,actvstrat=,-1.000000, actvprof=,0.031421, id=,B05, PRDE,actvstrat=,1.000000, actvprof=,0.723789, id=,B06, PRDE,actvstrat=,1.000000, actvprof=,2.190832, id=,B08, PRDE,actvstrat=,-1.000000, actvprof=,5.228913, id=,S01, PRDE,actvstrat=,1.000000, actvprof=,5.337634, id=,S02, PRDE,actvstrat=,1.000000, actvprof=,3.686794, id=,S07, PRDE,actvstrat=,0.596869, actvprof=,0.000000, id=,S08, PRDE,actvstrat=,0.085954, actvprof=,0.000000, id=,S09, PRDE,actvstrat=,0.453379, actvprof=,0.000000, best_B_id=,B08, best_B_prof=,5.228913, best_B_strat=,-1.000000, best_S_id=,S01, best_S_prof=,5.337634, best_S_strat=,1.000000, 
t=,504000, id=,B00, PRDE,actvstrat=,1.000000, actvprof=,0.000000, id=,B03, PRDE,actvstrat=,-1.000000, actvprof=,0.021956, id=,B05, PRDE,actvstrat=,1.000000, actvprof=,0.732738, id=,B06, PRDE,actvstrat=,1.000000, actvprof=,2.251852, id=,B08, PRDE,actvstrat=,-1.000000, actvprof=,5.227825, id=,S01, PRDE,actvstrat=,1.000000, actvprof=,5.321763, id=,S02, PRDE,actvstrat=,1.000000, actvprof=,3.635618, id=,S07, PRDE,actvstrat=,0.596869, actvprof=,0.000000, id=,S08, PRDE,actvstrat=,0.085954, actvprof=,0.000000, id=,S09, PRDE,actvstrat=,0.453379, actvprof=,0.000000, best_B_id=,B08, best_B_prof=,5.227825, best_B_strat=,-1.000000, best_S_id=,S01, best_S_prof=,5.321763, best_S_strat=,1.000000, 
t=,507600, id=,B00, PRDE,actvstrat=,-1.000000, actvprof=,0.000000, id=,B03, PRDE,actvstrat=,0.256395, actvprof=,0.030031, id=,B05, PRDE,actvstrat=,-1.000000, actvprof=,1.088634, id=,B06, PRDE,actvstrat=,-1.000000, actvprof=,2.508446, id=,B08, PRDE,actvstrat=,-1.000000, actvprof=,5.467640, id=,S01, PRDE,actvstrat=,1.000000, actvprof=,5.125339, id=,S02, PRDE,actvstrat=,1.000000, actvprof=,3.527842, id=,S07, PRDE,actvstrat=,1.000000, actvprof=,0.000000, id=,S08, PRDE,actvstrat=,-0.956562, actvprof=,0.000000, id=,S09, PRDE,actvstrat=,0.090035, actvprof=,0.000000, best_B_id=,B08, best_B_prof=,5.467640, best_B_strat=,-1.000000, best_S_id=,S01, best_S_prof=,5.125339, best_S_strat=,1.000000, 
t=,511200, id=,B00, PRDE,actvstrat=,-1.000000, actvprof=,0.000000, id=,B03, PRDE,actvstrat=,0.256395, actvprof=,0.020705, id=,B05, PRDE,actvstrat=,-1.000000, actvprof=,1.016224, id=,B06, PRDE,actvstrat=,-1.000000, actvprof=,2.466562, id=,B08, PRDE,actvstrat=,-1.000000, actvprof=,5.544138, id=,S01, PRDE,actvstrat=,1.000000, actvprof=,5.220775, id=,S02, PRDE,actvstrat=,1.000000, actvprof=,3.568386, id=,S07, PRDE,actvstrat=,1.000000, actvprof=,0.000000, id=,S08, PRDE,actvstrat=,-0.956562, actvprof=,0.000000, id=,S09, PRDE,actvstrat=,0.090035, actvprof=,0.000000, best_B_id=,B08, best_B_prof=,5.544138, best_B_strat=,-1.000000, best_S_id=,S01, best_S_prof=,5.220775, best_S_strat=,1.000000, 
t=,514800, id=,B00, PRDE,actvstrat=,1.000000, actvprof=,0.000000, id=,B03, PRDE,actvstrat=,1.000000, actvprof=,0.005005, id=,B05, PRDE,actvstrat=,-1.000000, actvprof=,1.065291, id=,B06, PRDE,actvstrat=,1.000000, actvprof=,2.428119, id=,B08, PRDE,actvstrat=,-1.000000, actvprof=,5.381792, id=,S01, PRDE,actvstrat=,1.000000, actvprof=,5.254713, id=,S02, PRDE,actvstrat=,1.000000, actvprof=,3.567377, id=,S07, PRDE,actvstrat=,-1.000000, actvprof=,0.000000, id=,S08, PRDE,actvstrat=,1.000000, actvprof=,0.000000, id=,S09, PRDE,actvstrat=,1.000000, actvprof=,0.000000, best_B_id=,B08, best_B_prof=,5.381792, best_B_strat=,-1.000000, best_S_id=,S01, best_S_prof=,5.254713, best_S_strat=,1.000000, 
t=,518400, id=,B00, PRDE,actvstrat=,1.000000, actvprof=,0.000000, id=,B03, PRDE,actvstrat=,1.000000, actvprof=,0.008199, id=,B05, PRDE,actvstrat=,-1.000000, actvprof=,0.968011, id=,B06, PRDE,actvstrat=,1.000000, actvprof=,2.346794, id=,B08, PRDE,actvstrat=,-1.000000, actvprof=,5.362136, id=,S01, PRDE,actvstrat=,1.000000, actvprof=,5.387288, id=,S02, PRDE,actvstrat=,1.000000, actvprof=,3.687919, id=,S07, PRDE,actvstrat=,-1.000000, actvprof=,0.000000, id=,S08, PRDE,actvstrat=,1.000000, actvprof=,0.000000, id=,S09, PRDE,actvstrat=,1.000000, actvprof=,0.000000, best_B_id=,B08, best_B_prof=,5.362136, best_B_strat=,-1.000000, best_S_id=,S01, best_S_prof=,5.387288, best_S_strat=,1.000000, 
t=,522000, id=,B00, PRDE,actvstrat=,-1.000000, actvprof=,0.000000, id=,B03, PRDE,actvstrat=,0.170525, actvprof=,0.018631, id=,B05, PRDE,actvstrat=,1.000000, actvprof=,0.800868, id=,B06, PRDE,actvstrat=,-1.000000, actvprof=,2.329468, id=,B08, PRDE,actvstrat=,-1.000000, actvprof=,5.309641, id=,S01, PRDE,actvstrat=,1.000000, actvprof=,5.242624, id=,S02, PRDE,actvstrat=,1.000000, actvprof=,3.633103, id=,S07, PRDE,actvstrat=,0.596869, actvprof=,0.000000, id=,S08, PRDE,actvstrat=,0.042516, actvprof=,0.000000, id=,S09, PRDE,actvstrat=,0.453379, actvprof=,0.000000, best_B_id=,B08, best_B_prof=,5.309641, best_B_strat=,-1.000000, best_S_id=,S01, best_S_prof=,5.242624, best_S_strat=,1.000000, 
t=,525600, id=,B00, PRDE,actvstrat=,-1.000000, actvprof=,0.000000, id=,B03, PRDE,actvstrat=,0.170525, actvprof=,0.020011, id=,B05, PRDE,actvstrat=,1.000000, actvprof=,0.820722, id=,B06, PRDE,actvstrat=,-1.000000, actvprof=,2.369061, id=,B08, PRDE,actvstrat=,-1.000000, actvprof=,5.381526, id=,S01, PRDE,actvstrat=,1.000000, actvprof=,5.206987, id=,S02, PRDE,actvstrat=,1.000000, actvprof=,3.584442, id=,S07, PRDE,actvstrat=,0.596869, actvprof=,0.000000, id=,S08, PRDE,actvstrat=,0.042516, actvprof=,0.000000, id=,S09, PRDE,actvstrat=,0.453379, actvprof=,0.000000, best_B_id=,B08, best_B_prof=,5.381526, best_B_strat=,-1.000000, best_S_id=,S01, best_S_prof=,5.206987, best_S_strat=,1.000000, 
t=,529200, id=,B00, PRDE,actvstrat=,-1.000000, actvprof=,0.000000, id=,B03, PRDE,actvstrat=,1.000000, actvprof=,0.000834, id=,B05, PRDE,actvstrat=,-1.000000, actvprof=,1.092032, id=,B06, PRDE,actvstrat=,-0.248335, actvprof=,0.790034, id=,B08, PRDE,actvstrat=,-1.000000, actvprof=,5.875614, id=,S01, PRDE,actvstrat=,-1.000000, actvprof=,4.954603, id=,S02, PRDE,actvstrat=,0.202654, actvprof=,0.829799, id=,S07, PRDE,actvstrat=,-1.000000, actvprof=,0.000000, id=,S08, PRDE,actvstrat=,1.000000, actvprof=,0.000000, id=,S09, PRDE,actvstrat=,1.000000, actvprof=,0.000000, best_B_id=,B08, best_B_prof=,5.875614, best_B_strat=,-1.000000, best_S_id=,S01, best_S_prof=,4.954603, best_S_strat=,-1.000000, 
t=,532800, id=,B00, PRDE,actvstrat=,-1.000000, actvprof=,0.000000, id=,B03, PRDE,actvstrat=,1.000000, actvprof=,0.000556, id=,B05, PRDE,actvstrat=,-1.000000, actvprof=,1.135762, id=,B06, PRDE,actvstrat=,-0.248335, actvprof=,0.790434, id=,B08, PRDE,actvstrat=,-1.000000, actvprof=,5.830699, id=,S01, PRDE,actvstrat=,-1.000000, actvprof=,4.844463, id=,S02, PRDE,actvstrat=,0.202654, actvprof=,0.876453, id=,S07, PRDE,actvstrat=,-1.000000, actvprof=,0.000000, id=,S08, PRDE,actvstrat=,1.000000, actvprof=,0.000000, id=,S09, PRDE,actvstrat=,1.000000, actvprof=,0.000000, best_B_id=,B08, best_B_prof=,5.830699, best_B_strat=,-1.000000, best_S_id=,S01, best_S_prof=,4.844463, best_S_strat=,-1.000000, 
t=,536400, id=,B00, PRDE,actvstrat=,1.000000, actvprof=,0.000000, id=,B03, PRDE,actvstrat=,0.256395, actvprof=,0.003893, id=,B05, PRDE,actvstrat=,-1.000000, actvprof=,0.672126, id=,B06, PRDE,actvstrat=,0.375832, actvprof=,1.427678, id=,B08, PRDE,actvstrat=,-1.000000, actvprof=,5.318335, id=,S01, PRDE,actvstrat=,1.000000, actvprof=,5.689020, id=,S02, PRDE,actvstrat=,0.202654, actvprof=,1.090085, id=,S07, PRDE,actvstrat=,-1.000000, actvprof=,0.000000, id=,S08, PRDE,actvstrat=,-0.913124, actvprof=,0.000000, id=,S09, PRDE,actvstrat=,1.000000, actvprof=,0.000000, best_B_id=,B08, best_B_prof=,5.318335, best_B_strat=,-1.000000, best_S_id=,S01, best_S_prof=,5.689020, best_S_strat=,1.000000, 
t=,540000, id=,B00, PRDE,actvstrat=,1.000000, actvprof=,0.000000, id=,B03, PRDE,actvstrat=,0.256395, actvprof=,0.003891, id=,B05, PRDE,actvstrat=,-1.000000, actvprof=,0.669946, id=,B06, PRDE,actvstrat=,0.375832, actvprof=,1.367129, id=,B08, PRDE,actvstrat=,-1.000000, actvprof=,5.176832, id=,S01, PRDE,actvstrat=,1.000000, actvprof=,5.716986, id=,S02, PRDE,actvstrat=,0.202654, actvprof=,1.113937, id=,S07, PRDE,actvstrat=,-1.000000, actvprof=,0.000000, id=,S08, PRDE,actvstrat=,-0.913124, actvprof=,0.000000, id=,S09, PRDE,actvstrat=,1.000000, actvprof=,0.000000, best_B_id=,B08, best_B_prof=,5.176832, best_B_strat=,-1.000000, best_S_id=,S01, best_S_prof=,5.716986, best_S_strat=,1.000000, 
t=,543600, id=,B00, PRDE,actvstrat=,-1.000000, actvprof=,0.000000, id=,B03, PRDE,actvstrat=,1.000000, actvprof=,0.013070, id=,B05, PRDE,actvstrat=,1.000000, actvprof=,0.533634, id=,B06, PRDE,actvstrat=,1.000000, actvprof=,1.875087, id=,B08, PRDE,actvstrat=,0.915123, actvprof=,5.114430, id=,S01, PRDE,actvstrat=,1.000000, actvprof=,5.353856, id=,S02, PRDE,actvstrat=,1.000000, actvprof=,3.712633, id=,S07, PRDE,actvstrat=,-0.798435, actvprof=,0.000000, id=,S08, PRDE,actvstrat=,-0.042516, actvprof=,0.000000, id=,S09, PRDE,actvstrat=,-1.000000, actvprof=,0.000000, best_B_id=,B08, best_B_prof=,5.114430, best_B_strat=,0.915123, best_S_id=,S01, best_S_prof=,5.353856, best_S_strat=,1.000000, 
t=,547200, id=,B00, PRDE,actvstrat=,-1.000000, actvprof=,0.000000, id=,B03, PRDE,actvstrat=,1.000000, actvprof=,0.014313, id=,B05, PRDE,actvstrat=,1.000000, actvprof=,0.520702, id=,B06, PRDE,actvstrat=,1.000000, actvprof=,1.904517, id=,B08, PRDE,actvstrat=,0.915123, actvprof=,5.157552, id=,S01, PRDE,actvstrat=,1.000000, actvprof=,5.311942, id=,S02, PRDE,actvstrat=,1.000000, actvprof=,3.646862, id=,S07, PRDE,actvstrat=,-0.798435, actvprof=,0.000000, id=,S08, PRDE,actvstrat=,-0.042516, actvprof=,0.000000, id=,S09, PRDE,actvstrat=,-1.000000, actvprof=,0.000000, best_B_id=,B08, best_B_prof=,5.157552, best_B_strat=,0.915123, best_S_id=,S01, best_S_prof=,5.311942, best_S_strat=,1.000000, 
t=,550800, id=,B00, PRDE,actvstrat=,1.000000, actvprof=,0.000000, id=,B03, PRDE,actvstrat=,0.170525, actvprof=,0.000556, id=,B05, PRDE,actvstrat=,1.000000, actvprof=,0.702437, id=,B06, PRDE,actvstrat=,1.000000, actvprof=,2.212984, id=,B08, PRDE,actvstrat=,-1.000000, actvprof=,5.078072, id=,S01, PRDE,actvstrat=,-1.000000, actvprof=,5.148983, id=,S02, PRDE,actvstrat=,0.567014, actvprof=,1.897638, id=,S07, PRDE,actvstrat=,-0.798435, actvprof=,0.000000, id=,S08, PRDE,actvstrat=,-1.000000, actvprof=,0.000000, id=,S09, PRDE,actvstrat=,-0.636655, actvprof=,0.000000, best_B_id=,B08, best_B_prof=,5.078072, best_B_strat=,-1.000000, best_S_id=,S01, best_S_prof=,5.148983, best_S_strat=,-1.000000, 
t=,554400, id=,B00, PRDE,actvstrat=,1.000000, actvprof=,0.000000, id=,B03, PRDE,actvstrat=,0.170525, actvprof=,0.000278, id=,B05, PRDE,actvstrat=,1.000000, actvprof=,0.665777, id=,B06, PRDE,actvstrat=,1.000000, actvprof=,2.176735, id=,B08, PRDE,actvstrat=,-1.000000, actvprof=,4.970192, id=,S01, PRDE,actvstrat=,-1.000000, actvprof=,5.258682, id=,S02, PRDE,actvstrat=,0.567014, actvprof=,1.792916, id=,S07, PRDE,actvstrat=,-0.798435, actvprof=,0.000000, id=,S08, PRDE,actvstrat=,-1.000000, actvprof=,0.000000, id=,S09, PRDE,actvstrat=,-0.636655, actvprof=,0.000000, best_B_id=,B08, best_B_prof=,4.970192, best_B_strat=,-1.000000, best_S_id=,S01, best_S_prof=,5.258682, best_S_strat=,-1.000000, 
t=,558000, id=,B00, PRDE,actvstrat=,1.000000, actvprof=,0.000000, id=,B03, PRDE,actvstrat=,1.000000, actvprof=,0.013904, id=,B05, PRDE,actvstrat=,-1.000000, actvprof=,0.979686, id=,B06, PRDE,actvstrat=,-1.000000, actvprof=,2.494960, id=,B08, PRDE,actvstrat=,-1.000000, actvprof=,5.455986, id=,S01, PRDE,actvstrat=,1.000000, actvprof=,5.420670, id=,S02, PRDE,actvstrat=,1.000000, actvprof=,3.703230, id=,S07, PRDE,actvstrat=,-1.000000, actvprof=,0.000000, id=,S08, PRDE,actvstrat=,-1.000000, actvprof=,0.000000, id=,S09, PRDE,actvstrat=,-1.000000, actvprof=,0.000000, best_B_id=,B08, best_B_prof=,5.455986, best_B_strat=,-1.000000, best_S_id=,S01, best_S_prof=,5.420670, best_S_strat=,1.000000, 
t=,561600, id=,B00, PRDE,actvstrat=,1.000000, actvprof=,0.000000, id=,B03, PRDE,actvstrat=,1.000000, actvprof=,0.009450, id=,B05, PRDE,actvstrat=,-1.000000, actvprof=,0.962744, id=,B06, PRDE,actvstrat=,-1.000000, actvprof=,2.467587, id=,B08, PRDE,actvstrat=,-1.000000, actvprof=,5.510485, id=,S01, PRDE,actvstrat=,1.000000, actvprof=,5.434888, id=,S02, PRDE,actvstrat=,1.000000, actvprof=,3.719098, id=,S07, PRDE,actvstrat=,-1.000000, actvprof=,0.000000, id=,S08, PRDE,actvstrat=,-1.000000, actvprof=,0.000000, id=,S09, PRDE,actvstrat=,-1.000000, actvprof=,0.000000, best_B_id=,B08, best_B_prof=,5.510485, best_B_strat=,-1.000000, best_S_id=,S01, best_S_prof=,5.434888, best_S_strat=,1.000000, 
t=,565200, id=,B00, PRDE,actvstrat=,-1.000000, actvprof=,0.000000, id=,B03, PRDE,actvstrat=,-1.000000, actvprof=,0.013348, id=,B05, PRDE,actvstrat=,-1.000000, actvprof=,0.894049, id=,B06, PRDE,actvstrat=,-1.000000, actvprof=,2.352058, id=,B08, PRDE,actvstrat=,-1.000000, actvprof=,5.489433, id=,S01, PRDE,actvstrat=,1.000000, actvprof=,5.397664, id=,S02, PRDE,actvstrat=,1.000000, actvprof=,3.817853, id=,S07, PRDE,actvstrat=,-1.000000, actvprof=,0.000000, id=,S08, PRDE,actvstrat=,-1.000000, actvprof=,0.000000, id=,S09, PRDE,actvstrat=,-0.818328, actvprof=,0.000000, best_B_id=,B08, best_B_prof=,5.489433, best_B_strat=,-1.000000, best_S_id=,S01, best_S_prof=,5.397664, best_S_strat=,1.000000, 
t=,568800, id=,B00, PRDE,actvstrat=,-1.000000, actvprof=,0.000000, id=,B03, PRDE,actvstrat=,-1.000000, actvprof=,0.010561, id=,B05, PRDE,actvstrat=,-1.000000, actvprof=,0.878266, id=,B06, PRDE,actvstrat=,-1.000000, actvprof=,2.384797, id=,B08, PRDE,actvstrat=,-1.000000, actvprof=,5.407449, id=,S01, PRDE,actvstrat=,1.000000, actvprof=,5.516537, id=,S02, PRDE,actvstrat=,1.000000, actvprof=,3.865481, id=,S07, PRDE,actvstrat=,-1.000000, actvprof=,0.000000, id=,S08, PRDE,actvstrat=,-1.000000, actvprof=,0.000000, id=,S09, PRDE,actvstrat=,-0.818328, actvprof=,0.000000, best_B_id=,B08, best_B_prof=,5.407449, best_B_strat=,-1.000000, best_S_id=,S01, best_S_prof=,5.516537, best_S_strat=,1.000000, 
t=,572400, id=,B00, PRDE,actvstrat=,1.000000, actvprof=,0.000000, id=,B03, PRDE,actvstrat=,-1.000000, actvprof=,0.005840, id=,B05, PRDE,actvstrat=,-1.000000, actvprof=,1.353689, id=,B06, PRDE,actvstrat=,1.000000, actvprof=,2.808598, id=,B08, PRDE,actvstrat=,1.000000, actvprof=,6.306276, id=,S01, PRDE,actvstrat=,-1.000000, actvprof=,4.683129, id=,S02, PRDE,actvstrat=,1.000000, actvprof=,3.243236, id=,S07, PRDE,actvstrat=,-1.000000, actvprof=,0.000000, id=,S08, PRDE,actvstrat=,-1.000000, actvprof=,0.000000, id=,S09, PRDE,actvstrat=,0.819931, actvprof=,0.000000, best_B_id=,B08, best_B_prof=,6.306276, best_B_strat=,1.000000, best_S_id=,S01, best_S_prof=,4.683129, best_S_strat=,-1.000000, 
t=,576000, id=,B00, PRDE,actvstrat=,1.000000, actvprof=,0.000000, id=,B03, PRDE,actvstrat=,-1.000000, actvprof=,0.006392, id=,B05, PRDE,actvstrat=,-1.000000, actvprof=,1.356865, id=,B06, PRDE,actvstrat=,1.000000, actvprof=,2.839911, id=,B08, PRDE,actvstrat=,1.000000, actvprof=,6.202474, id=,S01, PRDE,actvstrat=,-1.000000, actvprof=,4.694969, id=,S02, PRDE,actvstrat=,1.000000, actvprof=,3.230684, id=,S07, PRDE,actvstrat=,-1.000000, actvprof=,0.001112, id=,S08, PRDE,actvstrat=,-1.000000, actvprof=,0.000000, id=,S09, PRDE,actvstrat=,0.819931, actvprof=,0.000000, best_B_id=,B08, best_B_prof=,6.202474, best_B_strat=,1.000000, best_S_id=,S01, best_S_prof=,4.694969, best_S_strat=,-1.000000, 
t=,579600, id=,B00, PRDE,actvstrat=,1.000000, actvprof=,0.000000, id=,B03, PRDE,actvstrat=,1.000000, actvprof=,0.003615, id=,B05, PRDE,actvstrat=,1.000000, actvprof=,0.268636, id=,B06, PRDE,actvstrat=,1.000000, actvprof=,1.657142, id=,B08, PRDE,actvstrat=,-1.000000, actvprof=,4.606015, id=,S01, PRDE,actvstrat=,1.000000, actvprof=,6.220331, id=,S02, PRDE,actvstrat=,0.076790, actvprof=,1.151017, id=,S07, PRDE,actvstrat=,-1.000000, actvprof=,0.000000, id=,S08, PRDE,actvstrat=,-0.042516, actvprof=,0.000000, id=,S09, PRDE,actvstrat=,-1.000000, actvprof=,0.000000, best_B_id=,B08, best_B_prof=,4.606015, best_B_strat=,-1.000000, best_S_id=,S01, best_S_prof=,6.220331, best_S_strat=,1.000000, 
t=,583200, id=,B00, PRDE,actvstrat=,1.000000, actvprof=,0.000000, id=,B03, PRDE,actvstrat=,1.000000, actvprof=,0.002501, id=,B05, PRDE,actvstrat=,1.000000, actvprof=,0.298779, id=,B06, PRDE,actvstrat=,1.000000, actvprof=,1.700262, id=,B08, PRDE,actvstrat=,-1.000000, actvprof=,4.620933, id=,S01, PRDE,actvstrat=,1.000000, actvprof=,6.143734, id=,S02, PRDE,actvstrat=,0.076790, actvprof=,1.199564, id=,S07, PRDE,actvstrat=,-1.000000, actvprof=,0.000000, id=,S08, PRDE,actvstrat=,-0.042516, actvprof=,0.000000, id=,S09, PRDE,actvstrat=,-1.000000, actvprof=,0.000000, best_B_id=,B08, best_B_prof=,4.620933, best_B_strat=,-1.000000, best_S_id=,S01, best_S_prof=,6.143734, best_S_strat=,1.000000, 
t=,586800, id=,B00, PRDE,actvstrat=,1.000000, actvprof=,0.000000, id=,B03, PRDE,actvstrat=,-1.000000, actvprof=,0.010567, id=,B05, PRDE,actvstrat=,-1.000000, actvprof=,0.931591, id=,B06, PRDE,actvstrat=,1.000000, actvprof=,2.289210, id=,B08, PRDE,actvstrat=,-1.000000, actvprof=,5.441880, id=,S01, PRDE,actvstrat=,1.000000, actvprof=,5.498331, id=,S02, PRDE,actvstrat=,1.000000, actvprof=,3.748888, id=,S07, PRDE,actvstrat=,-1.000000, actvprof=,0.000000, id=,S08, PRDE,actvstrat=,-1.000000, actvprof=,0.000000, id=,S09, PRDE,actvstrat=,1.000000, actvprof=,0.000000, best_B_id=,B08, best_B_prof=,5.441880, best_B_strat=,-1.000000, best_S_id=,S01, best_S_prof=,5.498331, best_S_strat=,1.000000, 
t=,590400, id=,B00, PRDE,actvstrat=,1.000000, actvprof=,0.000000, id=,B03, PRDE,actvstrat=,-1.000000, actvprof=,0.010561, id=,B05, PRDE,actvstrat=,-1.000000, actvprof=,0.981795, id=,B06, PRDE,actvstrat=,1.000000, actvprof=,2.397165, id=,B08, PRDE,actvstrat=,-1.000000, actvprof=,5.401195, id=,S01, PRDE,actvstrat=,1.000000, actvprof=,5.444414, id=,S02, PRDE,actvstrat=,1.000000, actvprof=,3.719983, id=,S07, PRDE,actvstrat=,-1.000000, actvprof=,0.000000, id=,S08, PRDE,actvstrat=,-1.000000, actvprof=,0.000000, id=,S09, PRDE,actvstrat=,1.000000, actvprof=,0.000000, best_B_id=,B08, best_B_prof=,5.401195, best_B_strat=,-1.000000, best_S_id=,S01, best_S_prof=,5.444414, best_S_strat=,1.000000, 
t=,594000, id=,B00, PRDE,actvstrat=,-1.000000, actvprof=,0.000000, id=,B03, PRDE,actvstrat=,0.256395, actvprof=,0.016129, id=,B05, PRDE,actvstrat=,-1.000000, actvprof=,1.024500, id=,B06, PRDE,actvstrat=,1.000000, actvprof=,2.401624, id=,B08, PRDE,actvstrat=,-1.000000, actvprof=,5.348870, id=,S01, PRDE,actvstrat=,1.000000, actvprof=,5.202314, id=,S02, PRDE,actvstrat=,1.000000, actvprof=,3.609388, id=,S07, PRDE,actvstrat=,-1.000000, actvprof=,0.000000, id=,S08, PRDE,actvstrat=,0.085954, actvprof=,0.000000, id=,S09, PRDE,actvstrat=,1.000000, actvprof=,0.000000, best_B_id=,B08, best_B_prof=,5.348870, best_B_strat=,-1.000000, best_S_id=,S01, best_S_prof=,5.202314, best_S_strat=,1.000000, 
t=,597600, id=,B00, PRDE,actvstrat=,-1.000000, actvprof=,0.000000, id=,B03, PRDE,actvstrat=,0.256395, actvprof=,0.014453, id=,B05, PRDE,actvstrat=,-1.000000, actvprof=,1.010992, id=,B06, PRDE,actvstrat=,1.000000, actvprof=,2.402479, id=,B08, PRDE,actvstrat=,-1.000000, actvprof=,5.397796, id=,S01, PRDE,actvstrat=,1.000000, actvprof=,5.275782, id=,S02, PRDE,actvstrat=,1.000000, actvprof=,3.620534, id=,S07, PRDE,actvstrat=,-1.000000, actvprof=,0.000000, id=,S08, PRDE,actvstrat=,0.085954, actvprof=,0.000000, id=,S09, PRDE,actvstrat=,1.000000, actvprof=,0.000000, best_B_id=,B08, best_B_prof=,5.397796, best_B_strat=,-1.000000, best_S_id=,S01, best_S_prof=,5.275782, best_S_strat=,1.000000, 
t=,601200, id=,B00, PRDE,actvstrat=,1.000000, actvprof=,0.000000, id=,B03, PRDE,actvstrat=,-1.000000, actvprof=,0.005284, id=,B05, PRDE,actvstrat=,-1.000000, actvprof=,0.992269, id=,B06, PRDE,actvstrat=,-1.000000, actvprof=,2.460927, id=,B08, PRDE,actvstrat=,-1.000000, actvprof=,5.633239, id=,S01, PRDE,actvstrat=,1.000000, actvprof=,5.425775, id=,S02, PRDE,actvstrat=,1.000000, actvprof=,3.760498, id=,S07, PRDE,actvstrat=,-0.798435, actvprof=,0.000000, id=,S08, PRDE,actvstrat=,-1.000000, actvprof=,0.000000, id=,S09, PRDE,actvstrat=,1.000000, actvprof=,0.000000, best_B_id=,B08, best_B_prof=,5.633239, best_B_strat=,-1.000000, best_S_id=,S01, best_S_prof=,5.425775, best_S_strat=,1.000000, 
t=,604800, id=,B00, PRDE,actvstrat=,1.000000, actvprof=,0.000000, id=,B03, PRDE,actvstrat=,-1.000000, actvprof=,0.003057, id=,B05, PRDE,actvstrat=,-1.000000, actvprof=,0.883136, id=,B06, PRDE,actvstrat=,-1.000000, actvprof=,2.338399, id=,B08, PRDE,actvstrat=,-1.000000, actvprof=,5.464463, id=,S01, PRDE,actvstrat=,1.000000, actvprof=,5.576331, id=,S02, PRDE,actvstrat=,1.000000, actvprof=,3.854529, id=,S07, PRDE,actvstrat=,-0.798435, actvprof=,0.000000, id=,S08, PRDE,actvstrat=,-1.000000, actvprof=,0.000000, id=,S09, PRDE,actvstrat=,1.000000, actvprof=,0.000000, best_B_id=,B08, best_B_prof=,5.464463, best_B_strat=,-1.000000, best_S_id=,S01, best_S_prof=,5.576331, best_S_strat=,1.000000, 
t=,608400, id=,B00, PRDE,actvstrat=,1.000000, actvprof=,0.000000, id=,B03, PRDE,actvstrat=,1.000000, actvprof=,0.009733, id=,B05, PRDE,actvstrat=,1.000000, actvprof=,0.727207, id=,B06, PRDE,actvstrat=,1.000000, actvprof=,2.212211, id=,B08, PRDE,actvstrat=,-1.000000, actvprof=,5.234500, id=,S01, PRDE,actvstrat=,1.000000, actvprof=,5.323489, id=,S02, PRDE,actvstrat=,1.000000, actvprof=,3.687482, id=,S07, PRDE,actvstrat=,-0.798435, actvprof=,0.000000, id=,S08, PRDE,actvstrat=,-1.000000, actvprof=,0.000000, id=,S09, PRDE,actvstrat=,-1.000000, actvprof=,0.000000, best_B_id=,B08, best_B_prof=,5.234500, best_B_strat=,-1.000000, best_S_id=,S01, best_S_prof=,5.323489, best_S_strat=,1.000000, 
t=,612000, id=,B00, PRDE,actvstrat=,1.000000, actvprof=,0.000000, id=,B03, PRDE,actvstrat=,1.000000, actvprof=,0.009589, id=,B05, PRDE,actvstrat=,1.000000, actvprof=,0.696378, id=,B06, PRDE,actvstrat=,1.000000, actvprof=,2.205175, id=,B08, PRDE,actvstrat=,-1.000000, actvprof=,5.255844, id=,S01, PRDE,actvstrat=,1.000000, actvprof=,5.343256, id=,S02, PRDE,actvstrat=,1.000000, actvprof=,3.695350, id=,S07, PRDE,actvstrat=,-0.798435, actvprof=,0.000000, id=,S08, PRDE,actvstrat=,-1.000000, actvprof=,0.000000, id=,S09, PRDE,actvstrat=,-1.000000, actvprof=,0.000000, best_B_id=,B08, best_B_prof=,5.255844, best_B_strat=,-1.000000, best_S_id=,S01, best_S_prof=,5.343256, best_S_strat=,1.000000, 
t=,615600, id=,B00, PRDE,actvstrat=,1.000000, actvprof=,0.000000, id=,B03, PRDE,actvstrat=,0.487211, actvprof=,0.013905, id=,B05, PRDE,actvstrat=,-1.000000, actvprof=,1.367985, id=,B06, PRDE,actvstrat=,1.000000, actvprof=,2.840814, id=,B08, PRDE,actvstrat=,1.000000, actvprof=,6.109072, id=,S01, PRDE,actvstrat=,1.000000, actvprof=,4.816453, id=,S02, PRDE,actvstrat=,-1.000000, actvprof=,3.126147, id=,S07, PRDE,actvstrat=,-1.000000, actvprof=,0.000000, id=,S08, PRDE,actvstrat=,1.000000, actvprof=,0.000000, id=,S09, PRDE,actvstrat=,1.000000, actvprof=,0.000000, best_B_id=,B08, best_B_prof=,6.109072, best_B_strat=,1.000000, best_S_id=,S01, best_S_prof=,4.816453, best_S_strat=,1.000000, 
t=,619200, id=,B00, PRDE,actvstrat=,1.000000, actvprof=,0.000000, id=,B03, PRDE,actvstrat=,0.487211, actvprof=,0.015703, id=,B05, PRDE,actvstrat=,-1.000000, actvprof=,1.376061, id=,B06, PRDE,actvstrat=,1.000000, actvprof=,2.781028, id=,B08, PRDE,actvstrat=,1.000000, actvprof=,6.162954, id=,S01, PRDE,actvstrat=,1.000000, actvprof=,4.820801, id=,S02, PRDE,actvstrat=,-1.000000, actvprof=,3.124418, id=,S07, PRDE,actvstrat=,-1.000000, actvprof=,0.001112, id=,S08, PRDE,actvstrat=,1.000000, actvprof=,0.000000, id=,S09, PRDE,actvstrat=,1.000000, actvprof=,0.000000, best_B_id=,B08, best_B_prof=,6.162954, best_B_strat=,1.000000, best_S_id=,S01, best_S_prof=,4.820801, best_S_strat=,1.000000, 
t=,622800, id=,B00, PRDE,actvstrat=,1.000000, actvprof=,0.000000, id=,B03, PRDE,actvstrat=,-1.000000, actvprof=,0.011959, id=,B05, PRDE,actvstrat=,-1.000000, actvprof=,1.273744, id=,B06, PRDE,actvstrat=,1.000000, actvprof=,2.807520, id=,B08, PRDE,actvstrat=,1.000000, actvprof=,6.182941, id=,S01, PRDE,actvstrat=,-1.000000, actvprof=,4.751787, id=,S02, PRDE,actvstrat=,1.000000, actvprof=,3.287538, id=,S07, PRDE,actvstrat=,-1.000000, actvprof=,0.000000, id=,S08, PRDE,actvstrat=,-0.478742, actvprof=,0.000000, id=,S09, PRDE,actvstrat=,1.000000, actvprof=,0.000000, best_B_id=,B08, best_B_prof=,6.182941, best_B_strat=,1.000000, best_S_id=,S01, best_S_prof=,4.751787, best_S_strat=,-1.000000, 
t=,626400, id=,B00, PRDE,actvstrat=,1.000000, actvprof=,0.000000, id=,B03, PRDE,actvstrat=,-1.000000, actvprof=,0.009728, id=,B05, PRDE,actvstrat=,-1.000000, actvprof=,1.289520, id=,B06, PRDE,actvstrat=,1.000000, actvprof=,2.780966, id=,B08, PRDE,actvstrat=,1.000000, actvprof=,6.187306, id=,S01, PRDE,actvstrat=,-1.000000, actvprof=,4.739914, id=,S02, PRDE,actvstrat=,1.000000, actvprof=,3.254027, id=,S07, PRDE,actvstrat=,-1.000000, actvprof=,0.000000, id=,S08, PRDE,actvstrat=,-0.478742, actvprof=,0.000000, id=,S09, PRDE,actvstrat=,1.000000, actvprof=,0.000000, best_B_id=,B08, best_B_prof=,6.187306, best_B_strat=,1.000000, best_S_id=,S01, best_S_prof=,4.739914, best_S_strat=,-1.000000, 
t=,630000, id=,B00, PRDE,actvstrat=,-1.000000, actvprof=,0.000000, id=,B03, PRDE,actvstrat=,-1.000000, actvprof=,0.000000, id=,B05, PRDE,actvstrat=,-1.000000, actvprof=,1.339099, id=,B06, PRDE,actvstrat=,1.000000, actvprof=,2.975499, id=,B08, PRDE,actvstrat=,1.000000, actvprof=,6.367884, id=,S01, PRDE,actvstrat=,-1.000000, actvprof=,4.798509, id=,S02, PRDE,actvstrat=,-1.000000, actvprof=,3.244709, id=,S07, PRDE,actvstrat=,-1.000000, actvprof=,0.000000, id=,S08, PRDE,actvstrat=,1.000000, actvprof=,0.000000, id=,S09, PRDE,actvstrat=,-1.000000, actvprof=,0.000000, best_B_id=,B08, best_B_prof=,6.367884, best_B_strat=,1.000000, best_S_id=,S01, best_S_prof=,4.798509, best_S_strat=,-1.000000, 
t=,633600, id=,B00, PRDE,actvstrat=,-1.000000, actvprof=,0.000000, id=,B03, PRDE,actvstrat=,-1.000000, actvprof=,0.000000, id=,B05, PRDE,actvstrat=,-1.000000, actvprof=,1.347749, id=,B06, PRDE,actvstrat=,1.000000, actvprof=,2.954959, id=,B08, PRDE,actvstrat=,1.000000, actvprof=,6.329614, id=,S01, PRDE,actvstrat=,-1.000000, actvprof=,4.760899, id=,S02, PRDE,actvstrat=,-1.000000, actvprof=,3.225676, id=,S07, PRDE,actvstrat=,-1.000000, actvprof=,0.000000, id=,S08, PRDE,actvstrat=,1.000000, actvprof=,0.000000, id=,S09, PRDE,actvstrat=,-1.000000, actvprof=,0.000000, best_B_id=,B08, best_B_prof=,6.329614, best_B_strat=,1.000000, best_S_id=,S01, best_S_prof=,4.760899, best_S_strat=,-1.000000, 
t=,637200, id=,B00, PRDE,actvstrat=,-1.000000, actvprof=,0.000000, id=,B03, PRDE,actvstrat=,0.256395, actvprof=,0.015574, id=,B05, PRDE,actvstrat=,-1.000000, actvprof=,1.315164, id=,B06, PRDE,actvstrat=,1.000000, actvprof=,2.539109, id=,B08, PRDE,actvstrat=,0.915123, actvprof=,5.982618, id=,S01, PRDE,actvstrat=,1.000000, actvprof=,4.921644, id=,S02, PRDE,actvstrat=,1.000000, actvprof=,3.201001, id=,S07, PRDE,actvstrat=,-0.798435, actvprof=,0.000000, id=,S08, PRDE,actvstrat=,-1.000000, actvprof=,0.000000, id=,S09, PRDE,actvstrat=,-1.000000, actvprof=,0.000000, best_B_id=,B08, best_B_prof=,5.982618, best_B_strat=,0.915123, best_S_id=,S01, best_S_prof=,4.921644, best_S_strat=,1.000000, 
t=,640800, id=,B00, PRDE,actvstrat=,-1.000000, actvprof=,0.000000, id=,B03, PRDE,actvstrat=,0.256395, actvprof=,0.020289, id=,B05, PRDE,actvstrat=,-1.000000, actvprof=,1.294774, id=,B06, PRDE,actvstrat=,1.000000, actvprof=,2.522982, id=,B08, PRDE,actvstrat=,0.915123, actvprof=,5.959963, id=,S01, PRDE,actvstrat=,1.000000, actvprof=,4.880730, id=,S02, PRDE,actvstrat=,1.000000, actvprof=,3.192951, id=,S07, PRDE,actvstrat=,-0.798435, actvprof=,0.000000, id=,S08, PRDE,actvstrat=,-1.000000, actvprof=,0.000000, id=,S09, PRDE,actvstrat=,-1.000000, actvprof=,0.000000, best_B_id=,B08, best_B_prof=,5.959963, best_B_strat=,0.915123, best_S_id=,S01, best_S_prof=,4.880730, best_S_strat=,1.000000, 
t=,644400, id=,B00, PRDE,actvstrat=,-1.000000, actvprof=,0.000000, id=,B03, PRDE,actvstrat=,1.000000, actvprof=,0.010846, id=,B05, PRDE,actvstrat=,-0.647589, actvprof=,0.407987, id=,B06, PRDE,actvstrat=,-1.000000, actvprof=,3.579831, id=,B08, PRDE,actvstrat=,1.000000, actvprof=,7.116278, id=,S01, PRDE,actvstrat=,-1.000000, actvprof=,3.928859, id=,S02, PRDE,actvstrat=,1.000000, actvprof=,2.514114, id=,S07, PRDE,actvstrat=,-1.000000, actvprof=,0.000000, id=,S08, PRDE,actvstrat=,1.000000, actvprof=,0.000000, id=,S09, PRDE,actvstrat=,-1.000000, actvprof=,0.000000, best_B_id=,B08, best_B_prof=,7.116278, best_B_strat=,1.000000, best_S_id=,S01, best_S_prof=,3.928859, best_S_strat=,-1.000000, 
t=,648000, id=,B00, PRDE,actvstrat=,-1.000000, actvprof=,0.000000, id=,B03, PRDE,actvstrat=,1.000000, actvprof=,0.010145, id=,B05, PRDE,actvstrat=,-0.647589, actvprof=,0.385786, id=,B06, PRDE,actvstrat=,-1.000000, actvprof=,3.554206, id=,B08, PRDE,actvstrat=,1.000000, actvprof=,7.084787, id=,S01, PRDE,actvstrat=,-1.000000, actvprof=,3.884542, id=,S02, PRDE,actvstrat=,1.000000, actvprof=,2.513723, id=,S07, PRDE,actvstrat=,-1.000000, actvprof=,0.000000, id=,S08, PRDE,actvstrat=,1.000000, actvprof=,0.000000, id=,S09, PRDE,actvstrat=,-1.000000, actvprof=,0.000000, best_B_id=,B08, best_B_prof=,7.084787, best_B_strat=,1.000000, best_S_id=,S01, best_S_prof=,3.884542, best_S_strat=,-1.000000, 
t=,651600, id=,B00, PRDE,actvstrat=,1.000000, actvprof=,0.000000, id=,B03, PRDE,actvstrat=,0.487211, actvprof=,0.030314, id=,B05, PRDE,actvstrat=,-1.000000, actvprof=,1.341065, id=,B06, PRDE,actvstrat=,1.000000, actvprof=,2.520546, id=,B08, PRDE,actvstrat=,1.000000, actvprof=,5.936618, id=,S01, PRDE,actvstrat=,1.000000, actvprof=,4.849193, id=,S02, PRDE,actvstrat=,1.000000, actvprof=,3.183291, id=,S07, PRDE,actvstrat=,-1.000000, actvprof=,0.000000, id=,S08, PRDE,actvstrat=,1.000000, actvprof=,0.000000, id=,S09, PRDE,actvstrat=,-1.000000, actvprof=,0.000000, best_B_id=,B08, best_B_prof=,5.936618, best_B_strat=,1.000000, best_S_id=,S01, best_S_prof=,4.849193, best_S_strat=,1.000000, 
t=,655200, id=,B00, PRDE,actvstrat=,1.000000, actvprof=,0.000000, id=,B03, PRDE,actvstrat=,0.487211, actvprof=,0.027378, id=,B05, PRDE,actvstrat=,-1.000000, actvprof=,1.359710, id=,B06, PRDE,actvstrat=,1.000000, actvprof=,2.601155, id=,B08, PRDE,actvstrat=,1.000000, actvprof=,5.980280, id=,S01, PRDE,actvstrat=,1.000000, actvprof=,4.813742, id=,S02, PRDE,actvstrat=,1.000000, actvprof=,3.158714, id=,S07, PRDE,actvstrat=,-1.000000, actvprof=,0.000000, id=,S08, PRDE,actvstrat=,1.000000, actvprof=,0.000000, id=,S09, PRDE,actvstrat=,-1.000000, actvprof=,0.000000, best_B_id=,B08, best_B_prof=,5.980280, best_B_strat=,1.000000, best_S_id=,S01, best_S_prof=,4.813742, best_S_strat=,1.000000, 
t=,658800, id=,B00, PRDE,actvstrat=,-1.000000, actvprof=,0.000000, id=,B03, PRDE,actvstrat=,1.000000, actvprof=,0.010847, id=,B05, PRDE,actvstrat=,-1.000000, actvprof=,0.998999, id=,B06, PRDE,actvstrat=,-1.000000, actvprof=,2.455501, id=,B08, PRDE,actvstrat=,-1.000000, actvprof=,5.411892, id=,S01, PRDE,actvstrat=,1.000000, actvprof=,5.292580, id=,S02, PRDE,actvstrat=,1.000000, actvprof=,3.703972, id=,S07, PRDE,actvstrat=,-1.000000, actvprof=,0.000000, id=,S08, PRDE,actvstrat=,-1.000000, actvprof=,0.000000, id=,S09, PRDE,actvstrat=,-1.000000, actvprof=,0.000000, best_B_id=,B08, best_B_prof=,5.411892, best_B_strat=,-1.000000, best_S_id=,S01, best_S_prof=,5.292580, best_S_strat=,1.000000, 
t=,662400, id=,B00, PRDE,actvstrat=,-1.000000, actvprof=,0.000000, id=,B03, PRDE,actvstrat=,1.000000, actvprof=,0.007366, id=,B05, PRDE,actvstrat=,-1.000000, actvprof=,0.944612, id=,B06, PRDE,actvstrat=,-1.000000, actvprof=,2.458742, id=,B08, PRDE,actvstrat=,-1.000000, actvprof=,5.453787, id=,S01, PRDE,actvstrat=,1.000000, actvprof=,5.423491, id=,S02, PRDE,actvstrat=,1.000000, actvprof=,3.735781, id=,S07, PRDE,actvstrat=,-1.000000, actvprof=,0.000000, id=,S08, PRDE,actvstrat=,-1.000000, actvprof=,0.000000, id=,S09, PRDE,actvstrat=,-1.000000, actvprof=,0.000000, best_B_id=,B08, best_B_prof=,5.453787, best_B_strat=,-1.000000, best_S_id=,S01, best_S_prof=,5.423491, best_S_strat=,1.000000, 
t=,666000, id=,B00, PRDE,actvstrat=,1.000000, actvprof=,0.000000, id=,B03, PRDE,actvstrat=,0.256395, actvprof=,0.004728, id=,B05, PRDE,actvstrat=,-1.000000, actvprof=,1.242369, id=,B06, PRDE,actvstrat=,1.000000, actvprof=,2.698892, id=,B08, PRDE,actvstrat=,0.915123, actvprof=,6.122012, id=,S01, PRDE,actvstrat=,1.000000, actvprof=,4.921083, id=,S02, PRDE,actvstrat=,-1.000000, actvprof=,3.371112, id=,S07, PRDE,actvstrat=,-1.000000, actvprof=,0.000000, id=,S08, PRDE,actvstrat=,1.000000, actvprof=,0.000000, id=,S09, PRDE,actvstrat=,-1.000000, actvprof=,0.000000, best_B_id=,B08, best_B_prof=,6.122012, best_B_strat=,0.915123, best_S_id=,S01, best_S_prof=,4.921083, best_S_strat=,1.000000, 
t=,669600, id=,B00, PRDE,actvstrat=,1.000000, actvprof=,0.000000, id=,B03, PRDE,actvstrat=,0.256395, actvprof=,0.005837, id=,B05, PRDE,actvstrat=,-1.000000, actvprof=,1.296644, id=,B06, PRDE,actvstrat=,1.000000, actvprof=,2.743520, id=,B08, PRDE,actvstrat=,0.915123, actvprof=,6.201237, id=,S01, PRDE,actvstrat=,1.000000, actvprof=,4.906956, id=,S02, PRDE,actvstrat=,-1.000000, actvprof=,3.267181, id=,S07, PRDE,actvstrat=,-1.000000, actvprof=,0.000000, id=,S08, PRDE,actvstrat=,1.000000, actvprof=,0.000000, id=,S09, PRDE,actvstrat=,-1.000000, actvprof=,0.000000, best_B_id=,B08, best_B_prof=,6.201237, best_B_strat=,0.915123, best_S_id=,S01, best_S_prof=,4.906956, best_S_strat=,1.000000, 
t=,673200, id=,B00, PRDE,actvstrat=,1.000000, actvprof=,0.000000, id=,B03, PRDE,actvstrat=,1.000000, actvprof=,0.000834, id=,B05, PRDE,actvstrat=,-1.000000, actvprof=,1.065220, id=,B06, PRDE,actvstrat=,-1.000000, actvprof=,2.641635, id=,B08, PRDE,actvstrat=,-1.000000, actvprof=,5.582534, id=,S01, PRDE,actvstrat=,1.000000, actvprof=,5.335836, id=,S02, PRDE,actvstrat=,-1.000000, actvprof=,3.294118, id=,S07, PRDE,actvstrat=,-1.000000, actvprof=,0.000000, id=,S08, PRDE,actvstrat=,-1.000000, actvprof=,0.000000, id=,S09, PRDE,actvstrat=,1.000000, actvprof=,0.000000, best_B_id=,B08, best_B_prof=,5.582534, best_B_strat=,-1.000000, best_S_id=,S01, best_S_prof=,5.335836, best_S_strat=,1.000000, 
t=,676800, id=,B00, PRDE,actvstrat=,1.000000, actvprof=,0.000000, id=,B03, PRDE,actvstrat=,1.000000, actvprof=,0.001112, id=,B05, PRDE,actvstrat=,-1.000000, actvprof=,1.071086, id=,B06, PRDE,actvstrat=,-1.000000, actvprof=,2.622194, id=,B08, PRDE,actvstrat=,-1.000000, actvprof=,5.749566, id=,S01, PRDE,actvstrat=,1.000000, actvprof=,5.351261, id=,S02, PRDE,actvstrat=,-1.000000, actvprof=,3.274269, id=,S07, PRDE,actvstrat=,-1.000000, actvprof=,0.000000, id=,S08, PRDE,actvstrat=,-1.000000, actvprof=,0.000000, id=,S09, PRDE,actvstrat=,1.000000, actvprof=,0.000000, best_B_id=,B08, best_B_prof=,5.749566, best_B_strat=,-1.000000, best_S_id=,S01, best_S_prof=,5.351261, best_S_strat=,1.000000, 
t=,680400, id=,B00, PRDE,actvstrat=,-1.000000, actvprof=,0.000000, id=,B03, PRDE,actvstrat=,-1.000000, actvprof=,0.012516, id=,B05, PRDE,actvstrat=,-1.000000, actvprof=,0.832429, id=,B06, PRDE,actvstrat=,-1.000000, actvprof=,2.325407, id=,B08, PRDE,actvstrat=,-1.000000, actvprof=,5.367821, id=,S01, PRDE,actvstrat=,1.000000, actvprof=,5.455987, id=,S02, PRDE,actvstrat=,1.000000, actvprof=,3.806703, id=,S07, PRDE,actvstrat=,-1.000000, actvprof=,0.000000, id=,S08, PRDE,actvstrat=,1.000000, actvprof=,0.000000, id=,S09, PRDE,actvstrat=,1.000000, actvprof=,0.000000, best_B_id=,B08, best_B_prof=,5.367821, best_B_strat=,-1.000000, best_S_id=,S01, best_S_prof=,5.455987, best_S_strat=,1.000000, 
t=,684000, id=,B00, PRDE,actvstrat=,-1.000000, actvprof=,0.000000, id=,B03, PRDE,actvstrat=,-1.000000, actvprof=,0.008894, id=,B05, PRDE,actvstrat=,-1.000000, actvprof=,0.906526, id=,B06, PRDE,actvstrat=,-1.000000, actvprof=,2.404803, id=,B08, PRDE,actvstrat=,-1.000000, actvprof=,5.506560, id=,S01, PRDE,actvstrat=,1.000000, actvprof=,5.472928, id=,S02, PRDE,actvstrat=,1.000000, actvprof=,3.777864, id=,S07, PRDE,actvstrat=,-1.000000, actvprof=,0.000000, id=,S08, PRDE,actvstrat=,1.000000, actvprof=,0.000000, id=,S09, PRDE,actvstrat=,1.000000, actvprof=,0.000000, best_B_id=,B08, best_B_prof=,5.506560, best_B_strat=,-1.000000, best_S_id=,S01, best_S_prof=,5.472928, best_S_strat=,1.000000, 
t=,687600, id=,B00, PRDE,actvstrat=,-1.000000, actvprof=,0.000000, id=,B03, PRDE,actvstrat=,-0.205238, actvprof=,0.008622, id=,B05, PRDE,actvstrat=,-0.295178, actvprof=,0.498679, id=,B06, PRDE,actvstrat=,-1.000000, actvprof=,3.367265, id=,B08, PRDE,actvstrat=,-1.000000, actvprof=,6.437491, id=,S01, PRDE,actvstrat=,1.000000, actvprof=,4.308163, id=,S02, PRDE,actvstrat=,1.000000, actvprof=,2.647476, id=,S07, PRDE,actvstrat=,-1.000000, actvprof=,0.000000, id=,S08, PRDE,actvstrat=,-1.000000, actvprof=,0.000000, id=,S09, PRDE,actvstrat=,-0.819931, actvprof=,0.000000, best_B_id=,B08, best_B_prof=,6.437491, best_B_strat=,-1.000000, best_S_id=,S01, best_S_prof=,4.308163, best_S_strat=,1.000000, 
t=,691200, id=,B00, PRDE,actvstrat=,-1.000000, actvprof=,0.000000, id=,B03, PRDE,actvstrat=,-0.205238, actvprof=,0.009450, id=,B05, PRDE,actvstrat=,-0.295178, actvprof=,0.454170, id=,B06, PRDE,actvstrat=,-1.000000, actvprof=,3.292591, id=,B08, PRDE,actvstrat=,-1.000000, actvprof=,6.372133, id=,S01, PRDE,actvstrat=,1.000000, actvprof=,4.365893, id=,S02, PRDE,actvstrat=,1.000000, actvprof=,2.730160, id=,S07, PRDE,actvstrat=,-1.000000, actvprof=,0.000000, id=,S08, PRDE,actvstrat=,-1.000000, actvprof=,0.000000, id=,S09, PRDE,actvstrat=,-0.819931, actvprof=,0.000000, best_B_id=,B08, best_B_prof=,6.372133, best_B_strat=,-1.000000, best_S_id=,S01, best_S_prof=,4.365893, best_S_strat=,1.000000, 
t=,694800, id=,B00, PRDE,actvstrat=,-1.000000, actvprof=,0.000000, id=,B03, PRDE,actvstrat=,0.487211, actvprof=,0.002503, id=,B05, PRDE,actvstrat=,-1.000000, actvprof=,0.342646, id=,B06, PRDE,actvstrat=,1.000000, actvprof=,1.684304, id=,B08, PRDE,actvstrat=,1.000000, actvprof=,5.137183, id=,S01, PRDE,actvstrat=,1.000000, actvprof=,5.990182, id=,S02, PRDE,actvstrat=,-0.662694, actvprof=,0.285353, id=,S07, PRDE,actvstrat=,-1.000000, actvprof=,0.000000, id=,S08, PRDE,actvstrat=,-1.000000, actvprof=,0.000000, id=,S09, PRDE,actvstrat=,-1.000000, actvprof=,0.000000, best_B_id=,B08, best_B_prof=,5.137183, best_B_strat=,1.000000, best_S_id=,S01, best_S_prof=,5.990182, best_S_strat=,1.000000, 
t=,698400, id=,B00, PRDE,actvstrat=,-1.000000, actvprof=,0.000000, id=,B03, PRDE,actvstrat=,0.487211, actvprof=,0.002224, id=,B05, PRDE,actvstrat=,-1.000000, actvprof=,0.337016, id=,B06, PRDE,actvstrat=,1.000000, actvprof=,1.657425, id=,B08, PRDE,actvstrat=,1.000000, actvprof=,5.066222, id=,S01, PRDE,actvstrat=,1.000000, actvprof=,6.136196, id=,S02, PRDE,actvstrat=,-0.662694, actvprof=,0.283233, id=,S07, PRDE,actvstrat=,-1.000000, actvprof=,0.000000, id=,S08, PRDE,actvstrat=,-1.000000, actvprof=,0.000000, id=,S09, PRDE,actvstrat=,-1.000000, actvprof=,0.000000, best_B_id=,B08, best_B_prof=,5.066222, best_B_strat=,1.000000, best_S_id=,S01, best_S_prof=,6.136196, best_S_strat=,1.000000, 
t=,702000, id=,B00, PRDE,actvstrat=,-1.000000, actvprof=,0.000000, id=,B03, PRDE,actvstrat=,-1.000000, actvprof=,0.000000, id=,B05, PRDE,actvstrat=,-1.000000, actvprof=,1.096370, id=,B06, PRDE,actvstrat=,-1.000000, actvprof=,2.671395, id=,B08, PRDE,actvstrat=,-1.000000, actvprof=,5.600612, id=,S01, PRDE,actvstrat=,-1.000000, actvprof=,4.773467, id=,S02, PRDE,actvstrat=,-1.000000, actvprof=,3.312474, id=,S07, PRDE,actvstrat=,-1.000000, actvprof=,0.000000, id=,S08, PRDE,actvstrat=,-1.000000, actvprof=,0.000000, id=,S09, PRDE,actvstrat=,1.000000, actvprof=,0.000000, best_B_id=,B08, best_B_prof=,5.600612, best_B_strat=,-1.000000, best_S_id=,S01, best_S_prof=,4.773467, best_S_strat=,-1.000000, 
t=,705600, id=,B00, PRDE,actvstrat=,-1.000000, actvprof=,0.000000, id=,B03, PRDE,actvstrat=,-1.000000, actvprof=,0.000695, id=,B05, PRDE,actvstrat=,-1.000000, actvprof=,1.108610, id=,B06, PRDE,actvstrat=,-1.000000, actvprof=,2.628170, id=,B08, PRDE,actvstrat=,-1.000000, actvprof=,5.700646, id=,S01, PRDE,actvstrat=,-1.000000, actvprof=,4.809673, id=,S02, PRDE,actvstrat=,-1.000000, actvprof=,3.345007, id=,S07, PRDE,actvstrat=,-1.000000, actvprof=,0.000000, id=,S08, PRDE,actvstrat=,-1.000000, actvprof=,0.000000, id=,S09, PRDE,actvstrat=,1.000000, actvprof=,0.000000, best_B_id=,B08, best_B_prof=,5.700646, best_B_strat=,-1.000000, best_S_id=,S01, best_S_prof=,4.809673, best_S_strat=,-1.000000, 
t=,709200, id=,B00, PRDE,actvstrat=,-1.000000, actvprof=,0.000000, id=,B03, PRDE,actvstrat=,-0.205238, actvprof=,0.000834, id=,B05, PRDE,actvstrat=,-1.000000, actvprof=,1.247949, id=,B06, PRDE,actvstrat=,-1.000000, actvprof=,2.750382, id=,B08, PRDE,actvstrat=,-1.000000, actvprof=,5.774997, id=,S01, PRDE,actvstrat=,1.000000, actvprof=,5.164233, id=,S02, PRDE,actvstrat=,-1.000000, actvprof=,3.090530, id=,S07, PRDE,actvstrat=,-1.000000, actvprof=,0.000000, id=,S08, PRDE,actvstrat=,1.000000, actvprof=,0.000000, id=,S09, PRDE,actvstrat=,0.819931, actvprof=,0.000000, best_B_id=,B08, best_B_prof=,5.774997, best_B_strat=,-1.000000, best_S_id=,S01, best_S_prof=,5.164233, best_S_strat=,1.000000, 
t=,712800, id=,B00, PRDE,actvstrat=,-1.000000, actvprof=,0.000000, id=,B03, PRDE,actvstrat=,-0.205238, actvprof=,0.000417, id=,B05, PRDE,actvstrat=,-1.000000, actvprof=,1.180599, id=,B06, PRDE,actvstrat=,-1.000000, actvprof=,2.711278, id=,B08, PRDE,actvstrat=,-1.000000, actvprof=,5.730109, id=,S01, PRDE,actvstrat=,1.000000, actvprof=,5.180043, id=,S02, PRDE,actvstrat=,-1.000000, actvprof=,3.148913, id=,S07, PRDE,actvstrat=,-1.000000, actvprof=,0.000000, id=,S08, PRDE,actvstrat=,1.000000, actvprof=,0.000000, id=,S09, PRDE,actvstrat=,0.819931, actvprof=,0.000000, best_B_id=,B08, best_B_prof=,5.730109, best_B_strat=,-1.000000, best_S_id=,S01, best_S_prof=,5.180043, best_S_strat=,1.000000, 
t=,716400, id=,B00, PRDE,actvstrat=,1.000000, actvprof=,0.000000, id=,B03, PRDE,actvstrat=,-0.538368, actvprof=,0.005284, id=,B05, PRDE,actvstrat=,-1.000000, actvprof=,1.246002, id=,B06, PRDE,actvstrat=,-1.000000, actvprof=,2.736476, id=,B08, PRDE,actvstrat=,1.000000, actvprof=,6.186900, id=,S01, PRDE,actvstrat=,1.000000, actvprof=,5.024892, id=,S02, PRDE,actvstrat=,-1.000000, actvprof=,3.369490, id=,S07, PRDE,actvstrat=,-1.000000, actvprof=,0.000000, id=,S08, PRDE,actvstrat=,-1.000000, actvprof=,0.000000, id=,S09, PRDE,actvstrat=,-0.819931, actvprof=,0.000000, best_B_id=,B08, best_B_prof=,6.186900, best_B_strat=,1.000000, best_S_id=,S01, best_S_prof=,5.024892, best_S_strat=,1.000000, 
t=,720000, id=,B00, PRDE,actvstrat=,1.000000, actvprof=,0.000000, id=,B03, PRDE,actvstrat=,-0.538368, actvprof=,0.008338, id=,B05, PRDE,actvstrat=,-1.000000, actvprof=,1.258834, id=,B06, PRDE,actvstrat=,-1.000000, actvprof=,2.760873, id=,B08, PRDE,actvstrat=,1.000000, actvprof=,6.211895, id=,S01, PRDE,actvstrat=,1.000000, actvprof=,5.056181, id=,S02, PRDE,actvstrat=,-1.000000, actvprof=,3.314410, id=,S07, PRDE,actvstrat=,-1.000000, actvprof=,0.000000, id=,S08, PRDE,actvstrat=,-1.000000, actvprof=,0.000000, id=,S09, PRDE,actvstrat=,-0.819931, actvprof=,0.000000, best_B_id=,B08, best_B_prof=,6.211895, best_B_strat=,1.000000, best_S_id=,S01, best_S_prof=,5.056181, best_S_strat=,1.000000, 
t=,723600, id=,B00, PRDE,actvstrat=,-1.000000, actvprof=,0.000000, id=,B03, PRDE,actvstrat=,0.256395, actvprof=,0.004172, id=,B05, PRDE,actvstrat=,-1.000000, actvprof=,1.330274, id=,B06, PRDE,actvstrat=,-1.000000, actvprof=,2.865526, id=,B08, PRDE,actvstrat=,1.000000, actvprof=,6.242525, id=,S01, PRDE,actvstrat=,-1.000000, actvprof=,4.602698, id=,S02, PRDE,actvstrat=,1.000000, actvprof=,3.225143, id=,S07, PRDE,actvstrat=,-1.000000, actvprof=,0.000000, id=,S08, PRDE,actvstrat=,-1.000000, actvprof=,0.000000, id=,S09, PRDE,actvstrat=,-0.819931, actvprof=,0.000000, best_B_id=,B08, best_B_prof=,6.242525, best_B_strat=,1.000000, best_S_id=,S01, best_S_prof=,4.602698, best_S_strat=,-1.000000, 
t=,727200, id=,B00, PRDE,actvstrat=,-1.000000, actvprof=,0.000000, id=,B03, PRDE,actvstrat=,0.256395, actvprof=,0.003613, id=,B05, PRDE,actvstrat=,-1.000000, actvprof=,1.302732, id=,B06, PRDE,actvstrat=,-1.000000, actvprof=,2.792520, id=,B08, PRDE,actvstrat=,1.000000, actvprof=,6.264757, id=,S01, PRDE,actvstrat=,-1.000000, actvprof=,4.595276, id=,S02, PRDE,actvstrat=,1.000000, actvprof=,3.259191, id=,S07, PRDE,actvstrat=,-1.000000, actvprof=,0.000000, id=,S08, PRDE,actvstrat=,-1.000000, actvprof=,0.000000, id=,S09, PRDE,actvstrat=,-0.819931, actvprof=,0.000000, best_B_id=,B08, best_B_prof=,6.264757, best_B_strat=,1.000000, best_S_id=,S01, best_S_prof=,4.595276, best_S_strat=,-1.000000, 
t=,730800, id=,B00, PRDE,actvstrat=,1.000000, actvprof=,0.000000, id=,B03, PRDE,actvstrat=,1.000000, actvprof=,0.005563, id=,B05, PRDE,actvstrat=,-1.000000, actvprof=,1.118899, id=,B06, PRDE,actvstrat=,-1.000000, actvprof=,2.757614, id=,B08, PRDE,actvstrat=,-1.000000, actvprof=,5.783340, id=,S01, PRDE,actvstrat=,-1.000000, actvprof=,4.759004, id=,S02, PRDE,actvstrat=,1.000000, actvprof=,3.583090, id=,S07, PRDE,actvstrat=,-0.173504, actvprof=,0.000000, id=,S08, PRDE,actvstrat=,-1.000000, actvprof=,0.000000, id=,S09, PRDE,actvstrat=,-1.000000, actvprof=,0.000000, best_B_id=,B08, best_B_prof=,5.783340, best_B_strat=,-1.000000, best_S_id=,S01, best_S_prof=,4.759004, best_S_strat=,-1.000000, 
t=,734400, id=,B00, PRDE,actvstrat=,1.000000, actvprof=,0.000000, id=,B03, PRDE,actvstrat=,1.000000, actvprof=,0.005559, id=,B05, PRDE,actvstrat=,-1.000000, actvprof=,1.132791, id=,B06, PRDE,actvstrat=,-1.000000, actvprof=,2.706136, id=,B08, PRDE,actvstrat=,-1.000000, actvprof=,5.787089, id=,S01, PRDE,actvstrat=,-1.000000, actvprof=,4.672226, id=,S02, PRDE,actvstrat=,1.000000, actvprof=,3.595303, id=,S07, PRDE,actvstrat=,-0.173504, actvprof=,0.000000, id=,S08, PRDE,actvstrat=,-1.000000, actvprof=,0.000000, id=,S09, PRDE,actvstrat=,-1.000000, actvprof=,0.000000, best_B_id=,B08, best_B_prof=,5.787089, best_B_strat=,-1.000000, best_S_id=,S01, best_S_prof=,4.672226, best_S_strat=,-1.000000, 
t=,738000, id=,B00, PRDE,actvstrat=,1.000000, actvprof=,0.000000, id=,B03, PRDE,actvstrat=,1.000000, actvprof=,0.001669, id=,B05, PRDE,actvstrat=,-1.000000, actvprof=,0.958990, id=,B06, PRDE,actvstrat=,-1.000000, actvprof=,2.519851, id=,B08, PRDE,actvstrat=,-1.000000, actvprof=,5.473028, id=,S01, PRDE,actvstrat=,1.000000, actvprof=,5.496391, id=,S02, PRDE,actvstrat=,1.000000, actvprof=,3.743342, id=,S07, PRDE,actvstrat=,-1.000000, actvprof=,0.000000, id=,S08, PRDE,actvstrat=,-1.000000, actvprof=,0.000000, id=,S09, PRDE,actvstrat=,1.000000, actvprof=,0.000000, best_B_id=,B08, best_B_prof=,5.473028, best_B_strat=,-1.000000, best_S_id=,S01, best_S_prof=,5.496391, best_S_strat=,1.000000, 
t=,741600, id=,B00, PRDE,actvstrat=,1.000000, actvprof=,0.000000, id=,B03, PRDE,actvstrat=,1.000000, actvprof=,0.006949, id=,B05, PRDE,actvstrat=,-1.000000, actvprof=,0.927531, id=,B06, PRDE,actvstrat=,-1.000000, actvprof=,2.436957, id=,B08, PRDE,actvstrat=,-1.000000, actvprof=,5.436630, id=,S01, PRDE,actvstrat=,1.000000, actvprof=,5.520155, id=,S02, PRDE,actvstrat=,1.000000, actvprof=,3.799206, id=,S07, PRDE,actvstrat=,-1.000000, actvprof=,0.000000, id=,S08, PRDE,actvstrat=,-1.000000, actvprof=,0.000000, id=,S09, PRDE,actvstrat=,1.000000, actvprof=,0.000000, best_B_id=,B08, best_B_prof=,5.436630, best_B_strat=,-1.000000, best_S_id=,S01, best_S_prof=,5.520155, best_S_strat=,1.000000, 
t=,745200, id=,B00, PRDE,actvstrat=,1.000000, actvprof=,0.000000, id=,B03, PRDE,actvstrat=,-0.589525, actvprof=,0.003894, id=,B05, PRDE,actvstrat=,-1.000000, actvprof=,1.399805, id=,B06, PRDE,actvstrat=,0.624868, actvprof=,2.544291, id=,B08, PRDE,actvstrat=,-1.000000, actvprof=,5.966625, id=,S01, PRDE,actvstrat=,-1.000000, actvprof=,4.454457, id=,S02, PRDE,actvstrat=,1.000000, actvprof=,3.200667, id=,S07, PRDE,actvstrat=,-1.000000, actvprof=,0.000000, id=,S08, PRDE,actvstrat=,-1.000000, actvprof=,0.000000, id=,S09, PRDE,actvstrat=,-1.000000, actvprof=,0.000000, best_B_id=,B08, best_B_prof=,5.966625, best_B_strat=,-1.000000, best_S_id=,S01, best_S_prof=,4.454457, best_S_strat=,-1.000000, 
t=,748800, id=,B00, PRDE,actvstrat=,1.000000, actvprof=,0.000000, id=,B03, PRDE,actvstrat=,-0.589525, actvprof=,0.003196, id=,B05, PRDE,actvstrat=,-1.000000, actvprof=,1.378788, id=,B06, PRDE,actvstrat=,0.624868, actvprof=,2.501720, id=,B08, PRDE,actvstrat=,-1.000000, actvprof=,5.966687, id=,S01, PRDE,actvstrat=,-1.000000, actvprof=,4.483111, id=,S02, PRDE,actvstrat=,1.000000, actvprof=,3.184096, id=,S07, PRDE,actvstrat=,-1.000000, actvprof=,0.000000, id=,S08, PRDE,actvstrat=,-1.000000, actvprof=,0.000000, id=,S09, PRDE,actvstrat=,-1.000000, actvprof=,0.000000, best_B_id=,B08, best_B_prof=,5.966687, best_B_strat=,-1.000000, best_S_id=,S01, best_S_prof=,4.483111, best_S_strat=,-1.000000, 
t=,752400, id=,B00, PRDE,actvstrat=,1.000000, actvprof=,0.000000, id=,B03, PRDE,actvstrat=,0.487211, actvprof=,0.007509, id=,B05, PRDE,actvstrat=,-1.000000, actvprof=,1.124477, id=,B06, PRDE,actvstrat=,-1.000000, actvprof=,2.647513, id=,B08, PRDE,actvstrat=,-1.000000, actvprof=,5.759223, id=,S01, PRDE,actvstrat=,-1.000000, actvprof=,4.611384, id=,S02, PRDE,actvstrat=,1.000000, actvprof=,3.499145, id=,S07, PRDE,actvstrat=,-0.173504, actvprof=,0.000000, id=,S08, PRDE,actvstrat=,-1.000000, actvprof=,0.000000, id=,S09, PRDE,actvstrat=,1.000000, actvprof=,0.000000, best_B_id=,B08, best_B_prof=,5.759223, best_B_strat=,-1.000000, best_S_id=,S01, best_S_prof=,4.611384, best_S_strat=,-1.000000, 
t=,756000, id=,B00, PRDE,actvstrat=,1.000000, actvprof=,0.000000, id=,B03, PRDE,actvstrat=,0.487211, actvprof=,0.007227, id=,B05, PRDE,actvstrat=,-1.000000, actvprof=,1.106672, id=,B06, PRDE,actvstrat=,-1.000000, actvprof=,2.645700, id=,B08, PRDE,actvstrat=,-1.000000, actvprof=,5.706384, id=,S01, PRDE,actvstrat=,-1.000000, actvprof=,4.641961, id=,S02, PRDE,actvstrat=,1.000000, actvprof=,3.511525, id=,S07, PRDE,actvstrat=,-0.173504, actvprof=,0.000000, id=,S08, PRDE,actvstrat=,-1.000000, actvprof=,0.000000, id=,S09, PRDE,actvstrat=,1.000000, actvprof=,0.000000, best_B_id=,B08, best_B_prof=,5.706384, best_B_strat=,-1.000000, best_S_id=,S01, best_S_prof=,4.641961, best_S_strat=,-1.000000, 
t=,759600, id=,B00, PRDE,actvstrat=,1.000000, actvprof=,0.000000, id=,B03, PRDE,actvstrat=,1.000000, actvprof=,0.000834, id=,B05, PRDE,actvstrat=,0.409645, actvprof=,1.010444, id=,B06, PRDE,actvstrat=,-1.000000, actvprof=,3.230750, id=,B08, PRDE,actvstrat=,-1.000000, actvprof=,6.302132, id=,S01, PRDE,actvstrat=,-1.000000, actvprof=,4.293482, id=,S02, PRDE,actvstrat=,-1.000000, actvprof=,2.821622, id=,S07, PRDE,actvstrat=,-1.000000, actvprof=,0.000000, id=,S08, PRDE,actvstrat=,-1.000000, actvprof=,0.000000, id=,S09, PRDE,actvstrat=,-0.639862, actvprof=,0.000000, best_B_id=,B08, best_B_prof=,6.302132, best_B_strat=,-1.000000, best_S_id=,S01, best_S_prof=,4.293482, best_S_strat=,-1.000000, 
t=,763200, id=,B00, PRDE,actvstrat=,1.000000, actvprof=,0.000000, id=,B03, PRDE,actvstrat=,1.000000, actvprof=,0.000417, id=,B05, PRDE,actvstrat=,0.409645, actvprof=,0.951713, id=,B06, PRDE,actvstrat=,-1.000000, actvprof=,3.141847, id=,B08, PRDE,actvstrat=,-1.000000, actvprof=,6.294255, id=,S01, PRDE,actvstrat=,-1.000000, actvprof=,4.306888, id=,S02, PRDE,actvstrat=,-1.000000, actvprof=,2.797740, id=,S07, PRDE,actvstrat=,-1.000000, actvprof=,0.000000, id=,S08, PRDE,actvstrat=,-1.000000, actvprof=,0.000000, id=,S09, PRDE,actvstrat=,-0.639862, actvprof=,0.000000, best_B_id=,B08, best_B_prof=,6.294255, best_B_strat=,-1.000000, best_S_id=,S01, best_S_prof=,4.306888, best_S_strat=,-1.000000, 
t=,766800, id=,B00, PRDE,actvstrat=,1.000000, actvprof=,0.000000, id=,B03, PRDE,actvstrat=,-1.000000, actvprof=,0.006675, id=,B05, PRDE,actvstrat=,-1.000000, actvprof=,0.956500, id=,B06, PRDE,actvstrat=,-1.000000, actvprof=,2.493742, id=,B08, PRDE,actvstrat=,-1.000000, actvprof=,5.406074, id=,S01, PRDE,actvstrat=,1.000000, actvprof=,5.509540, id=,S02, PRDE,actvstrat=,1.000000, actvprof=,3.724203, id=,S07, PRDE,actvstrat=,-1.000000, actvprof=,0.000000, id=,S08, PRDE,actvstrat=,-1.000000, actvprof=,0.000000, id=,S09, PRDE,actvstrat=,-0.639862, actvprof=,0.000000, best_B_id=,B08, best_B_prof=,5.406074, best_B_strat=,-1.000000, best_S_id=,S01, best_S_prof=,5.509540, best_S_strat=,1.000000, 
t=,770400, id=,B00, PRDE,actvstrat=,1.000000, actvprof=,0.000000, id=,B03, PRDE,actvstrat=,-1.000000, actvprof=,0.006254, id=,B05, PRDE,actvstrat=,-1.000000, actvprof=,0.950468, id=,B06, PRDE,actvstrat=,-1.000000, actvprof=,2.446007, id=,B08, PRDE,actvstrat=,-1.000000, actvprof=,5.430970, id=,S01, PRDE,actvstrat=,1.000000, actvprof=,5.515190, id=,S02, PRDE,actvstrat=,1.000000, actvprof=,3.739333, id=,S07, PRDE,actvstrat=,-1.000000, actvprof=,0.000000, id=,S08, PRDE,actvstrat=,-1.000000, actvprof=,0.000000, id=,S09, PRDE,actvstrat=,-0.639862, actvprof=,0.000000, best_B_id=,B08, best_B_prof=,5.430970, best_B_strat=,-1.000000, best_S_id=,S01, best_S_prof=,5.515190, best_S_strat=,1.000000, 
t=,774000, id=,B00, PRDE,actvstrat=,1.000000, actvprof=,0.000000, id=,B03, PRDE,actvstrat=,-0.769184, actvprof=,0.000000, id=,B05, PRDE,actvstrat=,-0.295178, actvprof=,0.409963, id=,B06, PRDE,actvstrat=,-1.000000, actvprof=,3.556718, id=,B08, PRDE,actvstrat=,-1.000000, actvprof=,6.575811, id=,S01, PRDE,actvstrat=,-1.000000, actvprof=,3.898817, id=,S02, PRDE,actvstrat=,-1.000000, actvprof=,2.414997, id=,S07, PRDE,actvstrat=,-1.000000, actvprof=,0.000000, id=,S08, PRDE,actvstrat=,-1.000000, actvprof=,0.000000, id=,S09, PRDE,actvstrat=,1.000000, actvprof=,0.000000, best_B_id=,B08, best_B_prof=,6.575811, best_B_strat=,-1.000000, best_S_id=,S01, best_S_prof=,3.898817, best_S_strat=,-1.000000, 
t=,777600, id=,B00, PRDE,actvstrat=,1.000000, actvprof=,0.000000, id=,B03, PRDE,actvstrat=,-0.769184, actvprof=,0.000000, id=,B05, PRDE,actvstrat=,-0.295178, actvprof=,0.452372, id=,B06, PRDE,actvstrat=,-1.000000, actvprof=,3.510576, id=,B08, PRDE,actvstrat=,-1.000000, actvprof=,6.593101, id=,S01, PRDE,actvstrat=,-1.000000, actvprof=,3.868027, id=,S02, PRDE,actvstrat=,-1.000000, actvprof=,2.413903, id=,S07, PRDE,actvstrat=,-1.000000, actvprof=,0.000000, id=,S08, PRDE,actvstrat=,-1.000000, actvprof=,0.000000, id=,S09, PRDE,actvstrat=,1.000000, actvprof=,0.000000, best_B_id=,B08, best_B_prof=,6.593101, best_B_strat=,-1.000000, best_S_id=,S01, best_S_prof=,3.868027, best_S_strat=,-1.000000, 
t=,781200, id=,B00, PRDE,actvstrat=,1.000000, actvprof=,0.000000, id=,B03, PRDE,actvstrat=,1.000000, actvprof=,0.011960, id=,B05, PRDE,actvstrat=,-1.000000, actvprof=,1.280247, id=,B06, PRDE,actvstrat=,0.624868, actvprof=,2.371920, id=,B08, PRDE,actvstrat=,1.000000, actvprof=,6.081660, id=,S01, PRDE,actvstrat=,-1.000000, actvprof=,4.736608, id=,S02, PRDE,actvstrat=,1.000000, actvprof=,3.330645, id=,S07, PRDE,actvstrat=,-1.000000, actvprof=,0.000000, id=,S08, PRDE,actvstrat=,-1.000000, actvprof=,0.000000, id=,S09, PRDE,actvstrat=,-1.000000, actvprof=,0.000000, best_B_id=,B08, best_B_prof=,6.081660, best_B_strat=,1.000000, best_S_id=,S01, best_S_prof=,4.736608, best_S_strat=,-1.000000, 
t=,784800, id=,B00, PRDE,actvstrat=,1.000000, actvprof=,0.000000, id=,B03, PRDE,actvstrat=,1.000000, actvprof=,0.009034, id=,B05, PRDE,actvstrat=,-1.000000, actvprof=,1.352948, id=,B06, PRDE,actvstrat=,0.624868, actvprof=,2.432248, id=,B08, PRDE,actvstrat=,1.000000, actvprof=,6.166023, id=,S01, PRDE,actvstrat=,-1.000000, actvprof=,4.623648, id=,S02, PRDE,actvstrat=,1.000000, actvprof=,3.256525, id=,S07, PRDE,actvstrat=,-1.000000, actvprof=,0.000695, id=,S08, PRDE,actvstrat=,-1.000000, actvprof=,0.000000, id=,S09, PRDE,actvstrat=,-1.000000, actvprof=,0.000000, best_B_id=,B08, best_B_prof=,6.166023, best_B_strat=,1.000000, best_S_id=,S01, best_S_prof=,4.623648, best_S_strat=,-1.000000, 
t=,788400, id=,B00, PRDE,actvstrat=,1.000000, actvprof=,0.000000, id=,B03, PRDE,actvstrat=,-1.000000, actvprof=,0.000000, id=,B05, PRDE,actvstrat=,-1.000000, actvprof=,1.088922, id=,B06, PRDE,actvstrat=,-1.000000, actvprof=,2.597836, id=,B08, PRDE,actvstrat=,-1.000000, actvprof=,5.695769, id=,S01, PRDE,actvstrat=,-1.000000, actvprof=,4.765944, id=,S02, PRDE,actvstrat=,-1.000000, actvprof=,3.389147, id=,S07, PRDE,actvstrat=,-1.000000, actvprof=,0.000000, id=,S08, PRDE,actvstrat=,-1.000000, actvprof=,0.000000, id=,S09, PRDE,actvstrat=,0.639862, actvprof=,0.000000, best_B_id=,B08, best_B_prof=,5.695769, best_B_strat=,-1.000000, best_S_id=,S01, best_S_prof=,4.765944, best_S_strat=,-1.000000, 
t=,792000, id=,B00, PRDE,actvstrat=,1.000000, actvprof=,0.000000, id=,B03, PRDE,actvstrat=,-1.000000, actvprof=,0.000139, id=,B05, PRDE,actvstrat=,-1.000000, actvprof=,1.136853, id=,B06, PRDE,actvstrat=,-1.000000, actvprof=,2.667992, id=,B08, PRDE,actvstrat=,-1.000000, actvprof=,5.815602, id=,S01, PRDE,actvstrat=,-1.000000, actvprof=,4.796325, id=,S02, PRDE,actvstrat=,-1.000000, actvprof=,3.291593, id=,S07, PRDE,actvstrat=,-1.000000, actvprof=,0.000000, id=,S08, PRDE,actvstrat=,-1.000000, actvprof=,0.000000, id=,S09, PRDE,actvstrat=,0.639862, actvprof=,0.000000, best_B_id=,B08, best_B_prof=,5.815602, best_B_strat=,-1.000000, best_S_id=,S01, best_S_prof=,4.796325, best_S_strat=,-1.000000, 
t=,795600, id=,B00, PRDE,actvstrat=,-1.000000, actvprof=,0.000000, id=,B03, PRDE,actvstrat=,-0.538368, actvprof=,0.000000, id=,B05, PRDE,actvstrat=,-1.000000, actvprof=,1.334520, id=,B06, PRDE,actvstrat=,0.624868, actvprof=,2.569744, id=,B08, PRDE,actvstrat=,-1.000000, actvprof=,5.807582, id=,S01, PRDE,actvstrat=,-1.000000, actvprof=,4.499764, id=,S02, PRDE,actvstrat=,-1.000000, actvprof=,3.030901, id=,S07, PRDE,actvstrat=,-1.000000, actvprof=,0.000000, id=,S08, PRDE,actvstrat=,-1.000000, actvprof=,0.000000, id=,S09, PRDE,actvstrat=,-0.819931, actvprof=,0.000000, best_B_id=,B08, best_B_prof=,5.807582, best_B_strat=,-1.000000, best_S_id=,S01, best_S_prof=,4.499764, best_S_strat=,-1.000000, 
t=,799200, id=,B00, PRDE,actvstrat=,-1.000000, actvprof=,0.000000, id=,B03, PRDE,actvstrat=,-0.538368, actvprof=,0.000000, id=,B05, PRDE,actvstrat=,-1.000000, actvprof=,1.323503, id=,B06, PRDE,actvstrat=,0.624868, actvprof=,2.489264, id=,B08, PRDE,actvstrat=,-1.000000, actvprof=,5.857296, id=,S01, PRDE,actvstrat=,-1.000000, actvprof=,4.557558, id=,S02, PRDE,actvstrat=,-1.000000, actvprof=,3.100218, id=,S07, PRDE,actvstrat=,-1.000000, actvprof=,0.000000, id=,S08, PRDE,actvstrat=,-1.000000, actvprof=,0.000000, id=,S09, PRDE,actvstrat=,-0.819931, actvprof=,0.000000, best_B_id=,B08, best_B_prof=,5.857296, best_B_strat=,-1.000000, best_S_id=,S01, best_S_prof=,4.557558, best_S_strat=,-1.000000, 
t=,802800, id=,B00, PRDE,actvstrat=,-1.000000, actvprof=,0.000000, id=,B03, PRDE,actvstrat=,1.000000, actvprof=,0.000000, id=,B05, PRDE,actvstrat=,-1.000000, actvprof=,1.096710, id=,B06, PRDE,actvstrat=,-1.000000, actvprof=,2.684338, id=,B08, PRDE,actvstrat=,-1.000000, actvprof=,5.677968, id=,S01, PRDE,actvstrat=,-1.000000, actvprof=,4.732846, id=,S02, PRDE,actvstrat=,-1.000000, actvprof=,3.284566, id=,S07, PRDE,actvstrat=,0.652993, actvprof=,0.000000, id=,S08, PRDE,actvstrat=,-1.000000, actvprof=,0.000000, id=,S09, PRDE,actvstrat=,1.000000, actvprof=,0.000000, best_B_id=,B08, best_B_prof=,5.677968, best_B_strat=,-1.000000, best_S_id=,S01, best_S_prof=,4.732846, best_S_strat=,-1.000000, 
t=,806400, id=,B00, PRDE,actvstrat=,-1.000000, actvprof=,0.000000, id=,B03, PRDE,actvstrat=,1.000000, actvprof=,0.000000, id=,B05, PRDE,actvstrat=,-1.000000, actvprof=,1.138521, id=,B06, PRDE,actvstrat=,-1.000000, actvprof=,2.715245, id=,B08, PRDE,actvstrat=,-1.000000, actvprof=,5.681209, id=,S01, PRDE,actvstrat=,-1.000000, actvprof=,4.742123, id=,S02, PRDE,actvstrat=,-1.000000, actvprof=,3.286451, id=,S07, PRDE,actvstrat=,0.652993, actvprof=,0.000000, id=,S08, PRDE,actvstrat=,-1.000000, actvprof=,0.000000, id=,S09, PRDE,actvstrat=,1.000000, actvprof=,0.000000, best_B_id=,B08, best_B_prof=,5.681209, best_B_strat=,-1.000000, best_S_id=,S01, best_S_prof=,4.742123, best_S_strat=,-1.000000, 
t=,810000, id=,B00, PRDE,actvstrat=,-1.000000, actvprof=,0.000000, id=,B03, PRDE,actvstrat=,-1.000000, actvprof=,0.000278, id=,B05, PRDE,actvstrat=,-1.000000, actvprof=,1.154285, id=,B06, PRDE,actvstrat=,-1.000000, actvprof=,2.673769, id=,B08, PRDE,actvstrat=,-1.000000, actvprof=,5.794231, id=,S01, PRDE,actvstrat=,-1.000000, actvprof=,4.863294, id=,S02, PRDE,actvstrat=,-1.000000, actvprof=,3.246461, id=,S07, PRDE,actvstrat=,-1.000000, actvprof=,0.000000, id=,S08, PRDE,actvstrat=,-1.000000, actvprof=,0.000000, id=,S09, PRDE,actvstrat=,-1.000000, actvprof=,0.000000, best_B_id=,B08, best_B_prof=,5.794231, best_B_strat=,-1.000000, best_S_id=,S01, best_S_prof=,4.863294, best_S_strat=,-1.000000, 
t=,813600, id=,B00, PRDE,actvstrat=,-1.000000, actvprof=,0.000000, id=,B03, PRDE,actvstrat=,-1.000000, actvprof=,0.001112, id=,B05, PRDE,actvstrat=,-1.000000, actvprof=,1.145462, id=,B06, PRDE,actvstrat=,-1.000000, actvprof=,2.650323, id=,B08, PRDE,actvstrat=,-1.000000, actvprof=,5.751909, id=,S01, PRDE,actvstrat=,-1.000000, actvprof=,4.779198, id=,S02, PRDE,actvstrat=,-1.000000, actvprof=,3.258215, id=,S07, PRDE,actvstrat=,-1.000000, actvprof=,0.000000, id=,S08, PRDE,actvstrat=,-1.000000, actvprof=,0.000000, id=,S09, PRDE,actvstrat=,-1.000000, actvprof=,0.000000, best_B_id=,B08, best_B_prof=,5.751909, best_B_strat=,-1.000000, best_S_id=,S01, best_S_prof=,4.779198, best_S_strat=,-1.000000, 
t=,817200, id=,B00, PRDE,actvstrat=,-1.000000, actvprof=,0.000000, id=,B03, PRDE,actvstrat=,1.000000, actvprof=,0.002781, id=,B05, PRDE,actvstrat=,-1.000000, actvprof=,1.387089, id=,B06, PRDE,actvstrat=,-1.000000, actvprof=,2.946347, id=,B08, PRDE,actvstrat=,-0.054962, actvprof=,4.460546, id=,S01, PRDE,actvstrat=,-1.000000, actvprof=,4.491419, id=,S02, PRDE,actvstrat=,1.000000, actvprof=,3.289851, id=,S07, PRDE,actvstrat=,0.652993, actvprof=,0.000000, id=,S08, PRDE,actvstrat=,-1.000000, actvprof=,0.000000, id=,S09, PRDE,actvstrat=,0.090035, actvprof=,0.000000, best_B_id=,B08, best_B_prof=,4.460546, best_B_strat=,-0.054962, best_S_id=,S01, best_S_prof=,4.491419, best_S_strat=,-1.000000, 
t=,820800, id=,B00, PRDE,actvstrat=,-1.000000, actvprof=,0.000000, id=,B03, PRDE,actvstrat=,1.000000, actvprof=,0.006254, id=,B05, PRDE,actvstrat=,-1.000000, actvprof=,1.395077, id=,B06, PRDE,actvstrat=,-1.000000, actvprof=,2.889942, id=,B08, PRDE,actvstrat=,-0.054962, actvprof=,4.507248, id=,S01, PRDE,actvstrat=,-1.000000, actvprof=,4.484455, id=,S02, PRDE,actvstrat=,1.000000, actvprof=,3.275749, id=,S07, PRDE,actvstrat=,0.652993, actvprof=,0.000000, id=,S08, PRDE,actvstrat=,-1.000000, actvprof=,0.000000, id=,S09, PRDE,actvstrat=,0.090035, actvprof=,0.000000, best_B_id=,B08, best_B_prof=,4.507248, best_B_strat=,-0.054962, best_S_id=,S01, best_S_prof=,4.484455, best_S_strat=,-1.000000, 
t=,824400, id=,B00, PRDE,actvstrat=,-1.000000, actvprof=,0.000000, id=,B03, PRDE,actvstrat=,0.256395, actvprof=,0.000278, id=,B05, PRDE,actvstrat=,-0.295178, actvprof=,0.351292, id=,B06, PRDE,actvstrat=,-1.000000, actvprof=,3.212249, id=,B08, PRDE,actvstrat=,-1.000000, actvprof=,6.324646, id=,S01, PRDE,actvstrat=,-1.000000, actvprof=,4.204656, id=,S02, PRDE,actvstrat=,0.844029, actvprof=,2.080216, id=,S07, PRDE,actvstrat=,-1.000000, actvprof=,0.000000, id=,S08, PRDE,actvstrat=,-1.000000, actvprof=,0.000000, id=,S09, PRDE,actvstrat=,0.090035, actvprof=,0.000000, best_B_id=,B08, best_B_prof=,6.324646, best_B_strat=,-1.000000, best_S_id=,S01, best_S_prof=,4.204656, best_S_strat=,-1.000000, 
t=,828000, id=,B00, PRDE,actvstrat=,-1.000000, actvprof=,0.000000, id=,B03, PRDE,actvstrat=,0.256395, actvprof=,0.001807, id=,B05, PRDE,actvstrat=,-0.295178, actvprof=,0.337301, id=,B06, PRDE,actvstrat=,-1.000000, actvprof=,3.262802, id=,B08, PRDE,actvstrat=,-1.000000, actvprof=,6.430820, id=,S01, PRDE,actvstrat=,-1.000000, actvprof=,4.169776, id=,S02, PRDE,actvstrat=,0.844029, actvprof=,2.071060, id=,S07, PRDE,actvstrat=,-1.000000, actvprof=,0.000000, id=,S08, PRDE,actvstrat=,-1.000000, actvprof=,0.000000, id=,S09, PRDE,actvstrat=,0.090035, actvprof=,0.000000, best_B_id=,B08, best_B_prof=,6.430820, best_B_strat=,-1.000000, best_S_id=,S01, best_S_prof=,4.169776, best_S_strat=,-1.000000, 
t=,831600, id=,B00, PRDE,actvstrat=,-1.000000, actvprof=,0.000000, id=,B03, PRDE,actvstrat=,1.000000, actvprof=,0.004728, id=,B05, PRDE,actvstrat=,-1.000000, actvprof=,1.362612, id=,B06, PRDE,actvstrat=,1.000000, actvprof=,2.787806, id=,B08, PRDE,actvstrat=,0.890077, actvprof=,6.245654, id=,S01, PRDE,actvstrat=,-1.000000, actvprof=,4.663589, id=,S02, PRDE,actvstrat=,1.000000, actvprof=,3.301811, id=,S07, PRDE,actvstrat=,1.000000, actvprof=,0.000834, id=,S08, PRDE,actvstrat=,-1.000000, actvprof=,0.000000, id=,S09, PRDE,actvstrat=,0.090035, actvprof=,0.000000, best_B_id=,B08, best_B_prof=,6.245654, best_B_strat=,0.890077, best_S_id=,S01, best_S_prof=,4.663589, best_S_strat=,-1.000000, 
t=,835200, id=,B00, PRDE,actvstrat=,-1.000000, actvprof=,0.000000, id=,B03, PRDE,actvstrat=,1.000000, actvprof=,0.004169, id=,B05, PRDE,actvstrat=,-1.000000, actvprof=,1.333370, id=,B06, PRDE,actvstrat=,1.000000, actvprof=,2.787375, id=,B08, PRDE,actvstrat=,0.890077, actvprof=,6.150821, id=,S01, PRDE,actvstrat=,-1.000000, actvprof=,4.729337, id=,S02, PRDE,actvstrat=,1.000000, actvprof=,3.309105, id=,S07, PRDE,actvstrat=,1.000000, actvprof=,0.000973, id=,S08, PRDE,actvstrat=,-1.000000, actvprof=,0.000000, id=,S09, PRDE,actvstrat=,0.090035, actvprof=,0.000000, best_B_id=,B08, best_B_prof=,6.150821, best_B_strat=,0.890077, best_S_id=,S01, best_S_prof=,4.729337, best_S_strat=,-1.000000, 
t=,838800, id=,B00, PRDE,actvstrat=,-1.000000, actvprof=,0.000000, id=,B03, PRDE,actvstrat=,1.000000, actvprof=,0.000000, id=,B05, PRDE,actvstrat=,-1.000000, actvprof=,0.437516, id=,B06, PRDE,actvstrat=,-1.000000, actvprof=,1.806247, id=,B08, PRDE,actvstrat=,0.890077, actvprof=,5.270770, id=,S01, PRDE,actvstrat=,-0.518918, actvprof=,0.582427, id=,S02, PRDE,actvstrat=,-1.000000, actvprof=,4.094512, id=,S07, PRDE,actvstrat=,0.652993, actvprof=,0.000000, id=,S08, PRDE,actvstrat=,1.000000, actvprof=,0.000000, id=,S09, PRDE,actvstrat=,1.000000, actvprof=,0.000000, best_B_id=,B08, best_B_prof=,5.270770, best_B_strat=,0.890077, best_S_id=,S02, best_S_prof=,4.094512, best_S_strat=,-1.000000, 
t=,842400, id=,B00, PRDE,actvstrat=,-1.000000, actvprof=,0.000000, id=,B03, PRDE,actvstrat=,1.000000, actvprof=,0.000139, id=,B05, PRDE,actvstrat=,-1.000000, actvprof=,0.444596, id=,B06, PRDE,actvstrat=,-1.000000, actvprof=,1.799925, id=,B08, PRDE,actvstrat=,0.890077, actvprof=,5.227301, id=,S01, PRDE,actvstrat=,-0.518918, actvprof=,0.587467, id=,S02, PRDE,actvstrat=,-1.000000, actvprof=,4.135755, id=,S07, PRDE,actvstrat=,0.652993, actvprof=,0.000417, id=,S08, PRDE,actvstrat=,1.000000, actvprof=,0.000000, id=,S09, PRDE,actvstrat=,1.000000, actvprof=,0.000000, best_B_id=,B08, best_B_prof=,5.227301, best_B_strat=,0.890077, best_S_id=,S02, best_S_prof=,4.135755, best_S_strat=,-1.000000, 
t=,846000, id=,B00, PRDE,actvstrat=,1.000000, actvprof=,0.000000, id=,B03, PRDE,actvstrat=,1.000000, actvprof=,0.005841, id=,B05, PRDE,actvstrat=,-0.295178, actvprof=,0.352131, id=,B06, PRDE,actvstrat=,-1.000000, actvprof=,3.493498, id=,B08, PRDE,actvstrat=,1.000000, actvprof=,6.960295, id=,S01, PRDE,actvstrat=,-1.000000, actvprof=,3.882623, id=,S02, PRDE,actvstrat=,1.000000, actvprof=,2.617064, id=,S07, PRDE,actvstrat=,-1.000000, actvprof=,0.000000, id=,S08, PRDE,actvstrat=,-1.000000, actvprof=,0.000000, id=,S09, PRDE,actvstrat=,-1.000000, actvprof=,0.000000, best_B_id=,B08, best_B_prof=,6.960295, best_B_strat=,1.000000, best_S_id=,S01, best_S_prof=,3.882623, best_S_strat=,-1.000000, 
t=,849600, id=,B00, PRDE,actvstrat=,1.000000, actvprof=,0.000000, id=,B03, PRDE,actvstrat=,1.000000, actvprof=,0.008061, id=,B05, PRDE,actvstrat=,-0.295178, actvprof=,0.383586, id=,B06, PRDE,actvstrat=,-1.000000, actvprof=,3.507731, id=,B08, PRDE,actvstrat=,1.000000, actvprof=,6.925819, id=,S01, PRDE,actvstrat=,-1.000000, actvprof=,3.886731, id=,S02, PRDE,actvstrat=,1.000000, actvprof=,2.591293, id=,S07, PRDE,actvstrat=,-1.000000, actvprof=,0.000000, id=,S08, PRDE,actvstrat=,-1.000000, actvprof=,0.000000, id=,S09, PRDE,actvstrat=,-1.000000, actvprof=,0.000000, best_B_id=,B08, best_B_prof=,6.925819, best_B_strat=,1.000000, best_S_id=,S01, best_S_prof=,3.886731, best_S_strat=,-1.000000, 
t=,853200, id=,B00, PRDE,actvstrat=,1.000000, actvprof=,0.000000, id=,B03, PRDE,actvstrat=,1.000000, actvprof=,0.000278, id=,B05, PRDE,actvstrat=,-1.000000, actvprof=,1.145416, id=,B06, PRDE,actvstrat=,-1.000000, actvprof=,2.685803, id=,B08, PRDE,actvstrat=,-1.000000, actvprof=,5.598576, id=,S01, PRDE,actvstrat=,-1.000000, actvprof=,4.915443, id=,S02, PRDE,actvstrat=,-1.000000, actvprof=,3.391188, id=,S07, PRDE,actvstrat=,-1.000000, actvprof=,0.000000, id=,S08, PRDE,actvstrat=,0.898153, actvprof=,0.000000, id=,S09, PRDE,actvstrat=,1.000000, actvprof=,0.000000, best_B_id=,B08, best_B_prof=,5.598576, best_B_strat=,-1.000000, best_S_id=,S01, best_S_prof=,4.915443, best_S_strat=,-1.000000, 
t=,856800, id=,B00, PRDE,actvstrat=,1.000000, actvprof=,0.000000, id=,B03, PRDE,actvstrat=,1.000000, actvprof=,0.000695, id=,B05, PRDE,actvstrat=,-1.000000, actvprof=,1.152435, id=,B06, PRDE,actvstrat=,-1.000000, actvprof=,2.679564, id=,B08, PRDE,actvstrat=,-1.000000, actvprof=,5.663498, id=,S01, PRDE,actvstrat=,-1.000000, actvprof=,4.841839, id=,S02, PRDE,actvstrat=,-1.000000, actvprof=,3.297198, id=,S07, PRDE,actvstrat=,-1.000000, actvprof=,0.000000, id=,S08, PRDE,actvstrat=,0.898153, actvprof=,0.000000, id=,S09, PRDE,actvstrat=,1.000000, actvprof=,0.000000, best_B_id=,B08, best_B_prof=,5.663498, best_B_strat=,-1.000000, best_S_id=,S01, best_S_prof=,4.841839, best_S_strat=,-1.000000, 
t=,860400, id=,B00, PRDE,actvstrat=,-1.000000, actvprof=,0.000000, id=,B03, PRDE,actvstrat=,1.000000, actvprof=,0.007788, id=,B05, PRDE,actvstrat=,-1.000000, actvprof=,1.274477, id=,B06, PRDE,actvstrat=,-1.000000, actvprof=,2.822374, id=,B08, PRDE,actvstrat=,1.000000, actvprof=,6.162383, id=,S01, PRDE,actvstrat=,-1.000000, actvprof=,4.768024, id=,S02, PRDE,actvstrat=,1.000000, actvprof=,3.376725, id=,S07, PRDE,actvstrat=,1.000000, actvprof=,0.000556, id=,S08, PRDE,actvstrat=,-1.000000, actvprof=,0.000000, id=,S09, PRDE,actvstrat=,-1.000000, actvprof=,0.000000, best_B_id=,B08, best_B_prof=,6.162383, best_B_strat=,1.000000, best_S_id=,S01, best_S_prof=,4.768024, best_S_strat=,-1.000000, 
t=,864000, id=,B00, PRDE,actvstrat=,-1.000000, actvprof=,0.000000, id=,B03, PRDE,actvstrat=,1.000000, actvprof=,0.006393, id=,B05, PRDE,actvstrat=,-1.000000, actvprof=,1.263342, id=,B06, PRDE,actvstrat=,-1.000000, actvprof=,2.813681, id=,B08, PRDE,actvstrat=,1.000000, actvprof=,6.151045, id=,S01, PRDE,actvstrat=,-1.000000, actvprof=,4.749972, id=,S02, PRDE,actvstrat=,1.000000, actvprof=,3.361408, id=,S07, PRDE,actvstrat=,1.000000, actvprof=,0.000278, id=,S08, PRDE,actvstrat=,-1.000000, actvprof=,0.000000, id=,S09, PRDE,actvstrat=,-1.000000, actvprof=,0.000000, best_B_id=,B08, best_B_prof=,6.151045, best_B_strat=,1.000000, best_S_id=,S01, best_S_prof=,4.749972, best_S_strat=,-1.000000, 
t=,867600, id=,B00, PRDE,actvstrat=,1.000000, actvprof=,0.000000, id=,B03, PRDE,actvstrat=,1.000000, actvprof=,0.001391, id=,B05, PRDE,actvstrat=,-0.647589, actvprof=,0.425567, id=,B06, PRDE,actvstrat=,-1.000000, actvprof=,3.599800, id=,B08, PRDE,actvstrat=,1.000000, actvprof=,7.158990, id=,S01, PRDE,actvstrat=,-1.000000, actvprof=,3.755841, id=,S02, PRDE,actvstrat=,-1.000000, actvprof=,2.347575, id=,S07, PRDE,actvstrat=,0.652993, actvprof=,0.000000, id=,S08, PRDE,actvstrat=,-0.778079, actvprof=,0.000000, id=,S09, PRDE,actvstrat=,-1.000000, actvprof=,0.000000, best_B_id=,B08, best_B_prof=,7.158990, best_B_strat=,1.000000, best_S_id=,S01, best_S_prof=,3.755841, best_S_strat=,-1.000000, 
t=,871200, id=,B00, PRDE,actvstrat=,1.000000, actvprof=,0.000000, id=,B03, PRDE,actvstrat=,1.000000, actvprof=,0.000834, id=,B05, PRDE,actvstrat=,-0.647589, actvprof=,0.405548, id=,B06, PRDE,actvstrat=,-1.000000, actvprof=,3.647571, id=,B08, PRDE,actvstrat=,1.000000, actvprof=,7.176729, id=,S01, PRDE,actvstrat=,-1.000000, actvprof=,3.820464, id=,S02, PRDE,actvstrat=,-1.000000, actvprof=,2.338503, id=,S07, PRDE,actvstrat=,0.652993, actvprof=,0.001251, id=,S08, PRDE,actvstrat=,-0.778079, actvprof=,0.000000, id=,S09, PRDE,actvstrat=,-1.000000, actvprof=,0.000000, best_B_id=,B08, best_B_prof=,7.176729, best_B_strat=,1.000000, best_S_id=,S01, best_S_prof=,3.820464, best_S_strat=,-1.000000, 
t=,874800, id=,B00, PRDE,actvstrat=,1.000000, actvprof=,0.000000, id=,B03, PRDE,actvstrat=,1.000000, actvprof=,0.001391, id=,B05, PRDE,actvstrat=,1.000000, actvprof=,0.613874, id=,B06, PRDE,actvstrat=,1.000000, actvprof=,2.093903, id=,B08, PRDE,actvstrat=,-1.000000, actvprof=,5.076491, id=,S01, PRDE,actvstrat=,0.254616, actvprof=,2.471351, id=,S02, PRDE,actvstrat=,-1.000000, actvprof=,3.874611, id=,S07, PRDE,actvstrat=,-1.000000, actvprof=,0.000000, id=,S08, PRDE,actvstrat=,-1.000000, actvprof=,0.000000, id=,S09, PRDE,actvstrat=,1.000000, actvprof=,0.000000, best_B_id=,B08, best_B_prof=,5.076491, best_B_strat=,-1.000000, best_S_id=,S02, best_S_prof=,3.874611, best_S_strat=,-1.000000, 
t=,878400, id=,B00, PRDE,actvstrat=,1.000000, actvprof=,0.000000, id=,B03, PRDE,actvstrat=,1.000000, actvprof=,0.002085, id=,B05, PRDE,actvstrat=,1.000000, actvprof=,0.616244, id=,B06, PRDE,actvstrat=,1.000000, actvprof=,2.085835, id=,B08, PRDE,actvstrat=,-1.000000, actvprof=,4.976095, id=,S01, PRDE,actvstrat=,0.254616, actvprof=,2.381866, id=,S02, PRDE,actvstrat=,-1.000000, actvprof=,3.924700, id=,S07, PRDE,actvstrat=,-1.000000, actvprof=,0.000000, id=,S08, PRDE,actvstrat=,-1.000000, actvprof=,0.000000, id=,S09, PRDE,actvstrat=,1.000000, actvprof=,0.000000, best_B_id=,B08, best_B_prof=,4.976095, best_B_strat=,-1.000000, best_S_id=,S02, best_S_prof=,3.924700, best_S_strat=,-1.000000, 
t=,882000, id=,B00, PRDE,actvstrat=,1.000000, actvprof=,0.000000, id=,B03, PRDE,actvstrat=,1.000000, actvprof=,0.004729, id=,B05, PRDE,actvstrat=,-0.295178, actvprof=,0.129066, id=,B06, PRDE,actvstrat=,-1.000000, actvprof=,2.746276, id=,B08, PRDE,actvstrat=,-1.000000, actvprof=,5.896163, id=,S01, PRDE,actvstrat=,0.254616, actvprof=,1.930432, id=,S02, PRDE,actvstrat=,1.000000, actvprof=,3.503706, id=,S07, PRDE,actvstrat=,0.652993, actvprof=,0.000000, id=,S08, PRDE,actvstrat=,-1.000000, actvprof=,0.000000, id=,S09, PRDE,actvstrat=,0.090035, actvprof=,0.000000, best_B_id=,B08, best_B_prof=,5.896163, best_B_strat=,-1.000000, best_S_id=,S02, best_S_prof=,3.503706, best_S_strat=,1.000000, 
t=,885600, id=,B00, PRDE,actvstrat=,1.000000, actvprof=,0.000000, id=,B03, PRDE,actvstrat=,1.000000, actvprof=,0.003753, id=,B05, PRDE,actvstrat=,-0.295178, actvprof=,0.139679, id=,B06, PRDE,actvstrat=,-1.000000, actvprof=,2.741329, id=,B08, PRDE,actvstrat=,-1.000000, actvprof=,5.883489, id=,S01, PRDE,actvstrat=,0.254616, actvprof=,1.933968, id=,S02, PRDE,actvstrat=,1.000000, actvprof=,3.501852, id=,S07, PRDE,actvstrat=,0.652993, actvprof=,0.000000, id=,S08, PRDE,actvstrat=,-1.000000, actvprof=,0.000000, id=,S09, PRDE,actvstrat=,0.090035, actvprof=,0.000000, best_B_id=,B08, best_B_prof=,5.883489, best_B_strat=,-1.000000, best_S_id=,S02, best_S_prof=,3.501852, best_S_strat=,1.000000, 
t=,889200, id=,B00, PRDE,actvstrat=,-1.000000, actvprof=,0.000000, id=,B03, PRDE,actvstrat=,-0.025579, actvprof=,0.017247, id=,B05, PRDE,actvstrat=,1.000000, actvprof=,0.860664, id=,B06, PRDE,actvstrat=,-1.000000, actvprof=,2.467663, id=,B08, PRDE,actvstrat=,-1.000000, actvprof=,5.427967, id=,S01, PRDE,actvstrat=,1.000000, actvprof=,5.247990, id=,S02, PRDE,actvstrat=,1.000000, actvprof=,3.546413, id=,S07, PRDE,actvstrat=,1.000000, actvprof=,0.000000, id=,S08, PRDE,actvstrat=,-1.000000, actvprof=,0.000000, id=,S09, PRDE,actvstrat=,-1.000000, actvprof=,0.000000, best_B_id=,B08, best_B_prof=,5.427967, best_B_strat=,-1.000000, best_S_id=,S01, best_S_prof=,5.247990, best_S_strat=,1.000000, 
t=,892800, id=,B00, PRDE,actvstrat=,-1.000000, actvprof=,0.000000, id=,B03, PRDE,actvstrat=,-0.025579, actvprof=,0.012648, id=,B05, PRDE,actvstrat=,1.000000, actvprof=,0.907720, id=,B06, PRDE,actvstrat=,-1.000000, actvprof=,2.575417, id=,B08, PRDE,actvstrat=,-1.000000, actvprof=,5.441039, id=,S01, PRDE,actvstrat=,1.000000, actvprof=,5.219355, id=,S02, PRDE,actvstrat=,1.000000, actvprof=,3.495785, id=,S07, PRDE,actvstrat=,1.000000, actvprof=,0.000000, id=,S08, PRDE,actvstrat=,-1.000000, actvprof=,0.000000, id=,S09, PRDE,actvstrat=,-1.000000, actvprof=,0.000000, best_B_id=,B08, best_B_prof=,5.441039, best_B_strat=,-1.000000, best_S_id=,S01, best_S_prof=,5.219355, best_S_strat=,1.000000, 
t=,896400, id=,B00, PRDE,actvstrat=,-1.000000, actvprof=,0.000000, id=,B03, PRDE,actvstrat=,1.000000, actvprof=,0.000000, id=,B05, PRDE,actvstrat=,0.409645, actvprof=,1.016119, id=,B06, PRDE,actvstrat=,1.000000, actvprof=,3.289801, id=,B08, PRDE,actvstrat=,-1.000000, actvprof=,6.278633, id=,S01, PRDE,actvstrat=,-1.000000, actvprof=,4.227758, id=,S02, PRDE,actvstrat=,-1.000000, actvprof=,2.809697, id=,S07, PRDE,actvstrat=,1.000000, actvprof=,0.000000, id=,S08, PRDE,actvstrat=,-1.000000, actvprof=,0.000000, id=,S09, PRDE,actvstrat=,0.090035, actvprof=,0.000000, best_B_id=,B08, best_B_prof=,6.278633, best_B_strat=,-1.000000, best_S_id=,S01, best_S_prof=,4.227758, best_S_strat=,-1.000000, 
t=,900000, id=,B00, PRDE,actvstrat=,-1.000000, actvprof=,0.000000, id=,B03, PRDE,actvstrat=,1.000000, actvprof=,0.000417, id=,B05, PRDE,actvstrat=,0.409645, actvprof=,1.017950, id=,B06, PRDE,actvstrat=,1.000000, actvprof=,3.295552, id=,B08, PRDE,actvstrat=,-1.000000, actvprof=,6.266149, id=,S01, PRDE,actvstrat=,-1.000000, actvprof=,4.202589, id=,S02, PRDE,actvstrat=,-1.000000, actvprof=,2.777542, id=,S07, PRDE,actvstrat=,1.000000, actvprof=,0.000000, id=,S08, PRDE,actvstrat=,-1.000000, actvprof=,0.000000, id=,S09, PRDE,actvstrat=,0.090035, actvprof=,0.000000, best_B_id=,B08, best_B_prof=,6.266149, best_B_strat=,-1.000000, best_S_id=,S01, best_S_prof=,4.202589, best_S_strat=,-1.000000, 
t=,903600, id=,B00, PRDE,actvstrat=,-1.000000, actvprof=,0.000000, id=,B03, PRDE,actvstrat=,1.000000, actvprof=,0.012240, id=,B05, PRDE,actvstrat=,1.000000, actvprof=,0.691276, id=,B06, PRDE,actvstrat=,-1.000000, actvprof=,2.362857, id=,B08, PRDE,actvstrat=,-1.000000, actvprof=,5.327139, id=,S01, PRDE,actvstrat=,1.000000, actvprof=,5.486258, id=,S02, PRDE,actvstrat=,1.000000, actvprof=,3.863915, id=,S07, PRDE,actvstrat=,1.000000, actvprof=,0.000000, id=,S08, PRDE,actvstrat=,-1.000000, actvprof=,0.000000, id=,S09, PRDE,actvstrat=,-1.000000, actvprof=,0.000000, best_B_id=,B08, best_B_prof=,5.327139, best_B_strat=,-1.000000, best_S_id=,S01, best_S_prof=,5.486258, best_S_strat=,1.000000, 
t=,907200, id=,B00, PRDE,actvstrat=,-1.000000, actvprof=,0.000000, id=,B03, PRDE,actvstrat=,1.000000, actvprof=,0.007783, id=,B05, PRDE,actvstrat=,1.000000, actvprof=,0.676878, id=,B06, PRDE,actvstrat=,-1.000000, actvprof=,2.333491, id=,B08, PRDE,actvstrat=,-1.000000, actvprof=,5.321621, id=,S01, PRDE,actvstrat=,1.000000, actvprof=,5.521766, id=,S02, PRDE,actvstrat=,1.000000, actvprof=,3.864319, id=,S07, PRDE,actvstrat=,1.000000, actvprof=,0.000000, id=,S08, PRDE,actvstrat=,-1.000000, actvprof=,0.000000, id=,S09, PRDE,actvstrat=,-1.000000, actvprof=,0.000000, best_B_id=,B08, best_B_prof=,5.321621, best_B_strat=,-1.000000, best_S_id=,S01, best_S_prof=,5.521766, best_S_strat=,1.000000, 
t=,910800, id=,B00, PRDE,actvstrat=,-1.000000, actvprof=,0.000000, id=,B03, PRDE,actvstrat=,1.000000, actvprof=,0.004451, id=,B05, PRDE,actvstrat=,-1.000000, actvprof=,1.178942, id=,B06, PRDE,actvstrat=,-1.000000, actvprof=,2.699492, id=,B08, PRDE,actvstrat=,1.000000, actvprof=,6.086932, id=,S01, PRDE,actvstrat=,-1.000000, actvprof=,4.759163, id=,S02, PRDE,actvstrat=,1.000000, actvprof=,3.497601, id=,S07, PRDE,actvstrat=,1.000000, actvprof=,0.001947, id=,S08, PRDE,actvstrat=,-1.000000, actvprof=,0.000000, id=,S09, PRDE,actvstrat=,-1.000000, actvprof=,0.000000, best_B_id=,B08, best_B_prof=,6.086932, best_B_strat=,1.000000, best_S_id=,S01, best_S_prof=,4.759163, best_S_strat=,-1.000000, 
t=,914400, id=,B00, PRDE,actvstrat=,-1.000000, actvprof=,0.000000, id=,B03, PRDE,actvstrat=,1.000000, actvprof=,0.005421, id=,B05, PRDE,actvstrat=,-1.000000, actvprof=,1.181687, id=,B06, PRDE,actvstrat=,-1.000000, actvprof=,2.724051, id=,B08, PRDE,actvstrat=,1.000000, actvprof=,6.065214, id=,S01, PRDE,actvstrat=,-1.000000, actvprof=,4.804442, id=,S02, PRDE,actvstrat=,1.000000, actvprof=,3.496275, id=,S07, PRDE,actvstrat=,1.000000, actvprof=,0.001251, id=,S08, PRDE,actvstrat=,-1.000000, actvprof=,0.000000, id=,S09, PRDE,actvstrat=,-1.000000, actvprof=,0.000000, best_B_id=,B08, best_B_prof=,6.065214, best_B_strat=,1.000000, best_S_id=,S01, best_S_prof=,4.804442, best_S_strat=,-1.000000, 
t=,918000, id=,B00, PRDE,actvstrat=,-1.000000, actvprof=,0.000000, id=,B03, PRDE,actvstrat=,1.000000, actvprof=,0.012518, id=,B05, PRDE,actvstrat=,1.000000, actvprof=,0.694614, id=,B06, PRDE,actvstrat=,-1.000000, actvprof=,2.367587, id=,B08, PRDE,actvstrat=,0.890077, actvprof=,5.596139, id=,S01, PRDE,actvstrat=,1.000000, actvprof=,5.324357, id=,S02, PRDE,actvstrat=,1.000000, actvprof=,3.668632, id=,S07, PRDE,actvstrat=,0.305986, actvprof=,0.000000, id=,S08, PRDE,actvstrat=,-1.000000, actvprof=,0.000000, id=,S09, PRDE,actvstrat=,-1.000000, actvprof=,0.000000, best_B_id=,B08, best_B_prof=,5.596139, best_B_strat=,0.890077, best_S_id=,S01, best_S_prof=,5.324357, best_S_strat=,1.000000, 
t=,921600, id=,B00, PRDE,actvstrat=,-1.000000, actvprof=,0.000000, id=,B03, PRDE,actvstrat=,1.000000, actvprof=,0.012231, id=,B05, PRDE,actvstrat=,1.000000, actvprof=,0.732896, id=,B06, PRDE,actvstrat=,-1.000000, actvprof=,2.443170, id=,B08, PRDE,actvstrat=,0.890077, actvprof=,5.680392, id=,S01, PRDE,actvstrat=,1.000000, actvprof=,5.306369, id=,S02, PRDE,actvstrat=,1.000000, actvprof=,3.638486, id=,S07, PRDE,actvstrat=,0.305986, actvprof=,0.000000, id=,S08, PRDE,actvstrat=,-1.000000, actvprof=,0.000000, id=,S09, PRDE,actvstrat=,-1.000000, actvprof=,0.000000, best_B_id=,B08, best_B_prof=,5.680392, best_B_strat=,0.890077, best_S_id=,S01, best_S_prof=,5.306369, best_S_strat=,1.000000, 
t=,925200, id=,B00, PRDE,actvstrat=,1.000000, actvprof=,0.000000, id=,B03, PRDE,actvstrat=,0.487211, actvprof=,0.048961, id=,B05, PRDE,actvstrat=,1.000000, actvprof=,1.074638, id=,B06, PRDE,actvstrat=,0.319692, actvprof=,1.920605, id=,B08, PRDE,actvstrat=,-0.054962, actvprof=,4.480763, id=,S01, PRDE,actvstrat=,1.000000, actvprof=,4.467967, id=,S02, PRDE,actvstrat=,1.000000, actvprof=,2.958800, id=,S07, PRDE,actvstrat=,1.000000, actvprof=,0.000000, id=,S08, PRDE,actvstrat=,-1.000000, actvprof=,0.000000, id=,S09, PRDE,actvstrat=,0.639862, actvprof=,0.000000, best_B_id=,B08, best_B_prof=,4.480763, best_B_strat=,-0.054962, best_S_id=,S01, best_S_prof=,4.467967, best_S_strat=,1.000000, 
t=,928800, id=,B00, PRDE,actvstrat=,1.000000, actvprof=,0.000000, id=,B03, PRDE,actvstrat=,0.487211, actvprof=,0.047118, id=,B05, PRDE,actvstrat=,1.000000, actvprof=,1.140979, id=,B06, PRDE,actvstrat=,0.319692, actvprof=,2.023156, id=,B08, PRDE,actvstrat=,-0.054962, actvprof=,4.405465, id=,S01, PRDE,actvstrat=,1.000000, actvprof=,4.413944, id=,S02, PRDE,actvstrat=,1.000000, actvprof=,2.853072, id=,S07, PRDE,actvstrat=,1.000000, actvprof=,0.000000, id=,S08, PRDE,actvstrat=,-1.000000, actvprof=,0.000000, id=,S09, PRDE,actvstrat=,0.639862, actvprof=,0.000000, best_B_id=,B08, best_B_prof=,4.405465, best_B_strat=,-0.054962, best_S_id=,S01, best_S_prof=,4.413944, best_S_strat=,1.000000, 
t=,932400, id=,B00, PRDE,actvstrat=,1.000000, actvprof=,0.000000, id=,B03, PRDE,actvstrat=,1.000000, actvprof=,0.000000, id=,B05, PRDE,actvstrat=,1.000000, actvprof=,1.054608, id=,B06, PRDE,actvstrat=,-1.000000, actvprof=,2.603555, id=,B08, PRDE,actvstrat=,-1.000000, actvprof=,5.641639, id=,S01, PRDE,actvstrat=,-1.000000, actvprof=,4.851865, id=,S02, PRDE,actvstrat=,-1.000000, actvprof=,3.293182, id=,S07, PRDE,actvstrat=,-1.000000, actvprof=,0.000000, id=,S08, PRDE,actvstrat=,-1.000000, actvprof=,0.000000, id=,S09, PRDE,actvstrat=,1.000000, actvprof=,0.000000, best_B_id=,B08, best_B_prof=,5.641639, best_B_strat=,-1.000000, best_S_id=,S01, best_S_prof=,4.851865, best_S_strat=,-1.000000, 
t=,936000, id=,B00, PRDE,actvstrat=,1.000000, actvprof=,0.000000, id=,B03, PRDE,actvstrat=,1.000000, actvprof=,0.000000, id=,B05, PRDE,actvstrat=,1.000000, actvprof=,1.059523, id=,B06, PRDE,actvstrat=,-1.000000, actvprof=,2.628583, id=,B08, PRDE,actvstrat=,-1.000000, actvprof=,5.729317, id=,S01, PRDE,actvstrat=,-1.000000, actvprof=,4.757358, id=,S02, PRDE,actvstrat=,-1.000000, actvprof=,3.326036, id=,S07, PRDE,actvstrat=,-1.000000, actvprof=,0.000000, id=,S08, PRDE,actvstrat=,-1.000000, actvprof=,0.000000, id=,S09, PRDE,actvstrat=,1.000000, actvprof=,0.000000, best_B_id=,B08, best_B_prof=,5.729317, best_B_strat=,-1.000000, best_S_id=,S01, best_S_prof=,4.757358, best_S_strat=,-1.000000, 
t=,939600, id=,B00, PRDE,actvstrat=,-1.000000, actvprof=,0.000000, id=,B03, PRDE,actvstrat=,1.000000, actvprof=,0.005007, id=,B05, PRDE,actvstrat=,1.000000, actvprof=,0.965032, id=,B06, PRDE,actvstrat=,1.000000, actvprof=,2.544023, id=,B08, PRDE,actvstrat=,-1.000000, actvprof=,5.556514, id=,S01, PRDE,actvstrat=,-1.000000, actvprof=,4.906668, id=,S02, PRDE,actvstrat=,1.000000, actvprof=,3.563023, id=,S07, PRDE,actvstrat=,1.000000, actvprof=,0.000000, id=,S08, PRDE,actvstrat=,-1.000000, actvprof=,0.000000, id=,S09, PRDE,actvstrat=,1.000000, actvprof=,0.000000, best_B_id=,B08, best_B_prof=,5.556514, best_B_strat=,-1.000000, best_S_id=,S01, best_S_prof=,4.906668, best_S_strat=,-1.000000, 
t=,943200, id=,B00, PRDE,actvstrat=,-1.000000, actvprof=,0.000000, id=,B03, PRDE,actvstrat=,1.000000, actvprof=,0.005977, id=,B05, PRDE,actvstrat=,1.000000, actvprof=,0.927905, id=,B06, PRDE,actvstrat=,1.000000, actvprof=,2.521995, id=,B08, PRDE,actvstrat=,-1.000000, actvprof=,5.484732, id=,S01, PRDE,actvstrat=,-1.000000, actvprof=,4.986448, id=,S02, PRDE,actvstrat=,1.000000, actvprof=,3.549001, id=,S07, PRDE,actvstrat=,1.000000, actvprof=,0.000000, id=,S08, PRDE,actvstrat=,-1.000000, actvprof=,0.000000, id=,S09, PRDE,actvstrat=,1.000000, actvprof=,0.000000, best_B_id=,B08, best_B_prof=,5.484732, best_B_strat=,-1.000000, best_S_id=,S01, best_S_prof=,4.986448, best_S_strat=,-1.000000, 
t=,946800, id=,B00, PRDE,actvstrat=,1.000000, actvprof=,0.000000, id=,B03, PRDE,actvstrat=,-1.000000, actvprof=,0.004173, id=,B05, PRDE,actvstrat=,1.000000, actvprof=,1.119688, id=,B06, PRDE,actvstrat=,-1.000000, actvprof=,2.718131, id=,B08, PRDE,actvstrat=,0.890077, actvprof=,6.129494, id=,S01, PRDE,actvstrat=,-1.000000, actvprof=,4.806176, id=,S02, PRDE,actvstrat=,-1.000000, actvprof=,3.389387, id=,S07, PRDE,actvstrat=,-1.000000, actvprof=,0.000000, id=,S08, PRDE,actvstrat=,-1.000000, actvprof=,0.000000, id=,S09, PRDE,actvstrat=,-1.000000, actvprof=,0.000000, best_B_id=,B08, best_B_prof=,6.129494, best_B_strat=,0.890077, best_S_id=,S01, best_S_prof=,4.806176, best_S_strat=,-1.000000, 
t=,950400, id=,B00, PRDE,actvstrat=,1.000000, actvprof=,0.000000, id=,B03, PRDE,actvstrat=,-1.000000, actvprof=,0.002085, id=,B05, PRDE,actvstrat=,1.000000, actvprof=,1.186985, id=,B06, PRDE,actvstrat=,-1.000000, actvprof=,2.755779, id=,B08, PRDE,actvstrat=,0.890077, actvprof=,6.210822, id=,S01, PRDE,actvstrat=,-1.000000, actvprof=,4.792278, id=,S02, PRDE,actvstrat=,-1.000000, actvprof=,3.287003, id=,S07, PRDE,actvstrat=,-1.000000, actvprof=,0.000000, id=,S08, PRDE,actvstrat=,-1.000000, actvprof=,0.000000, id=,S09, PRDE,actvstrat=,-1.000000, actvprof=,0.000000, best_B_id=,B08, best_B_prof=,6.210822, best_B_strat=,0.890077, best_S_id=,S01, best_S_prof=,4.792278, best_S_strat=,-1.000000, 
t=,954000, id=,B00, PRDE,actvstrat=,1.000000, actvprof=,0.000000, id=,B03, PRDE,actvstrat=,0.487211, actvprof=,0.000000, id=,B05, PRDE,actvstrat=,1.000000, actvprof=,1.523311, id=,B06, PRDE,actvstrat=,0.038582, actvprof=,1.906087, id=,B08, PRDE,actvstrat=,-1.000000, actvprof=,5.929954, id=,S01, PRDE,actvstrat=,-1.000000, actvprof=,4.426394, id=,S02, PRDE,actvstrat=,-1.000000, actvprof=,2.894459, id=,S07, PRDE,actvstrat=,-1.000000, actvprof=,0.000000, id=,S08, PRDE,actvstrat=,-1.000000, actvprof=,0.000000, id=,S09, PRDE,actvstrat=,1.000000, actvprof=,0.000000, best_B_id=,B08, best_B_prof=,5.929954, best_B_strat=,-1.000000, best_S_id=,S01, best_S_prof=,4.426394, best_S_strat=,-1.000000, 
t=,957600, id=,B00, PRDE,actvstrat=,1.000000, actvprof=,0.000000, id=,B03, PRDE,actvstrat=,0.487211, actvprof=,0.000139, id=,B05, PRDE,actvstrat=,1.000000, actvprof=,1.462882, id=,B06, PRDE,actvstrat=,0.038582, actvprof=,1.874296, id=,B08, PRDE,actvstrat=,-1.000000, actvprof=,5.842634, id=,S01, PRDE,actvstrat=,-1.000000, actvprof=,4.470096, id=,S02, PRDE,actvstrat=,-1.000000, actvprof=,2.956204, id=,S07, PRDE,actvstrat=,-1.000000, actvprof=,0.000000, id=,S08, PRDE,actvstrat=,-1.000000, actvprof=,0.000000, id=,S09, PRDE,actvstrat=,1.000000, actvprof=,0.000000, best_B_id=,B08, best_B_prof=,5.842634, best_B_strat=,-1.000000, best_S_id=,S01, best_S_prof=,4.470096, best_S_strat=,-1.000000, 
t=,961200, id=,B00, PRDE,actvstrat=,1.000000, actvprof=,0.000000, id=,B03, PRDE,actvstrat=,-1.000000, actvprof=,0.010293, id=,B05, PRDE,actvstrat=,1.000000, actvprof=,1.073788, id=,B06, PRDE,actvstrat=,-1.000000, actvprof=,2.678350, id=,B08, PRDE,actvstrat=,0.890077, actvprof=,5.933375, id=,S01, PRDE,actvstrat=,-1.000000, actvprof=,4.808679, id=,S02, PRDE,actvstrat=,1.000000, actvprof=,3.361569, id=,S07, PRDE,actvstrat=,-1.000000, actvprof=,0.000000, id=,S08, PRDE,actvstrat=,0.555075, actvprof=,0.000000, id=,S09, PRDE,actvstrat=,-1.000000, actvprof=,0.000000, best_B_id=,B08, best_B_prof=,5.933375, best_B_strat=,0.890077, best_S_id=,S01, best_S_prof=,4.808679, best_S_strat=,-1.000000, 
t=,964800, id=,B00, PRDE,actvstrat=,1.000000, actvprof=,0.000000, id=,B03, PRDE,actvstrat=,-1.000000, actvprof=,0.008478, id=,B05, PRDE,actvstrat=,1.000000, actvprof=,1.044790, id=,B06, PRDE,actvstrat=,-1.000000, actvprof=,2.638869, id=,B08, PRDE,actvstrat=,0.890077, actvprof=,5.883040, id=,S01, PRDE,actvstrat=,-1.000000, actvprof=,4.799472, id=,S02, PRDE,actvstrat=,1.000000, actvprof=,3.403315, id=,S07, PRDE,actvstrat=,-1.000000, actvprof=,0.000000, id=,S08, PRDE,actvstrat=,0.555075, actvprof=,0.000000, id=,S09, PRDE,actvstrat=,-1.000000, actvprof=,0.000000, best_B_id=,B08, best_B_prof=,5.883040, best_B_strat=,0.890077, best_S_id=,S01, best_S_prof=,4.799472, best_S_strat=,-1.000000, 
t=,968400, id=,B00, PRDE,actvstrat=,1.000000, actvprof=,0.000000, id=,B03, PRDE,actvstrat=,1.000000, actvprof=,0.008624, id=,B05, PRDE,actvstrat=,-1.000000, actvprof=,0.964462, id=,B06, PRDE,actvstrat=,-1.000000, actvprof=,2.422143, id=,B08, PRDE,actvstrat=,0.890077, actvprof=,5.736699, id=,S01, PRDE,actvstrat=,1.000000, actvprof=,5.437374, id=,S02, PRDE,actvstrat=,1.000000, actvprof=,3.722373, id=,S07, PRDE,actvstrat=,-1.000000, actvprof=,0.000000, id=,S08, PRDE,actvstrat=,-1.000000, actvprof=,0.000000, id=,S09, PRDE,actvstrat=,-1.000000, actvprof=,0.000000, best_B_id=,B08, best_B_prof=,5.736699, best_B_strat=,0.890077, best_S_id=,S01, best_S_prof=,5.437374, best_S_strat=,1.000000, 
t=,972000, id=,B00, PRDE,actvstrat=,1.000000, actvprof=,0.000000, id=,B03, PRDE,actvstrat=,1.000000, actvprof=,0.007089, id=,B05, PRDE,actvstrat=,-1.000000, actvprof=,0.971125, id=,B06, PRDE,actvstrat=,-1.000000, actvprof=,2.462212, id=,B08, PRDE,actvstrat=,0.890077, actvprof=,5.738490, id=,S01, PRDE,actvstrat=,1.000000, actvprof=,5.420480, id=,S02, PRDE,actvstrat=,1.000000, actvprof=,3.687411, id=,S07, PRDE,actvstrat=,-1.000000, actvprof=,0.000000, id=,S08, PRDE,actvstrat=,-1.000000, actvprof=,0.000000, id=,S09, PRDE,actvstrat=,-1.000000, actvprof=,0.000000, best_B_id=,B08, best_B_prof=,5.738490, best_B_strat=,0.890077, best_S_id=,S01, best_S_prof=,5.420480, best_S_strat=,1.000000, 
t=,975600, id=,B00, PRDE,actvstrat=,1.000000, actvprof=,0.000000, id=,B03, PRDE,actvstrat=,-1.000000, actvprof=,0.003060, id=,B05, PRDE,actvstrat=,-1.000000, actvprof=,0.697694, id=,B06, PRDE,actvstrat=,-1.000000, actvprof=,2.217153, id=,B08, PRDE,actvstrat=,-0.054962, actvprof=,3.793919, id=,S01, PRDE,actvstrat=,0.490767, actvprof=,2.722898, id=,S02, PRDE,actvstrat=,1.000000, actvprof=,3.916321, id=,S07, PRDE,actvstrat=,1.000000, actvprof=,0.000000, id=,S08, PRDE,actvstrat=,-1.000000, actvprof=,0.000000, id=,S09, PRDE,actvstrat=,1.000000, actvprof=,0.000000, best_B_id=,B08, best_B_prof=,3.793919, best_B_strat=,-0.054962, best_S_id=,S02, best_S_prof=,3.916321, best_S_strat=,1.000000, 
t=,979200, id=,B00, PRDE,actvstrat=,1.000000, actvprof=,0.000000, id=,B03, PRDE,actvstrat=,-1.000000, actvprof=,0.005838, id=,B05, PRDE,actvstrat=,-1.000000, actvprof=,0.748051, id=,B06, PRDE,actvstrat=,-1.000000, actvprof=,2.203567, id=,B08, PRDE,actvstrat=,-0.054962, actvprof=,3.757210, id=,S01, PRDE,actvstrat=,0.490767, actvprof=,2.754667, id=,S02, PRDE,actvstrat=,1.000000, actvprof=,3.869237, id=,S07, PRDE,actvstrat=,1.000000, actvprof=,0.000000, id=,S08, PRDE,actvstrat=,-1.000000, actvprof=,0.000000, id=,S09, PRDE,actvstrat=,1.000000, actvprof=,0.000000, best_B_id=,B08, best_B_prof=,3.757210, best_B_strat=,-0.054962, best_S_id=,S02, best_S_prof=,3.869237, best_S_strat=,1.000000, 
t=,982800, id=,B00, PRDE,actvstrat=,1.000000, actvprof=,0.000000, id=,B03, PRDE,actvstrat=,1.000000, actvprof=,0.000835, id=,B05, PRDE,actvstrat=,1.000000, actvprof=,0.966423, id=,B06, PRDE,actvstrat=,-1.000000, actvprof=,2.516204, id=,B08, PRDE,actvstrat=,-0.054962, actvprof=,4.049573, id=,S01, PRDE,actvstrat=,0.490767, actvprof=,2.638885, id=,S02, PRDE,actvstrat=,-1.000000, actvprof=,3.470387, id=,S07, PRDE,actvstrat=,0.652993, actvprof=,0.000000, id=,S08, PRDE,actvstrat=,-1.000000, actvprof=,0.000000, id=,S09, PRDE,actvstrat=,-1.000000, actvprof=,0.000000, best_B_id=,B08, best_B_prof=,4.049573, best_B_strat=,-0.054962, best_S_id=,S02, best_S_prof=,3.470387, best_S_strat=,-1.000000, 
t=,986400, id=,B00, PRDE,actvstrat=,1.000000, actvprof=,0.000000, id=,B03, PRDE,actvstrat=,1.000000, actvprof=,0.000834, id=,B05, PRDE,actvstrat=,1.000000, actvprof=,0.890788, id=,B06, PRDE,actvstrat=,-1.000000, actvprof=,2.421766, id=,B08, PRDE,actvstrat=,-0.054962, actvprof=,3.951770, id=,S01, PRDE,actvstrat=,0.490767, actvprof=,2.689461, id=,S02, PRDE,actvstrat=,-1.000000, actvprof=,3.480593, id=,S07, PRDE,actvstrat=,0.652993, actvprof=,0.000000, id=,S08, PRDE,actvstrat=,-1.000000, actvprof=,0.000000, id=,S09, PRDE,actvstrat=,-1.000000, actvprof=,0.000000, best_B_id=,B08, best_B_prof=,3.951770, best_B_strat=,-0.054962, best_S_id=,S02, best_S_prof=,3.480593, best_S_strat=,-1.000000, 
t=,990000, id=,B00, PRDE,actvstrat=,-1.000000, actvprof=,0.000000, id=,B03, PRDE,actvstrat=,1.000000, actvprof=,0.001113, id=,B05, PRDE,actvstrat=,-1.000000, actvprof=,1.057127, id=,B06, PRDE,actvstrat=,-1.000000, actvprof=,2.604426, id=,B08, PRDE,actvstrat=,-1.000000, actvprof=,5.773580, id=,S01, PRDE,actvstrat=,1.000000, actvprof=,5.319572, id=,S02, PRDE,actvstrat=,-1.000000, actvprof=,3.168598, id=,S07, PRDE,actvstrat=,-1.000000, actvprof=,0.000000, id=,S08, PRDE,actvstrat=,1.000000, actvprof=,0.000000, id=,S09, PRDE,actvstrat=,-1.000000, actvprof=,0.000000, best_B_id=,B08, best_B_prof=,5.773580, best_B_strat=,-1.000000, best_S_id=,S01, best_S_prof=,5.319572, best_S_strat=,1.000000, 
t=,993600, id=,B00, PRDE,actvstrat=,-1.000000, actvprof=,0.000000, id=,B03, PRDE,actvstrat=,1.000000, actvprof=,0.003614, id=,B05, PRDE,actvstrat=,-1.000000, actvprof=,1.024504, id=,B06, PRDE,actvstrat=,-1.000000, actvprof=,2.570364, id=,B08, PRDE,actvstrat=,-1.000000, actvprof=,5.751178, id=,S01, PRDE,actvstrat=,1.000000, actvprof=,5.385492, id=,S02, PRDE,actvstrat=,-1.000000, actvprof=,3.280192, id=,S07, PRDE,actvstrat=,-1.000000, actvprof=,0.000000, id=,S08, PRDE,actvstrat=,1.000000, actvprof=,0.000000, id=,S09, PRDE,actvstrat=,-1.000000, actvprof=,0.000000, best_B_id=,B08, best_B_prof=,5.751178, best_B_strat=,-1.000000, best_S_id=,S01, best_S_prof=,5.385492, best_S_strat=,1.000000, 
t=,997200, id=,B00, PRDE,actvstrat=,-1.000000, actvprof=,0.000000, id=,B03, PRDE,actvstrat=,-1.000000, actvprof=,0.016691, id=,B05, PRDE,actvstrat=,1.000000, actvprof=,0.932497, id=,B06, PRDE,actvstrat=,-1.000000, actvprof=,2.515683, id=,B08, PRDE,actvstrat=,-1.000000, actvprof=,5.629755, id=,S01, PRDE,actvstrat=,1.000000, actvprof=,5.423337, id=,S02, PRDE,actvstrat=,-1.000000, actvprof=,3.418135, id=,S07, PRDE,actvstrat=,-0.173504, actvprof=,0.000000, id=,S08, PRDE,actvstrat=,-1.000000, actvprof=,0.000000, id=,S09, PRDE,actvstrat=,1.000000, actvprof=,0.000000, best_B_id=,B08, best_B_prof=,5.629755, best_B_strat=,-1.000000, best_S_id=,S01, best_S_prof=,5.423337, best_S_strat=,1.000000, 
t=,1000800, id=,B00, PRDE,actvstrat=,-1.000000, actvprof=,0.000000, id=,B03, PRDE,actvstrat=,-1.000000, actvprof=,0.015845, id=,B05, PRDE,actvstrat=,1.000000, actvprof=,0.958768, id=,B06, PRDE,actvstrat=,-1.000000, actvprof=,2.563155, id=,B08, PRDE,actvstrat=,-1.000000, actvprof=,5.685336, id=,S01, PRDE,actvstrat=,1.000000, actvprof=,5.329794, id=,S02, PRDE,actvstrat=,-1.000000, actvprof=,3.444921, id=,S07, PRDE,actvstrat=,-0.173504, actvprof=,0.000000, id=,S08, PRDE,actvstrat=,-1.000000, actvprof=,0.000000, id=,S09, PRDE,actvstrat=,1.000000, actvprof=,0.000000, best_B_id=,B08, best_B_prof=,5.685336, best_B_strat=,-1.000000, best_S_id=,S01, best_S_prof=,5.329794, best_S_strat=,1.000000, 
t=,1004400, id=,B00, PRDE,actvstrat=,-1.000000, actvprof=,0.000000, id=,B03, PRDE,actvstrat=,1.000000, actvprof=,0.003895, id=,B05, PRDE,actvstrat=,-1.000000, actvprof=,1.873087, id=,B06, PRDE,actvstrat=,-0.603716, actvprof=,1.234908, id=,B08, PRDE,actvstrat=,0.890077, actvprof=,6.801591, id=,S01, PRDE,actvstrat=,-1.000000, actvprof=,4.083625, id=,S02, PRDE,actvstrat=,1.000000, actvprof=,2.697658, id=,S07, PRDE,actvstrat=,1.000000, actvprof=,0.000000, id=,S08, PRDE,actvstrat=,-1.000000, actvprof=,0.000000, id=,S09, PRDE,actvstrat=,-1.000000, actvprof=,0.000000, best_B_id=,B08, best_B_prof=,6.801591, best_B_strat=,0.890077, best_S_id=,S01, best_S_prof=,4.083625, best_S_strat=,-1.000000, 
t=,1008000, id=,B00, PRDE,actvstrat=,-1.000000, actvprof=,0.000000, id=,B03, PRDE,actvstrat=,1.000000, actvprof=,0.003614, id=,B05, PRDE,actvstrat=,-1.000000, actvprof=,1.872654, id=,B06, PRDE,actvstrat=,-0.603716, actvprof=,1.240375, id=,B08, PRDE,actvstrat=,0.890077, actvprof=,6.803853, id=,S01, PRDE,actvstrat=,-1.000000, actvprof=,4.106552, id=,S02, PRDE,actvstrat=,1.000000, actvprof=,2.732049, id=,S07, PRDE,actvstrat=,1.000000, actvprof=,0.000000, id=,S08, PRDE,actvstrat=,-1.000000, actvprof=,0.000000, id=,S09, PRDE,actvstrat=,-1.000000, actvprof=,0.000000, best_B_id=,B08, best_B_prof=,6.803853, best_B_strat=,0.890077, best_S_id=,S01, best_S_prof=,4.106552, best_S_strat=,-1.000000, 
t=,1011600, id=,B00, PRDE,actvstrat=,-1.000000, actvprof=,0.000000, id=,B03, PRDE,actvstrat=,1.000000, actvprof=,0.004729, id=,B05, PRDE,actvstrat=,-1.000000, actvprof=,1.313637, id=,B06, PRDE,actvstrat=,-1.000000, actvprof=,2.869582, id=,B08, PRDE,actvstrat=,-0.054962, actvprof=,4.445835, id=,S01, PRDE,actvstrat=,-1.000000, actvprof=,4.478106, id=,S02, PRDE,actvstrat=,1.000000, actvprof=,3.327769, id=,S07, PRDE,actvstrat=,-1.000000, actvprof=,0.000000, id=,S08, PRDE,actvstrat=,-1.000000, actvprof=,0.000000, id=,S09, PRDE,actvstrat=,-1.000000, actvprof=,0.000000, best_B_id=,B08, best_B_prof=,4.445835, best_B_strat=,-0.054962, best_S_id=,S01, best_S_prof=,4.478106, best_S_strat=,-1.000000, 
t=,1015200, id=,B00, PRDE,actvstrat=,-1.000000, actvprof=,0.000000, id=,B03, PRDE,actvstrat=,1.000000, actvprof=,0.007506, id=,B05, PRDE,actvstrat=,-1.000000, actvprof=,1.373530, id=,B06, PRDE,actvstrat=,-1.000000, actvprof=,2.903845, id=,B08, PRDE,actvstrat=,-0.054962, actvprof=,4.506296, id=,S01, PRDE,actvstrat=,-1.000000, actvprof=,4.479193, id=,S02, PRDE,actvstrat=,1.000000, actvprof=,3.277041, id=,S07, PRDE,actvstrat=,-1.000000, actvprof=,0.000000, id=,S08, PRDE,actvstrat=,-1.000000, actvprof=,0.000000, id=,S09, PRDE,actvstrat=,-1.000000, actvprof=,0.000000, best_B_id=,B08, best_B_prof=,4.506296, best_B_strat=,-0.054962, best_S_id=,S01, best_S_prof=,4.479193, best_S_strat=,-1.000000, 
t=,1018800, id=,B00, PRDE,actvstrat=,1.000000, actvprof=,0.000000, id=,B03, PRDE,actvstrat=,-1.000000, actvprof=,0.005564, id=,B05, PRDE,actvstrat=,-1.000000, actvprof=,0.844032, id=,B06, PRDE,actvstrat=,-1.000000, actvprof=,2.322618, id=,B08, PRDE,actvstrat=,-1.000000, actvprof=,5.505404, id=,S01, PRDE,actvstrat=,1.000000, actvprof=,5.529606, id=,S02, PRDE,actvstrat=,1.000000, actvprof=,3.872143, id=,S07, PRDE,actvstrat=,-1.000000, actvprof=,0.000000, id=,S08, PRDE,actvstrat=,-1.000000, actvprof=,0.000000, id=,S09, PRDE,actvstrat=,-1.000000, actvprof=,0.000000, best_B_id=,B08, best_B_prof=,5.505404, best_B_strat=,-1.000000, best_S_id=,S01, best_S_prof=,5.529606, best_S_strat=,1.000000, 
t=,1022400, id=,B00, PRDE,actvstrat=,1.000000, actvprof=,0.000000, id=,B03, PRDE,actvstrat=,-1.000000, actvprof=,0.012648, id=,B05, PRDE,actvstrat=,-1.000000, actvprof=,0.846885, id=,B06, PRDE,actvstrat=,-1.000000, actvprof=,2.354405, id=,B08, PRDE,actvstrat=,-1.000000, actvprof=,5.519278, id=,S01, PRDE,actvstrat=,1.000000, actvprof=,5.475496, id=,S02, PRDE,actvstrat=,1.000000, actvprof=,3.879576, id=,S07, PRDE,actvstrat=,-1.000000, actvprof=,0.000000, id=,S08, PRDE,actvstrat=,-1.000000, actvprof=,0.000000, id=,S09, PRDE,actvstrat=,-1.000000, actvprof=,0.000000, best_B_id=,B08, best_B_prof=,5.519278, best_B_strat=,-1.000000, best_S_id=,S01, best_S_prof=,5.475496, best_S_strat=,1.000000, 
t=,1026000, id=,B00, PRDE,actvstrat=,1.000000, actvprof=,0.000000, id=,B03, PRDE,actvstrat=,-1.000000, actvprof=,0.008624, id=,B05, PRDE,actvstrat=,-1.000000, actvprof=,1.171185, id=,B06, PRDE,actvstrat=,-1.000000, actvprof=,2.608877, id=,B08, PRDE,actvstrat=,0.890077, actvprof=,6.019779, id=,S01, PRDE,actvstrat=,1.000000, actvprof=,5.198281, id=,S02, PRDE,actvstrat=,-1.000000, actvprof=,3.312979, id=,S07, PRDE,actvstrat=,-1.000000, actvprof=,0.000000, id=,S08, PRDE,actvstrat=,0.555075, actvprof=,0.000000, id=,S09, PRDE,actvstrat=,-1.000000, actvprof=,0.000000, best_B_id=,B08, best_B_prof=,6.019779, best_B_strat=,0.890077, best_S_id=,S01, best_S_prof=,5.198281, best_S_strat=,1.000000, 
t=,1029600, id=,B00, PRDE,actvstrat=,1.000000, actvprof=,0.000000, id=,B03, PRDE,actvstrat=,-1.000000, actvprof=,0.007506, id=,B05, PRDE,actvstrat=,-1.000000, actvprof=,1.169758, id=,B06, PRDE,actvstrat=,-1.000000, actvprof=,2.643075, id=,B08, PRDE,actvstrat=,0.890077, actvprof=,6.091332, id=,S01, PRDE,actvstrat=,1.000000, actvprof=,5.188300, id=,S02, PRDE,actvstrat=,-1.000000, actvprof=,3.327611, id=,S07, PRDE,actvstrat=,-1.000000, actvprof=,0.000000, id=,S08, PRDE,actvstrat=,0.555075, actvprof=,0.000000, id=,S09, PRDE,actvstrat=,-1.000000, actvprof=,0.000000, best_B_id=,B08, best_B_prof=,6.091332, best_B_strat=,0.890077, best_S_id=,S01, best_S_prof=,5.188300, best_S_strat=,1.000000, 
t=,1033200, id=,B00, PRDE,actvstrat=,-1.000000, actvprof=,0.000000, id=,B03, PRDE,actvstrat=,-0.025579, actvprof=,0.010571, id=,B05, PRDE,actvstrat=,-1.000000, actvprof=,1.206777, id=,B06, PRDE,actvstrat=,-1.000000, actvprof=,2.741536, id=,B08, PRDE,actvstrat=,1.000000, actvprof=,5.949314, id=,S01, PRDE,actvstrat=,1.000000, actvprof=,5.052716, id=,S02, PRDE,actvstrat=,1.000000, actvprof=,3.381089, id=,S07, PRDE,actvstrat=,-1.000000, actvprof=,0.000000, id=,S08, PRDE,actvstrat=,0.555075, actvprof=,0.000000, id=,S09, PRDE,actvstrat=,-1.000000, actvprof=,0.000000, best_B_id=,B08, best_B_prof=,5.949314, best_B_strat=,1.000000, best_S_id=,S01, best_S_prof=,5.052716, best_S_strat=,1.000000, 
t=,1036800, id=,B00, PRDE,actvstrat=,-1.000000, actvprof=,0.000000, id=,B03, PRDE,actvstrat=,-0.025579, actvprof=,0.013204, id=,B05, PRDE,actvstrat=,-1.000000, actvprof=,1.244545, id=,B06, PRDE,actvstrat=,-1.000000, actvprof=,2.752481, id=,B08, PRDE,actvstrat=,1.000000, actvprof=,6.015067, id=,S01, PRDE,actvstrat=,1.000000, actvprof=,4.920218, id=,S02, PRDE,actvstrat=,1.000000, actvprof=,3.284408, id=,S07, PRDE,actvstrat=,-1.000000, actvprof=,0.000000, id=,S08, PRDE,actvstrat=,0.555075, actvprof=,0.000000, id=,S09, PRDE,actvstrat=,-1.000000, actvprof=,0.000000, best_B_id=,B08, best_B_prof=,6.015067, best_B_strat=,1.000000, best_S_id=,S01, best_S_prof=,4.920218, best_S_strat=,1.000000, 
t=,1040400, id=,B00, PRDE,actvstrat=,-1.000000, actvprof=,0.000000, id=,B03, PRDE,actvstrat=,1.000000, actvprof=,0.000556, id=,B05, PRDE,actvstrat=,-1.000000, actvprof=,0.263725, id=,B06, PRDE,actvstrat=,-1.000000, actvprof=,1.639937, id=,B08, PRDE,actvstrat=,-1.000000, actvprof=,4.672499, id=,S01, PRDE,actvstrat=,1.000000, actvprof=,6.257076, id=,S02, PRDE,actvstrat=,-0.269065, actvprof=,0.419791, id=,S07, PRDE,actvstrat=,1.000000, actvprof=,0.001391, id=,S08, PRDE,actvstrat=,0.555075, actvprof=,0.000000, id=,S09, PRDE,actvstrat=,-1.000000, actvprof=,0.000000, best_B_id=,B08, best_B_prof=,4.672499, best_B_strat=,-1.000000, best_S_id=,S01, best_S_prof=,6.257076, best_S_strat=,1.000000, 
t=,1044000, id=,B00, PRDE,actvstrat=,-1.000000, actvprof=,0.000000, id=,B03, PRDE,actvstrat=,1.000000, actvprof=,0.000278, id=,B05, PRDE,actvstrat=,-1.000000, actvprof=,0.239485, id=,B06, PRDE,actvstrat=,-1.000000, actvprof=,1.605788, id=,B08, PRDE,actvstrat=,-1.000000, actvprof=,4.663498, id=,S01, PRDE,actvstrat=,1.000000, actvprof=,6.309176, id=,S02, PRDE,actvstrat=,-0.269065, actvprof=,0.383760, id=,S07, PRDE,actvstrat=,1.000000, actvprof=,0.000695, id=,S08, PRDE,actvstrat=,0.555075, actvprof=,0.000000, id=,S09, PRDE,actvstrat=,-1.000000, actvprof=,0.000000, best_B_id=,B08, best_B_prof=,4.663498, best_B_strat=,-1.000000, best_S_id=,S01, best_S_prof=,6.309176, best_S_strat=,1.000000, 
t=,1047600, id=,B00, PRDE,actvstrat=,1.000000, actvprof=,0.000000, id=,B03, PRDE,actvstrat=,-1.000000, actvprof=,0.012519, id=,B05, PRDE,actvstrat=,-1.000000, actvprof=,0.901921, id=,B06, PRDE,actvstrat=,-1.000000, actvprof=,2.429233, id=,B08, PRDE,actvstrat=,-1.000000, actvprof=,5.492203, id=,S01, PRDE,actvstrat=,1.000000, actvprof=,5.502497, id=,S02, PRDE,actvstrat=,1.000000, actvprof=,3.792130, id=,S07, PRDE,actvstrat=,1.000000, actvprof=,0.000000, id=,S08, PRDE,actvstrat=,-1.000000, actvprof=,0.000000, id=,S09, PRDE,actvstrat=,1.000000, actvprof=,0.000000, best_B_id=,B08, best_B_prof=,5.492203, best_B_strat=,-1.000000, best_S_id=,S01, best_S_prof=,5.502497, best_S_strat=,1.000000, 
t=,1051200, id=,B00, PRDE,actvstrat=,1.000000, actvprof=,0.000000, id=,B03, PRDE,actvstrat=,-1.000000, actvprof=,0.012231, id=,B05, PRDE,actvstrat=,-1.000000, actvprof=,0.964056, id=,B06, PRDE,actvstrat=,-1.000000, actvprof=,2.463931, id=,B08, PRDE,actvstrat=,-1.000000, actvprof=,5.524560, id=,S01, PRDE,actvstrat=,1.000000, actvprof=,5.409057, id=,S02, PRDE,actvstrat=,1.000000, actvprof=,3.715286, id=,S07, PRDE,actvstrat=,1.000000, actvprof=,0.000000, id=,S08, PRDE,actvstrat=,-1.000000, actvprof=,0.000000, id=,S09, PRDE,actvstrat=,1.000000, actvprof=,0.000000, best_B_id=,B08, best_B_prof=,5.524560, best_B_strat=,-1.000000, best_S_id=,S01, best_S_prof=,5.409057, best_S_strat=,1.000000, 
t=,1054800, id=,B00, PRDE,actvstrat=,-1.000000, actvprof=,0.000000, id=,B03, PRDE,actvstrat=,-1.000000, actvprof=,0.009459, id=,B05, PRDE,actvstrat=,1.000000, actvprof=,1.670028, id=,B06, PRDE,actvstrat=,-0.603716, actvprof=,1.260241, id=,B08, PRDE,actvstrat=,0.890077, actvprof=,6.618909, id=,S01, PRDE,actvstrat=,-1.000000, actvprof=,4.087299, id=,S02, PRDE,actvstrat=,1.000000, actvprof=,2.622025, id=,S07, PRDE,actvstrat=,-1.000000, actvprof=,0.000000, id=,S08, PRDE,actvstrat=,-1.000000, actvprof=,0.000000, id=,S09, PRDE,actvstrat=,1.000000, actvprof=,0.000000, best_B_id=,B08, best_B_prof=,6.618909, best_B_strat=,0.890077, best_S_id=,S01, best_S_prof=,4.087299, best_S_strat=,-1.000000, 
t=,1058400, id=,B00, PRDE,actvstrat=,-1.000000, actvprof=,0.000000, id=,B03, PRDE,actvstrat=,-1.000000, actvprof=,0.011259, id=,B05, PRDE,actvstrat=,1.000000, actvprof=,1.744376, id=,B06, PRDE,actvstrat=,-0.603716, actvprof=,1.327533, id=,B08, PRDE,actvstrat=,0.890077, actvprof=,6.741353, id=,S01, PRDE,actvstrat=,-1.000000, actvprof=,3.992883, id=,S02, PRDE,actvstrat=,1.000000, actvprof=,2.561522, id=,S07, PRDE,actvstrat=,-1.000000, actvprof=,0.000000, id=,S08, PRDE,actvstrat=,-1.000000, actvprof=,0.000000, id=,S09, PRDE,actvstrat=,1.000000, actvprof=,0.000000, best_B_id=,B08, best_B_prof=,6.741353, best_B_strat=,0.890077, best_S_id=,S01, best_S_prof=,3.992883, best_S_strat=,-1.000000, 
t=,1062000, id=,B00, PRDE,actvstrat=,1.000000, actvprof=,0.000000, id=,B03, PRDE,actvstrat=,-1.000000, actvprof=,0.005008, id=,B05, PRDE,actvstrat=,-1.000000, actvprof=,1.328956, id=,B06, PRDE,actvstrat=,-1.000000, actvprof=,2.823163, id=,B08, PRDE,actvstrat=,-0.780154, actvprof=,3.024301, id=,S01, PRDE,actvstrat=,1.000000, actvprof=,5.045694, id=,S02, PRDE,actvstrat=,1.000000, actvprof=,3.351184, id=,S07, PRDE,actvstrat=,-1.000000, actvprof=,0.000000, id=,S08, PRDE,actvstrat=,1.000000, actvprof=,0.000000, id=,S09, PRDE,actvstrat=,1.000000, actvprof=,0.000000, best_B_id=,B08, best_B_prof=,3.024301, best_B_strat=,-0.780154, best_S_id=,S01, best_S_prof=,5.045694, best_S_strat=,1.000000, 
t=,1065600, id=,B00, PRDE,actvstrat=,1.000000, actvprof=,0.000000, id=,B03, PRDE,actvstrat=,-1.000000, actvprof=,0.006394, id=,B05, PRDE,actvstrat=,-1.000000, actvprof=,1.310019, id=,B06, PRDE,actvstrat=,-1.000000, actvprof=,2.825194, id=,B08, PRDE,actvstrat=,-0.780154, actvprof=,2.954598, id=,S01, PRDE,actvstrat=,1.000000, actvprof=,5.016297, id=,S02, PRDE,actvstrat=,1.000000, actvprof=,3.338499, id=,S07, PRDE,actvstrat=,-1.000000, actvprof=,0.000000, id=,S08, PRDE,actvstrat=,1.000000, actvprof=,0.000000, id=,S09, PRDE,actvstrat=,1.000000, actvprof=,0.000000, best_B_id=,B08, best_B_prof=,2.954598, best_B_strat=,-0.780154, best_S_id=,S01, best_S_prof=,5.016297, best_S_strat=,1.000000, 
t=,1069200, id=,B00, PRDE,actvstrat=,-1.000000, actvprof=,0.000000, id=,B03, PRDE,actvstrat=,-1.000000, actvprof=,0.001669, id=,B05, PRDE,actvstrat=,-1.000000, actvprof=,0.448747, id=,B06, PRDE,actvstrat=,-1.000000, actvprof=,1.882903, id=,B08, PRDE,actvstrat=,-1.000000, actvprof=,4.838571, id=,S01, PRDE,actvstrat=,0.254616, actvprof=,2.307168, id=,S02, PRDE,actvstrat=,1.000000, actvprof=,4.328896, id=,S07, PRDE,actvstrat=,1.000000, actvprof=,0.000000, id=,S08, PRDE,actvstrat=,-1.000000, actvprof=,0.000000, id=,S09, PRDE,actvstrat=,-1.000000, actvprof=,0.000000, best_B_id=,B08, best_B_prof=,4.838571, best_B_strat=,-1.000000, best_S_id=,S02, best_S_prof=,4.328896, best_S_strat=,1.000000, 
t=,1072800, id=,B00, PRDE,actvstrat=,-1.000000, actvprof=,0.000000, id=,B03, PRDE,actvstrat=,-1.000000, actvprof=,0.000834, id=,B05, PRDE,actvstrat=,-1.000000, actvprof=,0.449791, id=,B06, PRDE,actvstrat=,-1.000000, actvprof=,1.914392, id=,B08, PRDE,actvstrat=,-1.000000, actvprof=,4.909896, id=,S01, PRDE,actvstrat=,0.254616, actvprof=,2.445357, id=,S02, PRDE,actvstrat=,1.000000, actvprof=,4.365865, id=,S07, PRDE,actvstrat=,1.000000, actvprof=,0.000000, id=,S08, PRDE,actvstrat=,-1.000000, actvprof=,0.000000, id=,S09, PRDE,actvstrat=,-1.000000, actvprof=,0.000000, best_B_id=,B08, best_B_prof=,4.909896, best_B_strat=,-1.000000, best_S_id=,S02, best_S_prof=,4.365865, best_S_strat=,1.000000, 
t=,1076400, id=,B00, PRDE,actvstrat=,1.000000, actvprof=,0.000000, id=,B03, PRDE,actvstrat=,-1.000000, actvprof=,0.007790, id=,B05, PRDE,actvstrat=,1.000000, actvprof=,1.101405, id=,B06, PRDE,actvstrat=,-1.000000, actvprof=,2.708026, id=,B08, PRDE,actvstrat=,1.000000, actvprof=,5.987203, id=,S01, PRDE,actvstrat=,-1.000000, actvprof=,4.840451, id=,S02, PRDE,actvstrat=,1.000000, actvprof=,3.421060, id=,S07, PRDE,actvstrat=,1.000000, actvprof=,0.001947, id=,S08, PRDE,actvstrat=,1.000000, actvprof=,0.000000, id=,S09, PRDE,actvstrat=,-1.000000, actvprof=,0.000000, best_B_id=,B08, best_B_prof=,5.987203, best_B_strat=,1.000000, best_S_id=,S01, best_S_prof=,4.840451, best_S_strat=,-1.000000, 
t=,1080000, id=,B00, PRDE,actvstrat=,1.000000, actvprof=,0.000000, id=,B03, PRDE,actvstrat=,-1.000000, actvprof=,0.008618, id=,B05, PRDE,actvstrat=,1.000000, actvprof=,1.049281, id=,B06, PRDE,actvstrat=,-1.000000, actvprof=,2.621743, id=,B08, PRDE,actvstrat=,1.000000, actvprof=,5.973771, id=,S01, PRDE,actvstrat=,-1.000000, actvprof=,4.818436, id=,S02, PRDE,actvstrat=,1.000000, actvprof=,3.459889, id=,S07, PRDE,actvstrat=,1.000000, actvprof=,0.004448, id=,S08, PRDE,actvstrat=,1.000000, actvprof=,0.000000, id=,S09, PRDE,actvstrat=,-1.000000, actvprof=,0.000000, best_B_id=,B08, best_B_prof=,5.973771, best_B_strat=,1.000000, best_S_id=,S01, best_S_prof=,4.818436, best_S_strat=,-1.000000, 
t=,1083600, id=,B00, PRDE,actvstrat=,1.000000, actvprof=,0.000000, id=,B03, PRDE,actvstrat=,1.000000, actvprof=,0.016692, id=,B05, PRDE,actvstrat=,-1.000000, actvprof=,1.022966, id=,B06, PRDE,actvstrat=,-1.000000, actvprof=,2.474092, id=,B08, PRDE,actvstrat=,1.000000, actvprof=,5.811738, id=,S01, PRDE,actvstrat=,1.000000, actvprof=,5.316808, id=,S02, PRDE,actvstrat=,1.000000, actvprof=,3.612514, id=,S07, PRDE,actvstrat=,1.000000, actvprof=,0.000000, id=,S08, PRDE,actvstrat=,-1.000000, actvprof=,0.000000, id=,S09, PRDE,actvstrat=,-1.000000, actvprof=,0.000000, best_B_id=,B08, best_B_prof=,5.811738, best_B_strat=,1.000000, best_S_id=,S01, best_S_prof=,5.316808, best_S_strat=,1.000000, 
t=,1087200, id=,B00, PRDE,actvstrat=,1.000000, actvprof=,0.000000, id=,B03, PRDE,actvstrat=,1.000000, actvprof=,0.010425, id=,B05, PRDE,actvstrat=,-1.000000, actvprof=,1.036493, id=,B06, PRDE,actvstrat=,-1.000000, actvprof=,2.515133, id=,B08, PRDE,actvstrat=,1.000000, actvprof=,5.829911, id=,S01, PRDE,actvstrat=,1.000000, actvprof=,5.304367, id=,S02, PRDE,actvstrat=,1.000000, actvprof=,3.652955, id=,S07, PRDE,actvstrat=,1.000000, actvprof=,0.001112, id=,S08, PRDE,actvstrat=,-1.000000, actvprof=,0.000000, id=,S09, PRDE,actvstrat=,-1.000000, actvprof=,0.000000, best_B_id=,B08, best_B_prof=,5.829911, best_B_strat=,1.000000, best_S_id=,S01, best_S_prof=,5.304367, best_S_strat=,1.000000, 
t=,1090800, id=,B00, PRDE,actvstrat=,1.000000, actvprof=,0.000000, id=,B03, PRDE,actvstrat=,-0.025579, actvprof=,0.002226, id=,B05, PRDE,actvstrat=,-1.000000, actvprof=,1.409117, id=,B06, PRDE,actvstrat=,-0.402436, actvprof=,0.996536, id=,B08, PRDE,actvstrat=,0.890077, actvprof=,6.388460, id=,S01, PRDE,actvstrat=,1.000000, actvprof=,4.773470, id=,S02, PRDE,actvstrat=,0.773954, actvprof=,1.944386, id=,S07, PRDE,actvstrat=,-1.000000, actvprof=,0.000000, id=,S08, PRDE,actvstrat=,1.000000, actvprof=,0.000000, id=,S09, PRDE,actvstrat=,-1.000000, actvprof=,0.000000, best_B_id=,B08, best_B_prof=,6.388460, best_B_strat=,0.890077, best_S_id=,S01, best_S_prof=,4.773470, best_S_strat=,1.000000, 
t=,1094400, id=,B00, PRDE,actvstrat=,1.000000, actvprof=,0.000000, id=,B03, PRDE,actvstrat=,-0.025579, actvprof=,0.003753, id=,B05, PRDE,actvstrat=,-1.000000, actvprof=,1.419983, id=,B06, PRDE,actvstrat=,-0.402436, actvprof=,0.997992, id=,B08, PRDE,actvstrat=,0.890077, actvprof=,6.336968, id=,S01, PRDE,actvstrat=,1.000000, actvprof=,4.732259, id=,S02, PRDE,actvstrat=,0.773954, actvprof=,2.001960, id=,S07, PRDE,actvstrat=,-1.000000, actvprof=,0.000000, id=,S08, PRDE,actvstrat=,1.000000, actvprof=,0.000000, id=,S09, PRDE,actvstrat=,-1.000000, actvprof=,0.000000, best_B_id=,B08, best_B_prof=,6.336968, best_B_strat=,0.890077, best_S_id=,S01, best_S_prof=,4.732259, best_S_strat=,1.000000, 
t=,1098000, id=,B00, PRDE,actvstrat=,1.000000, actvprof=,0.000000, id=,B03, PRDE,actvstrat=,-0.025579, actvprof=,0.014467, id=,B05, PRDE,actvstrat=,-1.000000, actvprof=,1.155376, id=,B06, PRDE,actvstrat=,-1.000000, actvprof=,2.619001, id=,B08, PRDE,actvstrat=,1.000000, actvprof=,5.932953, id=,S01, PRDE,actvstrat=,1.000000, actvprof=,5.094450, id=,S02, PRDE,actvstrat=,1.000000, actvprof=,3.478092, id=,S07, PRDE,actvstrat=,-1.000000, actvprof=,0.000000, id=,S08, PRDE,actvstrat=,1.000000, actvprof=,0.000000, id=,S09, PRDE,actvstrat=,-1.000000, actvprof=,0.000000, best_B_id=,B08, best_B_prof=,5.932953, best_B_strat=,1.000000, best_S_id=,S01, best_S_prof=,5.094450, best_S_strat=,1.000000, 
t=,1101600, id=,B00, PRDE,actvstrat=,1.000000, actvprof=,0.000000, id=,B03, PRDE,actvstrat=,-0.025579, actvprof=,0.011120, id=,B05, PRDE,actvstrat=,-1.000000, actvprof=,1.165621, id=,B06, PRDE,actvstrat=,-1.000000, actvprof=,2.620631, id=,B08, PRDE,actvstrat=,1.000000, actvprof=,5.950420, id=,S01, PRDE,actvstrat=,1.000000, actvprof=,5.084614, id=,S02, PRDE,actvstrat=,1.000000, actvprof=,3.451688, id=,S07, PRDE,actvstrat=,-1.000000, actvprof=,0.000000, id=,S08, PRDE,actvstrat=,1.000000, actvprof=,0.000000, id=,S09, PRDE,actvstrat=,-1.000000, actvprof=,0.000000, best_B_id=,B08, best_B_prof=,5.950420, best_B_strat=,1.000000, best_S_id=,S01, best_S_prof=,5.084614, best_S_strat=,1.000000, 
t=,1105200, id=,B00, PRDE,actvstrat=,-1.000000, actvprof=,0.000000, id=,B03, PRDE,actvstrat=,-0.948843, actvprof=,0.007512, id=,B05, PRDE,actvstrat=,1.000000, actvprof=,0.339690, id=,B06, PRDE,actvstrat=,-1.000000, actvprof=,1.831991, id=,B08, PRDE,actvstrat=,1.000000, actvprof=,5.176035, id=,S01, PRDE,actvstrat=,1.000000, actvprof=,6.026235, id=,S02, PRDE,actvstrat=,0.321863, actvprof=,1.433877, id=,S07, PRDE,actvstrat=,-1.000000, actvprof=,0.000000, id=,S08, PRDE,actvstrat=,0.555075, actvprof=,0.000000, id=,S09, PRDE,actvstrat=,1.000000, actvprof=,0.000000, best_B_id=,B08, best_B_prof=,5.176035, best_B_strat=,1.000000, best_S_id=,S01, best_S_prof=,6.026235, best_S_strat=,1.000000, 
t=,1108800, id=,B00, PRDE,actvstrat=,-1.000000, actvprof=,0.000000, id=,B03, PRDE,actvstrat=,-0.948843, actvprof=,0.009591, id=,B05, PRDE,actvstrat=,1.000000, actvprof=,0.359441, id=,B06, PRDE,actvstrat=,-1.000000, actvprof=,1.845437, id=,B08, PRDE,actvstrat=,1.000000, actvprof=,5.188408, id=,S01, PRDE,actvstrat=,1.000000, actvprof=,5.928418, id=,S02, PRDE,actvstrat=,0.321863, actvprof=,1.568420, id=,S07, PRDE,actvstrat=,-1.000000, actvprof=,0.000000, id=,S08, PRDE,actvstrat=,0.555075, actvprof=,0.000000, id=,S09, PRDE,actvstrat=,1.000000, actvprof=,0.000000, best_B_id=,B08, best_B_prof=,5.188408, best_B_strat=,1.000000, best_S_id=,S01, best_S_prof=,5.928418, best_S_strat=,1.000000, 
t=,1112400, id=,B00, PRDE,actvstrat=,1.000000, actvprof=,0.000000, id=,B03, PRDE,actvstrat=,1.000000, actvprof=,0.008068, id=,B05, PRDE,actvstrat=,1.000000, actvprof=,0.920029, id=,B06, PRDE,actvstrat=,-1.000000, actvprof=,2.578141, id=,B08, PRDE,actvstrat=,0.890077, actvprof=,5.826482, id=,S01, PRDE,actvstrat=,-1.000000, actvprof=,4.917859, id=,S02, PRDE,actvstrat=,1.000000, actvprof=,3.549639, id=,S07, PRDE,actvstrat=,-1.000000, actvprof=,0.002226, id=,S08, PRDE,actvstrat=,1.000000, actvprof=,0.000000, id=,S09, PRDE,actvstrat=,-1.000000, actvprof=,0.000000, best_B_id=,B08, best_B_prof=,5.826482, best_B_strat=,0.890077, best_S_id=,S01, best_S_prof=,4.917859, best_S_strat=,-1.000000, 
t=,1116000, id=,B00, PRDE,actvstrat=,1.000000, actvprof=,0.000000, id=,B03, PRDE,actvstrat=,1.000000, actvprof=,0.007228, id=,B05, PRDE,actvstrat=,1.000000, actvprof=,0.971304, id=,B06, PRDE,actvstrat=,-1.000000, actvprof=,2.590886, id=,B08, PRDE,actvstrat=,0.890077, actvprof=,5.950003, id=,S01, PRDE,actvstrat=,-1.000000, actvprof=,4.959795, id=,S02, PRDE,actvstrat=,1.000000, actvprof=,3.513959, id=,S07, PRDE,actvstrat=,-1.000000, actvprof=,0.001112, id=,S08, PRDE,actvstrat=,1.000000, actvprof=,0.000000, id=,S09, PRDE,actvstrat=,-1.000000, actvprof=,0.000000, best_B_id=,B08, best_B_prof=,5.950003, best_B_strat=,0.890077, best_S_id=,S01, best_S_prof=,4.959795, best_S_strat=,-1.000000, 
t=,1119600, id=,B00, PRDE,actvstrat=,-1.000000, actvprof=,0.000000, id=,B03, PRDE,actvstrat=,-0.127893, actvprof=,0.001669, id=,B05, PRDE,actvstrat=,-1.000000, actvprof=,0.709695, id=,B06, PRDE,actvstrat=,-1.000000, actvprof=,2.148282, id=,B08, PRDE,actvstrat=,-1.000000, actvprof=,5.177632, id=,S01, PRDE,actvstrat=,-1.000000, actvprof=,5.075810, id=,S02, PRDE,actvstrat=,0.547908, actvprof=,1.837530, id=,S07, PRDE,actvstrat=,1.000000, actvprof=,0.000000, id=,S08, PRDE,actvstrat=,1.000000, actvprof=,0.000000, id=,S09, PRDE,actvstrat=,1.000000, actvprof=,0.000000, best_B_id=,B08, best_B_prof=,5.177632, best_B_strat=,-1.000000, best_S_id=,S01, best_S_prof=,5.075810, best_S_strat=,-1.000000, 
t=,1123200, id=,B00, PRDE,actvstrat=,-1.000000, actvprof=,0.000000, id=,B03, PRDE,actvstrat=,-0.127893, actvprof=,0.000834, id=,B05, PRDE,actvstrat=,-1.000000, actvprof=,0.640628, id=,B06, PRDE,actvstrat=,-1.000000, actvprof=,2.107026, id=,B08, PRDE,actvstrat=,-1.000000, actvprof=,5.151991, id=,S01, PRDE,actvstrat=,-1.000000, actvprof=,5.229411, id=,S02, PRDE,actvstrat=,0.547908, actvprof=,1.855028, id=,S07, PRDE,actvstrat=,1.000000, actvprof=,0.000000, id=,S08, PRDE,actvstrat=,1.000000, actvprof=,0.000000, id=,S09, PRDE,actvstrat=,1.000000, actvprof=,0.000000, best_B_id=,B08, best_B_prof=,5.151991, best_B_strat=,-1.000000, best_S_id=,S01, best_S_prof=,5.229411, best_S_strat=,-1.000000, 
t=,1126800, id=,B00, PRDE,actvstrat=,-1.000000, actvprof=,0.000000, id=,B03, PRDE,actvstrat=,1.000000, actvprof=,0.000278, id=,B05, PRDE,actvstrat=,-1.000000, actvprof=,1.087232, id=,B06, PRDE,actvstrat=,-1.000000, actvprof=,2.629053, id=,B08, PRDE,actvstrat=,-1.000000, actvprof=,5.750810, id=,S01, PRDE,actvstrat=,-1.000000, actvprof=,4.650503, id=,S02, PRDE,actvstrat=,1.000000, actvprof=,3.642004, id=,S07, PRDE,actvstrat=,1.000000, actvprof=,0.000000, id=,S08, PRDE,actvstrat=,1.000000, actvprof=,0.000000, id=,S09, PRDE,actvstrat=,1.000000, actvprof=,0.000000, best_B_id=,B08, best_B_prof=,5.750810, best_B_strat=,-1.000000, best_S_id=,S01, best_S_prof=,4.650503, best_S_strat=,-1.000000, 
t=,1130400, id=,B00, PRDE,actvstrat=,-1.000000, actvprof=,0.000000, id=,B03, PRDE,actvstrat=,1.000000, actvprof=,0.000556, id=,B05, PRDE,actvstrat=,-1.000000, actvprof=,1.098625, id=,B06, PRDE,actvstrat=,-1.000000, actvprof=,2.617851, id=,B08, PRDE,actvstrat=,-1.000000, actvprof=,5.692582, id=,S01, PRDE,actvstrat=,-1.000000, actvprof=,4.706406, id=,S02, PRDE,actvstrat=,1.000000, actvprof=,3.629186, id=,S07, PRDE,actvstrat=,1.000000, actvprof=,0.000000, id=,S08, PRDE,actvstrat=,1.000000, actvprof=,0.000000, id=,S09, PRDE,actvstrat=,1.000000, actvprof=,0.000000, best_B_id=,B08, best_B_prof=,5.692582, best_B_strat=,-1.000000, best_S_id=,S01, best_S_prof=,4.706406, best_S_strat=,-1.000000, 
t=,1134000, id=,B00, PRDE,actvstrat=,1.000000, actvprof=,0.000000, id=,B03, PRDE,actvstrat=,-0.025579, actvprof=,0.000556, id=,B05, PRDE,actvstrat=,1.000000, actvprof=,1.154001, id=,B06, PRDE,actvstrat=,-1.000000, actvprof=,2.701665, id=,B08, PRDE,actvstrat=,1.000000, actvprof=,6.071026, id=,S01, PRDE,actvstrat=,-1.000000, actvprof=,4.765959, id=,S02, PRDE,actvstrat=,1.000000, actvprof=,3.218573, id=,S07, PRDE,actvstrat=,1.000000, actvprof=,0.001947, id=,S08, PRDE,actvstrat=,1.000000, actvprof=,0.000000, id=,S09, PRDE,actvstrat=,1.000000, actvprof=,0.000000, best_B_id=,B08, best_B_prof=,6.071026, best_B_strat=,1.000000, best_S_id=,S01, best_S_prof=,4.765959, best_S_strat=,-1.000000, 
t=,1137600, id=,B00, PRDE,actvstrat=,1.000000, actvprof=,0.000000, id=,B03, PRDE,actvstrat=,-0.025579, actvprof=,0.001946, id=,B05, PRDE,actvstrat=,1.000000, actvprof=,1.173404, id=,B06, PRDE,actvstrat=,-1.000000, actvprof=,2.724878, id=,B08, PRDE,actvstrat=,1.000000, actvprof=,6.197555, id=,S01, PRDE,actvstrat=,-1.000000, actvprof=,4.709325, id=,S02, PRDE,actvstrat=,1.000000, actvprof=,3.241248, id=,S07, PRDE,actvstrat=,1.000000, actvprof=,0.002224, id=,S08, PRDE,actvstrat=,1.000000, actvprof=,0.000000, id=,S09, PRDE,actvstrat=,1.000000, actvprof=,0.000000, best_B_id=,B08, best_B_prof=,6.197555, best_B_strat=,1.000000, best_S_id=,S01, best_S_prof=,4.709325, best_S_strat=,-1.000000, 
t=,1141200, id=,B00, PRDE,actvstrat=,-1.000000, actvprof=,0.000000, id=,B03, PRDE,actvstrat=,-1.000000, actvprof=,0.006399, id=,B05, PRDE,actvstrat=,-1.000000, actvprof=,0.851869, id=,B06, PRDE,actvstrat=,-1.000000, actvprof=,2.354185, id=,B08, PRDE,actvstrat=,-1.000000, actvprof=,5.541877, id=,S01, PRDE,actvstrat=,1.000000, actvprof=,5.410285, id=,S02, PRDE,actvstrat=,1.000000, actvprof=,3.859839, id=,S07, PRDE,actvstrat=,-1.000000, actvprof=,0.000000, id=,S08, PRDE,actvstrat=,-1.000000, actvprof=,0.000000, id=,S09, PRDE,actvstrat=,1.000000, actvprof=,0.000000, best_B_id=,B08, best_B_prof=,5.541877, best_B_strat=,-1.000000, best_S_id=,S01, best_S_prof=,5.410285, best_S_strat=,1.000000, 
t=,1144800, id=,B00, PRDE,actvstrat=,-1.000000, actvprof=,0.000000, id=,B03, PRDE,actvstrat=,-1.000000, actvprof=,0.005143, id=,B05, PRDE,actvstrat=,-1.000000, actvprof=,0.874007, id=,B06, PRDE,actvstrat=,-1.000000, actvprof=,2.345280, id=,B08, PRDE,actvstrat=,-1.000000, actvprof=,5.495486, id=,S01, PRDE,actvstrat=,1.000000, actvprof=,5.437108, id=,S02, PRDE,actvstrat=,1.000000, actvprof=,3.822113, id=,S07, PRDE,actvstrat=,-1.000000, actvprof=,0.000000, id=,S08, PRDE,actvstrat=,-1.000000, actvprof=,0.000000, id=,S09, PRDE,actvstrat=,1.000000, actvprof=,0.000000, best_B_id=,B08, best_B_prof=,5.495486, best_B_strat=,-1.000000, best_S_id=,S01, best_S_prof=,5.437108, best_S_strat=,1.000000, 
t=,1148400, id=,B00, PRDE,actvstrat=,-0.912313, actvprof=,0.000000, id=,B03, PRDE,actvstrat=,-1.000000, actvprof=,0.002504, id=,B05, PRDE,actvstrat=,-1.000000, actvprof=,1.147881, id=,B06, PRDE,actvstrat=,-1.000000, actvprof=,2.570630, id=,B08, PRDE,actvstrat=,0.890077, actvprof=,6.070192, id=,S01, PRDE,actvstrat=,-1.000000, actvprof=,4.755109, id=,S02, PRDE,actvstrat=,1.000000, actvprof=,3.550752, id=,S07, PRDE,actvstrat=,-1.000000, actvprof=,0.000000, id=,S08, PRDE,actvstrat=,1.000000, actvprof=,0.000000, id=,S09, PRDE,actvstrat=,1.000000, actvprof=,0.000000, best_B_id=,B08, best_B_prof=,6.070192, best_B_strat=,0.890077, best_S_id=,S01, best_S_prof=,4.755109, best_S_strat=,-1.000000, 
t=,1152000, id=,B00, PRDE,actvstrat=,-0.912313, actvprof=,0.000000, id=,B03, PRDE,actvstrat=,-1.000000, actvprof=,0.003058, id=,B05, PRDE,actvstrat=,-1.000000, actvprof=,1.197173, id=,B06, PRDE,actvstrat=,-1.000000, actvprof=,2.631612, id=,B08, PRDE,actvstrat=,0.890077, actvprof=,6.054667, id=,S01, PRDE,actvstrat=,-1.000000, actvprof=,4.717942, id=,S02, PRDE,actvstrat=,1.000000, actvprof=,3.489217, id=,S07, PRDE,actvstrat=,-1.000000, actvprof=,0.000000, id=,S08, PRDE,actvstrat=,1.000000, actvprof=,0.000000, id=,S09, PRDE,actvstrat=,1.000000, actvprof=,0.000000, best_B_id=,B08, best_B_prof=,6.054667, best_B_strat=,0.890077, best_S_id=,S01, best_S_prof=,4.717942, best_S_strat=,-1.000000, 
t=,1155600, id=,B00, PRDE,actvstrat=,1.000000, actvprof=,0.000000, id=,B03, PRDE,actvstrat=,-1.000000, actvprof=,0.000835, id=,B05, PRDE,actvstrat=,1.000000, actvprof=,1.577710, id=,B06, PRDE,actvstrat=,-0.402436, actvprof=,1.114218, id=,B08, PRDE,actvstrat=,0.890077, actvprof=,6.521721, id=,S01, PRDE,actvstrat=,-1.000000, actvprof=,4.094368, id=,S02, PRDE,actvstrat=,0.773954, actvprof=,1.781636, id=,S07, PRDE,actvstrat=,1.000000, actvprof=,0.000000, id=,S08, PRDE,actvstrat=,1.000000, actvprof=,0.000000, id=,S09, PRDE,actvstrat=,-1.000000, actvprof=,0.000000, best_B_id=,B08, best_B_prof=,6.521721, best_B_strat=,0.890077, best_S_id=,S01, best_S_prof=,4.094368, best_S_strat=,-1.000000, 
t=,1159200, id=,B00, PRDE,actvstrat=,1.000000, actvprof=,0.000000, id=,B03, PRDE,actvstrat=,-1.000000, actvprof=,0.000556, id=,B05, PRDE,actvstrat=,1.000000, actvprof=,1.580107, id=,B06, PRDE,actvstrat=,-0.402436, actvprof=,1.179520, id=,B08, PRDE,actvstrat=,0.890077, actvprof=,6.544906, id=,S01, PRDE,actvstrat=,-1.000000, actvprof=,4.124429, id=,S02, PRDE,actvstrat=,0.773954, actvprof=,1.769280, id=,S07, PRDE,actvstrat=,1.000000, actvprof=,0.000000, id=,S08, PRDE,actvstrat=,1.000000, actvprof=,0.000000, id=,S09, PRDE,actvstrat=,-1.000000, actvprof=,0.000000, best_B_id=,B08, best_B_prof=,6.544906, best_B_strat=,0.890077, best_S_id=,S01, best_S_prof=,4.124429, best_S_strat=,-1.000000, 
t=,1162800, id=,B00, PRDE,actvstrat=,-1.000000, actvprof=,0.000000, id=,B03, PRDE,actvstrat=,1.000000, actvprof=,0.000000, id=,B05, PRDE,actvstrat=,-1.000000, actvprof=,0.508284, id=,B06, PRDE,actvstrat=,-1.000000, actvprof=,1.972485, id=,B08, PRDE,actvstrat=,-1.000000, actvprof=,4.947071, id=,S01, PRDE,actvstrat=,-1.000000, actvprof=,5.423639, id=,S02, PRDE,actvstrat=,0.095817, actvprof=,1.165130, id=,S07, PRDE,actvstrat=,-1.000000, actvprof=,0.000000, id=,S08, PRDE,actvstrat=,1.000000, actvprof=,0.000000, id=,S09, PRDE,actvstrat=,1.000000, actvprof=,0.000000, best_B_id=,B08, best_B_prof=,4.947071, best_B_strat=,-1.000000, best_S_id=,S01, best_S_prof=,5.423639, best_S_strat=,-1.000000, 
t=,1166400, id=,B00, PRDE,actvstrat=,-1.000000, actvprof=,0.000000, id=,B03, PRDE,actvstrat=,1.000000, actvprof=,0.000000, id=,B05, PRDE,actvstrat=,-1.000000, actvprof=,0.505668, id=,B06, PRDE,actvstrat=,-1.000000, actvprof=,1.965821, id=,B08, PRDE,actvstrat=,-1.000000, actvprof=,4.984398, id=,S01, PRDE,actvstrat=,-1.000000, actvprof=,5.475332, id=,S02, PRDE,actvstrat=,0.095817, actvprof=,1.195088, id=,S07, PRDE,actvstrat=,-1.000000, actvprof=,0.000000, id=,S08, PRDE,actvstrat=,1.000000, actvprof=,0.000000, id=,S09, PRDE,actvstrat=,1.000000, actvprof=,0.000000, best_B_id=,B08, best_B_prof=,4.984398, best_B_strat=,-1.000000, best_S_id=,S01, best_S_prof=,5.475332, best_S_strat=,-1.000000, 
t=,1170000, id=,B00, PRDE,actvstrat=,1.000000, actvprof=,0.000000, id=,B03, PRDE,actvstrat=,-1.000000, actvprof=,0.005842, id=,B05, PRDE,actvstrat=,1.000000, actvprof=,1.106984, id=,B06, PRDE,actvstrat=,-1.000000, actvprof=,2.638234, id=,B08, PRDE,actvstrat=,-1.000000, actvprof=,5.770841, id=,S01, PRDE,actvstrat=,-1.000000, actvprof=,4.725897, id=,S02, PRDE,actvstrat=,1.000000, actvprof=,3.499840, id=,S07, PRDE,actvstrat=,-1.000000, actvprof=,0.000000, id=,S08, PRDE,actvstrat=,1.000000, actvprof=,0.000000, id=,S09, PRDE,actvstrat=,1.000000, actvprof=,0.000000, best_B_id=,B08, best_B_prof=,5.770841, best_B_strat=,-1.000000, best_S_id=,S01, best_S_prof=,4.725897, best_S_strat=,-1.000000, 
t=,1173600, id=,B00, PRDE,actvstrat=,1.000000, actvprof=,0.000000, id=,B03, PRDE,actvstrat=,-1.000000, actvprof=,0.004587, id=,B05, PRDE,actvstrat=,1.000000, actvprof=,1.063737, id=,B06, PRDE,actvstrat=,-1.000000, actvprof=,2.646206, id=,B08, PRDE,actvstrat=,-1.000000, actvprof=,5.761941, id=,S01, PRDE,actvstrat=,-1.000000, actvprof=,4.780491, id=,S02, PRDE,actvstrat=,1.000000, actvprof=,3.538005, id=,S07, PRDE,actvstrat=,-1.000000, actvprof=,0.000000, id=,S08, PRDE,actvstrat=,1.000000, actvprof=,0.000000, id=,S09, PRDE,actvstrat=,1.000000, actvprof=,0.000000, best_B_id=,B08, best_B_prof=,5.761941, best_B_strat=,-1.000000, best_S_id=,S01, best_S_prof=,4.780491, best_S_strat=,-1.000000, 
t=,1177200, id=,B00, PRDE,actvstrat=,1.000000, actvprof=,0.000000, id=,B03, PRDE,actvstrat=,1.000000, actvprof=,0.002226, id=,B05, PRDE,actvstrat=,-1.000000, actvprof=,1.186830, id=,B06, PRDE,actvstrat=,-1.000000, actvprof=,2.666333, id=,B08, PRDE,actvstrat=,1.000000, actvprof=,6.050439, id=,S01, PRDE,actvstrat=,-1.000000, actvprof=,4.893655, id=,S02, PRDE,actvstrat=,1.000000, actvprof=,3.490937, id=,S07, PRDE,actvstrat=,-1.000000, actvprof=,0.000000, id=,S08, PRDE,actvstrat=,0.555075, actvprof=,0.000000, id=,S09, PRDE,actvstrat=,-1.000000, actvprof=,0.000000, best_B_id=,B08, best_B_prof=,6.050439, best_B_strat=,1.000000, best_S_id=,S01, best_S_prof=,4.893655, best_S_strat=,-1.000000, 
t=,1180800, id=,B00, PRDE,actvstrat=,1.000000, actvprof=,0.000000, id=,B03, PRDE,actvstrat=,1.000000, actvprof=,0.002502, id=,B05, PRDE,actvstrat=,-1.000000, actvprof=,1.241652, id=,B06, PRDE,actvstrat=,-1.000000, actvprof=,2.687210, id=,B08, PRDE,actvstrat=,1.000000, actvprof=,6.100536, id=,S01, PRDE,actvstrat=,-1.000000, actvprof=,4.838730, id=,S02, PRDE,actvstrat=,1.000000, actvprof=,3.449743, id=,S07, PRDE,actvstrat=,-1.000000, actvprof=,0.000000, id=,S08, PRDE,actvstrat=,0.555075, actvprof=,0.000000, id=,S09, PRDE,actvstrat=,-1.000000, actvprof=,0.000000, best_B_id=,B08, best_B_prof=,6.100536, best_B_strat=,1.000000, best_S_id=,S01, best_S_prof=,4.838730, best_S_strat=,-1.000000, 
t=,1184400, id=,B00, PRDE,actvstrat=,-1.000000, actvprof=,0.000000, id=,B03, PRDE,actvstrat=,-1.000000, actvprof=,0.001391, id=,B05, PRDE,actvstrat=,-1.000000, actvprof=,0.841853, id=,B06, PRDE,actvstrat=,-1.000000, actvprof=,2.225375, id=,B08, PRDE,actvstrat=,-1.000000, actvprof=,5.314582, id=,S01, PRDE,actvstrat=,-1.000000, actvprof=,5.118725, id=,S02, PRDE,actvstrat=,0.773954, actvprof=,2.633783, id=,S07, PRDE,actvstrat=,-1.000000, actvprof=,0.000000, id=,S08, PRDE,actvstrat=,0.555075, actvprof=,0.000000, id=,S09, PRDE,actvstrat=,1.000000, actvprof=,0.000000, best_B_id=,B08, best_B_prof=,5.314582, best_B_strat=,-1.000000, best_S_id=,S01, best_S_prof=,5.118725, best_S_strat=,-1.000000, 
t=,1188000, id=,B00, PRDE,actvstrat=,-1.000000, actvprof=,0.000000, id=,B03, PRDE,actvstrat=,-1.000000, actvprof=,0.000695, id=,B05, PRDE,actvstrat=,-1.000000, actvprof=,0.856355, id=,B06, PRDE,actvstrat=,-1.000000, actvprof=,2.313728, id=,B08, PRDE,actvstrat=,-1.000000, actvprof=,5.375394, id=,S01, PRDE,actvstrat=,-1.000000, actvprof=,5.109633, id=,S02, PRDE,actvstrat=,0.773954, actvprof=,2.630778, id=,S07, PRDE,actvstrat=,-1.000000, actvprof=,0.000000, id=,S08, PRDE,actvstrat=,0.555075, actvprof=,0.000000, id=,S09, PRDE,actvstrat=,1.000000, actvprof=,0.000000, best_B_id=,B08, best_B_prof=,5.375394, best_B_strat=,-1.000000, best_S_id=,S01, best_S_prof=,5.109633, best_S_strat=,-1.000000, 
t=,1191600, id=,B00, PRDE,actvstrat=,-0.912313, actvprof=,0.000000, id=,B03, PRDE,actvstrat=,1.000000, actvprof=,0.005286, id=,B05, PRDE,actvstrat=,1.000000, actvprof=,0.979009, id=,B06, PRDE,actvstrat=,-1.000000, actvprof=,2.543644, id=,B08, PRDE,actvstrat=,0.780154, actvprof=,5.813407, id=,S01, PRDE,actvstrat=,-1.000000, actvprof=,4.916747, id=,S02, PRDE,actvstrat=,1.000000, actvprof=,3.552978, id=,S07, PRDE,actvstrat=,-1.000000, actvprof=,0.002226, id=,S08, PRDE,actvstrat=,1.000000, actvprof=,0.000000, id=,S09, PRDE,actvstrat=,-1.000000, actvprof=,0.000000, best_B_id=,B08, best_B_prof=,5.813407, best_B_strat=,0.780154, best_S_id=,S01, best_S_prof=,4.916747, best_S_strat=,-1.000000, 
t=,1195200, id=,B00, PRDE,actvstrat=,-0.912313, actvprof=,0.000000, id=,B03, PRDE,actvstrat=,1.000000, actvprof=,0.006394, id=,B05, PRDE,actvstrat=,1.000000, actvprof=,1.004809, id=,B06, PRDE,actvstrat=,-1.000000, actvprof=,2.595213, id=,B08, PRDE,actvstrat=,0.780154, actvprof=,5.821889, id=,S01, PRDE,actvstrat=,-1.000000, actvprof=,4.860586, id=,S02, PRDE,actvstrat=,1.000000, actvprof=,3.502446, id=,S07, PRDE,actvstrat=,-1.000000, actvprof=,0.001112, id=,S08, PRDE,actvstrat=,1.000000, actvprof=,0.000000, id=,S09, PRDE,actvstrat=,-1.000000, actvprof=,0.000000, best_B_id=,B08, best_B_prof=,5.821889, best_B_strat=,0.780154, best_S_id=,S01, best_S_prof=,4.860586, best_S_strat=,-1.000000, 
t=,1198800, id=,B00, PRDE,actvstrat=,1.000000, actvprof=,0.000000, id=,B03, PRDE,actvstrat=,-1.000000, actvprof=,0.010572, id=,B05, PRDE,actvstrat=,-1.000000, actvprof=,0.929793, id=,B06, PRDE,actvstrat=,-1.000000, actvprof=,2.345904, id=,B08, PRDE,actvstrat=,0.780154, actvprof=,5.534241, id=,S01, PRDE,actvstrat=,1.000000, actvprof=,5.466357, id=,S02, PRDE,actvstrat=,1.000000, actvprof=,3.754225, id=,S07, PRDE,actvstrat=,-1.000000, actvprof=,0.000000, id=,S08, PRDE,actvstrat=,1.000000, actvprof=,0.000000, id=,S09, PRDE,actvstrat=,-1.000000, actvprof=,0.000000, best_B_id=,B08, best_B_prof=,5.534241, best_B_strat=,0.780154, best_S_id=,S01, best_S_prof=,5.466357, best_S_strat=,1.000000, 
t=,1202400, id=,B00, PRDE,actvstrat=,1.000000, actvprof=,0.000000, id=,B03, PRDE,actvstrat=,-1.000000, actvprof=,0.008896, id=,B05, PRDE,actvstrat=,-1.000000, actvprof=,0.961032, id=,B06, PRDE,actvstrat=,-1.000000, actvprof=,2.426626, id=,B08, PRDE,actvstrat=,0.780154, actvprof=,5.594251, id=,S01, PRDE,actvstrat=,1.000000, actvprof=,5.411052, id=,S02, PRDE,actvstrat=,1.000000, actvprof=,3.696929, id=,S07, PRDE,actvstrat=,-1.000000, actvprof=,0.000000, id=,S08, PRDE,actvstrat=,1.000000, actvprof=,0.000000, id=,S09, PRDE,actvstrat=,-1.000000, actvprof=,0.000000, best_B_id=,B08, best_B_prof=,5.594251, best_B_strat=,0.780154, best_S_id=,S01, best_S_prof=,5.411052, best_S_strat=,1.000000, 
t=,1206000, id=,B00, PRDE,actvstrat=,-1.000000, actvprof=,0.000000, id=,B03, PRDE,actvstrat=,1.000000, actvprof=,0.007790, id=,B05, PRDE,actvstrat=,1.000000, actvprof=,0.720297, id=,B06, PRDE,actvstrat=,-1.000000, actvprof=,2.411841, id=,B08, PRDE,actvstrat=,1.000000, actvprof=,5.710629, id=,S01, PRDE,actvstrat=,1.000000, actvprof=,5.325859, id=,S02, PRDE,actvstrat=,1.000000, actvprof=,3.699695, id=,S07, PRDE,actvstrat=,-1.000000, actvprof=,0.000000, id=,S08, PRDE,actvstrat=,1.000000, actvprof=,0.000000, id=,S09, PRDE,actvstrat=,-1.000000, actvprof=,0.000000, best_B_id=,B08, best_B_prof=,5.710629, best_B_strat=,1.000000, best_S_id=,S01, best_S_prof=,5.325859, best_S_strat=,1.000000, 
t=,1209600, id=,B00, PRDE,actvstrat=,-1.000000, actvprof=,0.000000, id=,B03, PRDE,actvstrat=,1.000000, actvprof=,0.007089, id=,B05, PRDE,actvstrat=,1.000000, actvprof=,0.735150, id=,B06, PRDE,actvstrat=,-1.000000, actvprof=,2.433821, id=,B08, PRDE,actvstrat=,1.000000, actvprof=,5.693416, id=,S01, PRDE,actvstrat=,1.000000, actvprof=,5.315208, id=,S02, PRDE,actvstrat=,1.000000, actvprof=,3.665742, id=,S07, PRDE,actvstrat=,-1.000000, actvprof=,0.000000, id=,S08, PRDE,actvstrat=,1.000000, actvprof=,0.000000, id=,S09, PRDE,actvstrat=,-1.000000, actvprof=,0.000000, best_B_id=,B08, best_B_prof=,5.693416, best_B_strat=,1.000000, best_S_id=,S01, best_S_prof=,5.315208, best_S_strat=,1.000000, 
t=,1213200, id=,B00, PRDE,actvstrat=,-0.912313, actvprof=,0.000000, id=,B03, PRDE,actvstrat=,1.000000, actvprof=,0.003617, id=,B05, PRDE,actvstrat=,-1.000000, actvprof=,1.260033, id=,B06, PRDE,actvstrat=,-1.000000, actvprof=,2.850863, id=,B08, PRDE,actvstrat=,1.000000, actvprof=,6.133237, id=,S01, PRDE,actvstrat=,-1.000000, actvprof=,4.812553, id=,S02, PRDE,actvstrat=,1.000000, actvprof=,3.409518, id=,S07, PRDE,actvstrat=,-1.000000, actvprof=,0.000000, id=,S08, PRDE,actvstrat=,1.000000, actvprof=,0.000000, id=,S09, PRDE,actvstrat=,-1.000000, actvprof=,0.000000, best_B_id=,B08, best_B_prof=,6.133237, best_B_strat=,1.000000, best_S_id=,S01, best_S_prof=,4.812553, best_S_strat=,-1.000000, 
t=,1216800, id=,B00, PRDE,actvstrat=,-0.912313, actvprof=,0.000000, id=,B03, PRDE,actvstrat=,1.000000, actvprof=,0.003197, id=,B05, PRDE,actvstrat=,-1.000000, actvprof=,1.274880, id=,B06, PRDE,actvstrat=,-1.000000, actvprof=,2.792867, id=,B08, PRDE,actvstrat=,1.000000, actvprof=,6.153536, id=,S01, PRDE,actvstrat=,-1.000000, actvprof=,4.845852, id=,S02, PRDE,actvstrat=,1.000000, actvprof=,3.432114, id=,S07, PRDE,actvstrat=,-1.000000, actvprof=,0.000000, id=,S08, PRDE,actvstrat=,1.000000, actvprof=,0.000000, id=,S09, PRDE,actvstrat=,-1.000000, actvprof=,0.000000, best_B_id=,B08, best_B_prof=,6.153536, best_B_strat=,1.000000, best_S_id=,S01, best_S_prof=,4.845852, best_S_strat=,-1.000000, 
t=,1220400, id=,B00, PRDE,actvstrat=,1.000000, actvprof=,0.000000, id=,B03, PRDE,actvstrat=,1.000000, actvprof=,0.000278, id=,B05, PRDE,actvstrat=,-1.000000, actvprof=,1.249165, id=,B06, PRDE,actvstrat=,1.000000, actvprof=,2.920654, id=,B08, PRDE,actvstrat=,0.890077, actvprof=,6.156799, id=,S01, PRDE,actvstrat=,-1.000000, actvprof=,4.728466, id=,S02, PRDE,actvstrat=,-1.000000, actvprof=,3.292622, id=,S07, PRDE,actvstrat=,-1.000000, actvprof=,0.000000, id=,S08, PRDE,actvstrat=,0.110151, actvprof=,0.000000, id=,S09, PRDE,actvstrat=,-1.000000, actvprof=,0.000000, best_B_id=,B08, best_B_prof=,6.156799, best_B_strat=,0.890077, best_S_id=,S01, best_S_prof=,4.728466, best_S_strat=,-1.000000, 
t=,1224000, id=,B00, PRDE,actvstrat=,1.000000, actvprof=,0.000000, id=,B03, PRDE,actvstrat=,1.000000, actvprof=,0.000834, id=,B05, PRDE,actvstrat=,-1.000000, actvprof=,1.309361, id=,B06, PRDE,actvstrat=,1.000000, actvprof=,2.943282, id=,B08, PRDE,actvstrat=,0.890077, actvprof=,6.199865, id=,S01, PRDE,actvstrat=,-1.000000, actvprof=,4.737885, id=,S02, PRDE,actvstrat=,-1.000000, actvprof=,3.236985, id=,S07, PRDE,actvstrat=,-1.000000, actvprof=,0.000000, id=,S08, PRDE,actvstrat=,0.110151, actvprof=,0.000000, id=,S09, PRDE,actvstrat=,-1.000000, actvprof=,0.000000, best_B_id=,B08, best_B_prof=,6.199865, best_B_strat=,0.890077, best_S_id=,S01, best_S_prof=,4.737885, best_S_strat=,-1.000000, 
t=,1227600, id=,B00, PRDE,actvstrat=,1.000000, actvprof=,0.000000, id=,B03, PRDE,actvstrat=,1.000000, actvprof=,0.003060, id=,B05, PRDE,actvstrat=,-1.000000, actvprof=,0.584528, id=,B06, PRDE,actvstrat=,-1.000000, actvprof=,1.941380, id=,B08, PRDE,actvstrat=,0.890077, actvprof=,5.389570, id=,S01, PRDE,actvstrat=,1.000000, actvprof=,5.971873, id=,S02, PRDE,actvstrat=,0.547908, actvprof=,1.888798, id=,S07, PRDE,actvstrat=,1.000000, actvprof=,0.001669, id=,S08, PRDE,actvstrat=,0.555075, actvprof=,0.000000, id=,S09, PRDE,actvstrat=,-1.000000, actvprof=,0.000000, best_B_id=,B08, best_B_prof=,5.389570, best_B_strat=,0.890077, best_S_id=,S01, best_S_prof=,5.971873, best_S_strat=,1.000000, 
t=,1231200, id=,B00, PRDE,actvstrat=,1.000000, actvprof=,0.000000, id=,B03, PRDE,actvstrat=,1.000000, actvprof=,0.002641, id=,B05, PRDE,actvstrat=,-1.000000, actvprof=,0.550710, id=,B06, PRDE,actvstrat=,-1.000000, actvprof=,1.926512, id=,B08, PRDE,actvstrat=,0.890077, actvprof=,5.300270, id=,S01, PRDE,actvstrat=,1.000000, actvprof=,5.987754, id=,S02, PRDE,actvstrat=,0.547908, actvprof=,1.922064, id=,S07, PRDE,actvstrat=,1.000000, actvprof=,0.002224, id=,S08, PRDE,actvstrat=,0.555075, actvprof=,0.000000, id=,S09, PRDE,actvstrat=,-1.000000, actvprof=,0.000000, best_B_id=,B08, best_B_prof=,5.300270, best_B_strat=,0.890077, best_S_id=,S01, best_S_prof=,5.987754, best_S_strat=,1.000000, 
t=,1234800, id=,B00, PRDE,actvstrat=,1.000000, actvprof=,0.000000, id=,B03, PRDE,actvstrat=,1.000000, actvprof=,0.000000, id=,B05, PRDE,actvstrat=,1.000000, actvprof=,0.350267, id=,B06, PRDE,actvstrat=,1.000000, actvprof=,1.805865, id=,B08, PRDE,actvstrat=,1.000000, actvprof=,5.045905, id=,S01, PRDE,actvstrat=,-1.000000, actvprof=,5.782884, id=,S02, PRDE,actvstrat=,-0.808366, actvprof=,0.107667, id=,S07, PRDE,actvstrat=,1.000000, actvprof=,0.015023, id=,S08, PRDE,actvstrat=,1.000000, actvprof=,0.000000, id=,S09, PRDE,actvstrat=,-1.000000, actvprof=,0.000000, best_B_id=,B08, best_B_prof=,5.045905, best_B_strat=,1.000000, best_S_id=,S01, best_S_prof=,5.782884, best_S_strat=,-1.000000, 
t=,1238400, id=,B00, PRDE,actvstrat=,1.000000, actvprof=,0.000000, id=,B03, PRDE,actvstrat=,1.000000, actvprof=,0.000000, id=,B05, PRDE,actvstrat=,1.000000, actvprof=,0.456330, id=,B06, PRDE,actvstrat=,1.000000, actvprof=,1.930404, id=,B08, PRDE,actvstrat=,1.000000, actvprof=,5.160438, id=,S01, PRDE,actvstrat=,-1.000000, actvprof=,5.568397, id=,S02, PRDE,actvstrat=,-0.808366, actvprof=,0.090488, id=,S07, PRDE,actvstrat=,1.000000, actvprof=,0.011537, id=,S08, PRDE,actvstrat=,1.000000, actvprof=,0.000000, id=,S09, PRDE,actvstrat=,-1.000000, actvprof=,0.000000, best_B_id=,B08, best_B_prof=,5.160438, best_B_strat=,1.000000, best_S_id=,S01, best_S_prof=,5.568397, best_S_strat=,-1.000000, 
t=,1242000, id=,B00, PRDE,actvstrat=,-1.000000, actvprof=,0.000000, id=,B03, PRDE,actvstrat=,-0.025579, actvprof=,0.006399, id=,B05, PRDE,actvstrat=,-1.000000, actvprof=,1.422232, id=,B06, PRDE,actvstrat=,-1.000000, actvprof=,2.883136, id=,B08, PRDE,actvstrat=,1.000000, actvprof=,6.269562, id=,S01, PRDE,actvstrat=,-1.000000, actvprof=,4.443641, id=,S02, PRDE,actvstrat=,1.000000, actvprof=,3.137980, id=,S07, PRDE,actvstrat=,1.000000, actvprof=,0.003060, id=,S08, PRDE,actvstrat=,0.555075, actvprof=,0.000000, id=,S09, PRDE,actvstrat=,-1.000000, actvprof=,0.000000, best_B_id=,B08, best_B_prof=,6.269562, best_B_strat=,1.000000, best_S_id=,S01, best_S_prof=,4.443641, best_S_strat=,-1.000000, 
t=,1245600, id=,B00, PRDE,actvstrat=,-1.000000, actvprof=,0.000000, id=,B03, PRDE,actvstrat=,-0.025579, actvprof=,0.006672, id=,B05, PRDE,actvstrat=,-1.000000, actvprof=,1.371632, id=,B06, PRDE,actvstrat=,-1.000000, actvprof=,2.803867, id=,B08, PRDE,actvstrat=,1.000000, actvprof=,6.251572, id=,S01, PRDE,actvstrat=,-1.000000, actvprof=,4.540507, id=,S02, PRDE,actvstrat=,1.000000, actvprof=,3.225309, id=,S07, PRDE,actvstrat=,1.000000, actvprof=,0.001529, id=,S08, PRDE,actvstrat=,0.555075, actvprof=,0.000000, id=,S09, PRDE,actvstrat=,-1.000000, actvprof=,0.000000, best_B_id=,B08, best_B_prof=,6.251572, best_B_strat=,1.000000, best_S_id=,S01, best_S_prof=,4.540507, best_S_strat=,-1.000000, 
t=,1249200, id=,B00, PRDE,actvstrat=,-1.000000, actvprof=,0.000000, id=,B03, PRDE,actvstrat=,1.000000, actvprof=,0.009181, id=,B05, PRDE,actvstrat=,-1.000000, actvprof=,1.196600, id=,B06, PRDE,actvstrat=,-1.000000, actvprof=,2.718711, id=,B08, PRDE,actvstrat=,0.890077, actvprof=,5.910665, id=,S01, PRDE,actvstrat=,-1.000000, actvprof=,4.709614, id=,S02, PRDE,actvstrat=,1.000000, actvprof=,3.432331, id=,S07, PRDE,actvstrat=,-1.000000, actvprof=,0.000000, id=,S08, PRDE,actvstrat=,-0.779698, actvprof=,0.000000, id=,S09, PRDE,actvstrat=,-1.000000, actvprof=,0.000000, best_B_id=,B08, best_B_prof=,5.910665, best_B_strat=,0.890077, best_S_id=,S01, best_S_prof=,4.709614, best_S_strat=,-1.000000, 
t=,1252800, id=,B00, PRDE,actvstrat=,-1.000000, actvprof=,0.000000, id=,B03, PRDE,actvstrat=,1.000000, actvprof=,0.008340, id=,B05, PRDE,actvstrat=,-1.000000, actvprof=,1.206085, id=,B06, PRDE,actvstrat=,-1.000000, actvprof=,2.739650, id=,B08, PRDE,actvstrat=,0.890077, actvprof=,6.009160, id=,S01, PRDE,actvstrat=,-1.000000, actvprof=,4.670888, id=,S02, PRDE,actvstrat=,1.000000, actvprof=,3.423659, id=,S07, PRDE,actvstrat=,-1.000000, actvprof=,0.000000, id=,S08, PRDE,actvstrat=,-0.779698, actvprof=,0.000000, id=,S09, PRDE,actvstrat=,-1.000000, actvprof=,0.000000, best_B_id=,B08, best_B_prof=,6.009160, best_B_strat=,0.890077, best_S_id=,S01, best_S_prof=,4.670888, best_S_strat=,-1.000000, 
t=,1256400, id=,B00, PRDE,actvstrat=,1.000000, actvprof=,0.000000, id=,B03, PRDE,actvstrat=,1.000000, actvprof=,0.000278, id=,B05, PRDE,actvstrat=,-1.000000, actvprof=,0.572843, id=,B06, PRDE,actvstrat=,-1.000000, actvprof=,2.011212, id=,B08, PRDE,actvstrat=,1.000000, actvprof=,5.453281, id=,S01, PRDE,actvstrat=,-1.000000, actvprof=,5.418226, id=,S02, PRDE,actvstrat=,0.095817, actvprof=,1.105624, id=,S07, PRDE,actvstrat=,-1.000000, actvprof=,0.000000, id=,S08, PRDE,actvstrat=,1.000000, actvprof=,0.000000, id=,S09, PRDE,actvstrat=,1.000000, actvprof=,0.000000, best_B_id=,B08, best_B_prof=,5.453281, best_B_strat=,1.000000, best_S_id=,S01, best_S_prof=,5.418226, best_S_strat=,-1.000000, 
t=,1260000, id=,B00, PRDE,actvstrat=,1.000000, actvprof=,0.000000, id=,B03, PRDE,actvstrat=,1.000000, actvprof=,0.000139, id=,B05, PRDE,actvstrat=,-1.000000, actvprof=,0.601305, id=,B06, PRDE,actvstrat=,-1.000000, actvprof=,2.067039, id=,B08, PRDE,actvstrat=,1.000000, actvprof=,5.446079, id=,S01, PRDE,actvstrat=,-1.000000, actvprof=,5.417585, id=,S02, PRDE,actvstrat=,0.095817, actvprof=,1.141868, id=,S07, PRDE,actvstrat=,-1.000000, actvprof=,0.001112, id=,S08, PRDE,actvstrat=,1.000000, actvprof=,0.000000, id=,S09, PRDE,actvstrat=,1.000000, actvprof=,0.000000, best_B_id=,B08, best_B_prof=,5.446079, best_B_strat=,1.000000, best_S_id=,S01, best_S_prof=,5.417585, best_S_strat=,-1.000000, 
t=,1263600, id=,B00, PRDE,actvstrat=,1.000000, actvprof=,0.000000, id=,B03, PRDE,actvstrat=,-1.000000, actvprof=,0.000835, id=,B05, PRDE,actvstrat=,-1.000000, actvprof=,0.692754, id=,B06, PRDE,actvstrat=,1.000000, actvprof=,2.013994, id=,B08, PRDE,actvstrat=,1.000000, actvprof=,5.415165, id=,S01, PRDE,actvstrat=,1.000000, actvprof=,5.666115, id=,S02, PRDE,actvstrat=,0.547908, actvprof=,1.843727, id=,S07, PRDE,actvstrat=,1.000000, actvprof=,0.007234, id=,S08, PRDE,actvstrat=,-0.779698, actvprof=,0.000000, id=,S09, PRDE,actvstrat=,-1.000000, actvprof=,0.000000, best_B_id=,B08, best_B_prof=,5.415165, best_B_strat=,1.000000, best_S_id=,S01, best_S_prof=,5.666115, best_S_strat=,1.000000, 
t=,1267200, id=,B00, PRDE,actvstrat=,1.000000, actvprof=,0.000000, id=,B03, PRDE,actvstrat=,-1.000000, actvprof=,0.005421, id=,B05, PRDE,actvstrat=,-1.000000, actvprof=,0.677606, id=,B06, PRDE,actvstrat=,1.000000, actvprof=,2.011690, id=,B08, PRDE,actvstrat=,1.000000, actvprof=,5.405973, id=,S01, PRDE,actvstrat=,1.000000, actvprof=,5.722884, id=,S02, PRDE,actvstrat=,0.547908, actvprof=,1.842253, id=,S07, PRDE,actvstrat=,1.000000, actvprof=,0.005004, id=,S08, PRDE,actvstrat=,-0.779698, actvprof=,0.000000, id=,S09, PRDE,actvstrat=,-1.000000, actvprof=,0.000000, best_B_id=,B08, best_B_prof=,5.405973, best_B_strat=,1.000000, best_S_id=,S01, best_S_prof=,5.722884, best_S_strat=,1.000000, 
t=,1270800, id=,B00, PRDE,actvstrat=,-1.000000, actvprof=,0.000000, id=,B03, PRDE,actvstrat=,-1.000000, actvprof=,0.002504, id=,B05, PRDE,actvstrat=,1.000000, actvprof=,0.418991, id=,B06, PRDE,actvstrat=,0.698558, actvprof=,1.629224, id=,B08, PRDE,actvstrat=,0.890077, actvprof=,5.194820, id=,S01, PRDE,actvstrat=,1.000000, actvprof=,5.661663, id=,S02, PRDE,actvstrat=,0.547908, actvprof=,1.838719, id=,S07, PRDE,actvstrat=,1.000000, actvprof=,0.001113, id=,S08, PRDE,actvstrat=,-0.779698, actvprof=,0.000000, id=,S09, PRDE,actvstrat=,-1.000000, actvprof=,0.000000, best_B_id=,B08, best_B_prof=,5.194820, best_B_strat=,0.890077, best_S_id=,S01, best_S_prof=,5.661663, best_S_strat=,1.000000, 
t=,1274400, id=,B00, PRDE,actvstrat=,-1.000000, actvprof=,0.000000, id=,B03, PRDE,actvstrat=,-1.000000, actvprof=,0.005560, id=,B05, PRDE,actvstrat=,1.000000, actvprof=,0.429921, id=,B06, PRDE,actvstrat=,0.698558, actvprof=,1.640871, id=,B08, PRDE,actvstrat=,0.890077, actvprof=,5.245505, id=,S01, PRDE,actvstrat=,1.000000, actvprof=,5.617881, id=,S02, PRDE,actvstrat=,0.547908, actvprof=,1.891762, id=,S07, PRDE,actvstrat=,1.000000, actvprof=,0.002085, id=,S08, PRDE,actvstrat=,-0.779698, actvprof=,0.000000, id=,S09, PRDE,actvstrat=,-1.000000, actvprof=,0.000000, best_B_id=,B08, best_B_prof=,5.245505, best_B_strat=,0.890077, best_S_id=,S01, best_S_prof=,5.617881, best_S_strat=,1.000000, 
t=,1278000, id=,B00, PRDE,actvstrat=,1.000000, actvprof=,0.000000, id=,B03, PRDE,actvstrat=,-0.948843, actvprof=,0.000000, id=,B05, PRDE,actvstrat=,1.000000, actvprof=,1.335151, id=,B06, PRDE,actvstrat=,1.000000, actvprof=,2.883136, id=,B08, PRDE,actvstrat=,0.670231, actvprof=,6.108754, id=,S01, PRDE,actvstrat=,-1.000000, actvprof=,4.531000, id=,S02, PRDE,actvstrat=,-1.000000, actvprof=,3.025860, id=,S07, PRDE,actvstrat=,1.000000, actvprof=,0.000835, id=,S08, PRDE,actvstrat=,0.110151, actvprof=,0.000000, id=,S09, PRDE,actvstrat=,1.000000, actvprof=,0.000000, best_B_id=,B08, best_B_prof=,6.108754, best_B_strat=,0.670231, best_S_id=,S01, best_S_prof=,4.531000, best_S_strat=,-1.000000, 
t=,1281600, id=,B00, PRDE,actvstrat=,1.000000, actvprof=,0.000000, id=,B03, PRDE,actvstrat=,-0.948843, actvprof=,0.000000, id=,B05, PRDE,actvstrat=,1.000000, actvprof=,1.455309, id=,B06, PRDE,actvstrat=,1.000000, actvprof=,3.027515, id=,B08, PRDE,actvstrat=,0.670231, actvprof=,6.117578, id=,S01, PRDE,actvstrat=,-1.000000, actvprof=,4.412351, id=,S02, PRDE,actvstrat=,-1.000000, actvprof=,2.882123, id=,S07, PRDE,actvstrat=,1.000000, actvprof=,0.001251, id=,S08, PRDE,actvstrat=,0.110151, actvprof=,0.000000, id=,S09, PRDE,actvstrat=,1.000000, actvprof=,0.000000, best_B_id=,B08, best_B_prof=,6.117578, best_B_strat=,0.670231, best_S_id=,S01, best_S_prof=,4.412351, best_S_strat=,-1.000000, 
t=,1285200, id=,B00, PRDE,actvstrat=,1.000000, actvprof=,0.000000, id=,B03, PRDE,actvstrat=,-0.025579, actvprof=,0.007512, id=,B05, PRDE,actvstrat=,-1.000000, actvprof=,1.328474, id=,B06, PRDE,actvstrat=,1.000000, actvprof=,2.803010, id=,B08, PRDE,actvstrat=,0.890077, actvprof=,6.260937, id=,S01, PRDE,actvstrat=,-1.000000, actvprof=,4.741330, id=,S02, PRDE,actvstrat=,1.000000, actvprof=,3.213933, id=,S07, PRDE,actvstrat=,-1.000000, actvprof=,0.000000, id=,S08, PRDE,actvstrat=,1.000000, actvprof=,0.000000, id=,S09, PRDE,actvstrat=,-1.000000, actvprof=,0.000000, best_B_id=,B08, best_B_prof=,6.260937, best_B_strat=,0.890077, best_S_id=,S01, best_S_prof=,4.741330, best_S_strat=,-1.000000, 
t=,1288800, id=,B00, PRDE,actvstrat=,1.000000, actvprof=,0.000000, id=,B03, PRDE,actvstrat=,-0.025579, actvprof=,0.006116, id=,B05, PRDE,actvstrat=,-1.000000, actvprof=,1.354535, id=,B06, PRDE,actvstrat=,1.000000, actvprof=,2.811234, id=,B08, PRDE,actvstrat=,0.890077, actvprof=,6.218491, id=,S01, PRDE,actvstrat=,-1.000000, actvprof=,4.696880, id=,S02, PRDE,actvstrat=,1.000000, actvprof=,3.222251, id=,S07, PRDE,actvstrat=,-1.000000, actvprof=,0.000000, id=,S08, PRDE,actvstrat=,1.000000, actvprof=,0.000000, id=,S09, PRDE,actvstrat=,-1.000000, actvprof=,0.000000, best_B_id=,B08, best_B_prof=,6.218491, best_B_strat=,0.890077, best_S_id=,S01, best_S_prof=,4.696880, best_S_strat=,-1.000000, 
t=,1292400, id=,B00, PRDE,actvstrat=,1.000000, actvprof=,0.000000, id=,B03, PRDE,actvstrat=,1.000000, actvprof=,0.002226, id=,B05, PRDE,actvstrat=,1.000000, actvprof=,0.462392, id=,B06, PRDE,actvstrat=,-1.000000, actvprof=,1.938876, id=,B08, PRDE,actvstrat=,0.890077, actvprof=,5.374546, id=,S01, PRDE,actvstrat=,1.000000, actvprof=,5.849180, id=,S02, PRDE,actvstrat=,0.547908, actvprof=,1.845674, id=,S07, PRDE,actvstrat=,1.000000, actvprof=,0.002504, id=,S08, PRDE,actvstrat=,1.000000, actvprof=,0.000000, id=,S09, PRDE,actvstrat=,1.000000, actvprof=,0.000000, best_B_id=,B08, best_B_prof=,5.374546, best_B_strat=,0.890077, best_S_id=,S01, best_S_prof=,5.849180, best_S_strat=,1.000000, 
t=,1296000, id=,B00, PRDE,actvstrat=,1.000000, actvprof=,0.000000, id=,B03, PRDE,actvstrat=,1.000000, actvprof=,0.002780, id=,B05, PRDE,actvstrat=,1.000000, actvprof=,0.461189, id=,B06, PRDE,actvstrat=,-1.000000, actvprof=,1.950948, id=,B08, PRDE,actvstrat=,0.890077, actvprof=,5.351625, id=,S01, PRDE,actvstrat=,1.000000, actvprof=,5.889957, id=,S02, PRDE,actvstrat=,0.547908, actvprof=,1.886593, id=,S07, PRDE,actvstrat=,1.000000, actvprof=,0.001251, id=,S08, PRDE,actvstrat=,1.000000, actvprof=,0.000000, id=,S09, PRDE,actvstrat=,1.000000, actvprof=,0.000000, best_B_id=,B08, best_B_prof=,5.351625, best_B_strat=,0.890077, best_S_id=,S01, best_S_prof=,5.889957, best_S_strat=,1.000000, 
t=,1299600, id=,B00, PRDE,actvstrat=,-0.912313, actvprof=,0.000000, id=,B03, PRDE,actvstrat=,1.000000, actvprof=,0.005842, id=,B05, PRDE,actvstrat=,1.000000, actvprof=,1.125593, id=,B06, PRDE,actvstrat=,1.000000, actvprof=,2.664868, id=,B08, PRDE,actvstrat=,1.000000, actvprof=,6.138460, id=,S01, PRDE,actvstrat=,-1.000000, actvprof=,4.740510, id=,S02, PRDE,actvstrat=,1.000000, actvprof=,3.102196, id=,S07, PRDE,actvstrat=,-1.000000, actvprof=,0.000000, id=,S08, PRDE,actvstrat=,0.110151, actvprof=,0.000000, id=,S09, PRDE,actvstrat=,1.000000, actvprof=,0.000000, best_B_id=,B08, best_B_prof=,6.138460, best_B_strat=,1.000000, best_S_id=,S01, best_S_prof=,4.740510, best_S_strat=,-1.000000, 
t=,1303200, id=,B00, PRDE,actvstrat=,-0.912313, actvprof=,0.000000, id=,B03, PRDE,actvstrat=,1.000000, actvprof=,0.005004, id=,B05, PRDE,actvstrat=,1.000000, actvprof=,1.188294, id=,B06, PRDE,actvstrat=,1.000000, actvprof=,2.767310, id=,B08, PRDE,actvstrat=,1.000000, actvprof=,6.150799, id=,S01, PRDE,actvstrat=,-1.000000, actvprof=,4.618346, id=,S02, PRDE,actvstrat=,1.000000, actvprof=,3.031685, id=,S07, PRDE,actvstrat=,-1.000000, actvprof=,0.000000, id=,S08, PRDE,actvstrat=,0.110151, actvprof=,0.000000, id=,S09, PRDE,actvstrat=,1.000000, actvprof=,0.000000, best_B_id=,B08, best_B_prof=,6.150799, best_B_strat=,1.000000, best_S_id=,S01, best_S_prof=,4.618346, best_S_strat=,-1.000000, 
t=,1306800, id=,B00, PRDE,actvstrat=,1.000000, actvprof=,0.000000, id=,B03, PRDE,actvstrat=,1.000000, actvprof=,0.000835, id=,B05, PRDE,actvstrat=,1.000000, actvprof=,0.542518, id=,B06, PRDE,actvstrat=,-1.000000, actvprof=,1.929695, id=,B08, PRDE,actvstrat=,0.450385, actvprof=,4.668716, id=,S01, PRDE,actvstrat=,-1.000000, actvprof=,5.616036, id=,S02, PRDE,actvstrat=,-0.095817, actvprof=,0.432067, id=,S07, PRDE,actvstrat=,1.000000, actvprof=,0.000000, id=,S08, PRDE,actvstrat=,1.000000, actvprof=,0.000000, id=,S09, PRDE,actvstrat=,1.000000, actvprof=,0.000000, best_B_id=,B08, best_B_prof=,4.668716, best_B_strat=,0.450385, best_S_id=,S01, best_S_prof=,5.616036, best_S_strat=,-1.000000, 
t=,1310400, id=,B00, PRDE,actvstrat=,1.000000, actvprof=,0.000000, id=,B03, PRDE,actvstrat=,1.000000, actvprof=,0.000417, id=,B05, PRDE,actvstrat=,1.000000, actvprof=,0.511235, id=,B06, PRDE,actvstrat=,-1.000000, actvprof=,1.945554, id=,B08, PRDE,actvstrat=,0.450385, actvprof=,4.647258, id=,S01, PRDE,actvstrat=,-1.000000, actvprof=,5.646653, id=,S02, PRDE,actvstrat=,-0.095817, actvprof=,0.445210, id=,S07, PRDE,actvstrat=,1.000000, actvprof=,0.000000, id=,S08, PRDE,actvstrat=,1.000000, actvprof=,0.000000, id=,S09, PRDE,actvstrat=,1.000000, actvprof=,0.000000, best_B_id=,B08, best_B_prof=,4.647258, best_B_strat=,0.450385, best_S_id=,S01, best_S_prof=,5.646653, best_S_strat=,-1.000000, 
t=,1314000, id=,B00, PRDE,actvstrat=,1.000000, actvprof=,0.000000, id=,B03, PRDE,actvstrat=,-1.000000, actvprof=,0.007790, id=,B05, PRDE,actvstrat=,1.000000, actvprof=,1.201608, id=,B06, PRDE,actvstrat=,-1.000000, actvprof=,2.742360, id=,B08, PRDE,actvstrat=,1.000000, actvprof=,6.224769, id=,S01, PRDE,actvstrat=,-1.000000, actvprof=,4.669551, id=,S02, PRDE,actvstrat=,1.000000, actvprof=,3.315481, id=,S07, PRDE,actvstrat=,1.000000, actvprof=,0.003617, id=,S08, PRDE,actvstrat=,-0.779698, actvprof=,0.000000, id=,S09, PRDE,actvstrat=,-1.000000, actvprof=,0.000000, best_B_id=,B08, best_B_prof=,6.224769, best_B_strat=,1.000000, best_S_id=,S01, best_S_prof=,4.669551, best_S_strat=,-1.000000, 
t=,1317600, id=,B00, PRDE,actvstrat=,1.000000, actvprof=,0.000000, id=,B03, PRDE,actvstrat=,-1.000000, actvprof=,0.009174, id=,B05, PRDE,actvstrat=,1.000000, actvprof=,1.092787, id=,B06, PRDE,actvstrat=,-1.000000, actvprof=,2.635226, id=,B08, PRDE,actvstrat=,1.000000, actvprof=,6.116520, id=,S01, PRDE,actvstrat=,-1.000000, actvprof=,4.853602, id=,S02, PRDE,actvstrat=,1.000000, actvprof=,3.404152, id=,S07, PRDE,actvstrat=,1.000000, actvprof=,0.001807, id=,S08, PRDE,actvstrat=,-0.779698, actvprof=,0.000000, id=,S09, PRDE,actvstrat=,-1.000000, actvprof=,0.000000, best_B_id=,B08, best_B_prof=,6.116520, best_B_strat=,1.000000, best_S_id=,S01, best_S_prof=,4.853602, best_S_strat=,-1.000000, 
t=,1321200, id=,B00, PRDE,actvstrat=,-1.000000, actvprof=,0.000000, id=,B03, PRDE,actvstrat=,-1.000000, actvprof=,0.000000, id=,B05, PRDE,actvstrat=,-1.000000, actvprof=,1.220788, id=,B06, PRDE,actvstrat=,-1.000000, actvprof=,2.748442, id=,B08, PRDE,actvstrat=,1.000000, actvprof=,6.176831, id=,S01, PRDE,actvstrat=,1.000000, actvprof=,5.081237, id=,S02, PRDE,actvstrat=,-1.000000, actvprof=,3.272034, id=,S07, PRDE,actvstrat=,-1.000000, actvprof=,0.002226, id=,S08, PRDE,actvstrat=,1.000000, actvprof=,0.000000, id=,S09, PRDE,actvstrat=,1.000000, actvprof=,0.000000, best_B_id=,B08, best_B_prof=,6.176831, best_B_strat=,1.000000, best_S_id=,S01, best_S_prof=,5.081237, best_S_strat=,1.000000, 
t=,1324800, id=,B00, PRDE,actvstrat=,-1.000000, actvprof=,0.000000, id=,B03, PRDE,actvstrat=,-1.000000, actvprof=,0.000834, id=,B05, PRDE,actvstrat=,-1.000000, actvprof=,1.219985, id=,B06, PRDE,actvstrat=,-1.000000, actvprof=,2.742152, id=,B08, PRDE,actvstrat=,1.000000, actvprof=,6.170259, id=,S01, PRDE,actvstrat=,1.000000, actvprof=,5.146539, id=,S02, PRDE,actvstrat=,-1.000000, actvprof=,3.318298, id=,S07, PRDE,actvstrat=,-1.000000, actvprof=,0.001112, id=,S08, PRDE,actvstrat=,1.000000, actvprof=,0.000000, id=,S09, PRDE,actvstrat=,1.000000, actvprof=,0.000000, best_B_id=,B08, best_B_prof=,6.170259, best_B_strat=,1.000000, best_S_id=,S01, best_S_prof=,5.146539, best_S_strat=,1.000000, 
t=,1328400, id=,B00, PRDE,actvstrat=,1.000000, actvprof=,0.000000, id=,B03, PRDE,actvstrat=,1.000000, actvprof=,0.000000, id=,B05, PRDE,actvstrat=,-1.000000, actvprof=,1.138732, id=,B06, PRDE,actvstrat=,-1.000000, actvprof=,2.671971, id=,B08, PRDE,actvstrat=,1.000000, actvprof=,6.065909, id=,S01, PRDE,actvstrat=,-1.000000, actvprof=,4.773325, id=,S02, PRDE,actvstrat=,-1.000000, actvprof=,3.267350, id=,S07, PRDE,actvstrat=,1.000000, actvprof=,0.002504, id=,S08, PRDE,actvstrat=,1.000000, actvprof=,0.000000, id=,S09, PRDE,actvstrat=,1.000000, actvprof=,0.000000, best_B_id=,B08, best_B_prof=,6.065909, best_B_strat=,1.000000, best_S_id=,S01, best_S_prof=,4.773325, best_S_strat=,-1.000000, 
t=,1332000, id=,B00, PRDE,actvstrat=,1.000000, actvprof=,0.000000, id=,B03, PRDE,actvstrat=,1.000000, actvprof=,0.000000, id=,B05, PRDE,actvstrat=,-1.000000, actvprof=,1.186609, id=,B06, PRDE,actvstrat=,-1.000000, actvprof=,2.721125, id=,B08, PRDE,actvstrat=,1.000000, actvprof=,6.179208, id=,S01, PRDE,actvstrat=,-1.000000, actvprof=,4.690977, id=,S02, PRDE,actvstrat=,-1.000000, actvprof=,3.233326, id=,S07, PRDE,actvstrat=,1.000000, actvprof=,0.001946, id=,S08, PRDE,actvstrat=,1.000000, actvprof=,0.000000, id=,S09, PRDE,actvstrat=,1.000000, actvprof=,0.000000, best_B_id=,B08, best_B_prof=,6.179208, best_B_strat=,1.000000, best_S_id=,S01, best_S_prof=,4.690977, best_S_strat=,-1.000000, 
t=,1335600, id=,B00, PRDE,actvstrat=,-1.000000, actvprof=,0.000000, id=,B03, PRDE,actvstrat=,-0.846529, actvprof=,0.021423, id=,B05, PRDE,actvstrat=,1.000000, actvprof=,0.913934, id=,B06, PRDE,actvstrat=,1.000000, actvprof=,2.279133, id=,B08, PRDE,actvstrat=,0.010693, actvprof=,4.445588, id=,S01, PRDE,actvstrat=,1.000000, actvprof=,4.749677, id=,S02, PRDE,actvstrat=,1.000000, actvprof=,3.040049, id=,S07, PRDE,actvstrat=,-1.000000, actvprof=,0.002504, id=,S08, PRDE,actvstrat=,1.000000, actvprof=,0.000000, id=,S09, PRDE,actvstrat=,1.000000, actvprof=,0.000000, best_B_id=,B08, best_B_prof=,4.445588, best_B_strat=,0.010693, best_S_id=,S01, best_S_prof=,4.749677, best_S_strat=,1.000000, 
t=,1339200, id=,B00, PRDE,actvstrat=,-1.000000, actvprof=,0.000000, id=,B03, PRDE,actvstrat=,-0.846529, actvprof=,0.025715, id=,B05, PRDE,actvstrat=,1.000000, actvprof=,0.927950, id=,B06, PRDE,actvstrat=,1.000000, actvprof=,2.276092, id=,B08, PRDE,actvstrat=,0.010693, actvprof=,4.410266, id=,S01, PRDE,actvstrat=,1.000000, actvprof=,4.659212, id=,S02, PRDE,actvstrat=,1.000000, actvprof=,3.069214, id=,S07, PRDE,actvstrat=,-1.000000, actvprof=,0.001251, id=,S08, PRDE,actvstrat=,1.000000, actvprof=,0.000000, id=,S09, PRDE,actvstrat=,1.000000, actvprof=,0.000000, best_B_id=,B08, best_B_prof=,4.410266, best_B_strat=,0.010693, best_S_id=,S01, best_S_prof=,4.659212, best_S_strat=,1.000000, 
t=,1342800, id=,B00, PRDE,actvstrat=,1.000000, actvprof=,0.000000, id=,B03, PRDE,actvstrat=,1.000000, actvprof=,0.000000, id=,B05, PRDE,actvstrat=,1.000000, actvprof=,1.383541, id=,B06, PRDE,actvstrat=,1.000000, actvprof=,2.959882, id=,B08, PRDE,actvstrat=,1.000000, actvprof=,6.381872, id=,S01, PRDE,actvstrat=,-1.000000, actvprof=,4.490040, id=,S02, PRDE,actvstrat=,-1.000000, actvprof=,2.934008, id=,S07, PRDE,actvstrat=,-1.000000, actvprof=,0.000000, id=,S08, PRDE,actvstrat=,1.000000, actvprof=,0.000000, id=,S09, PRDE,actvstrat=,1.000000, actvprof=,0.000000, best_B_id=,B08, best_B_prof=,6.381872, best_B_strat=,1.000000, best_S_id=,S01, best_S_prof=,4.490040, best_S_strat=,-1.000000, 
t=,1346400, id=,B00, PRDE,actvstrat=,1.000000, actvprof=,0.000000, id=,B03, PRDE,actvstrat=,1.000000, actvprof=,0.000000, id=,B05, PRDE,actvstrat=,1.000000, actvprof=,1.405686, id=,B06, PRDE,actvstrat=,1.000000, actvprof=,2.996101, id=,B08, PRDE,actvstrat=,1.000000, actvprof=,6.394879, id=,S01, PRDE,actvstrat=,-1.000000, actvprof=,4.448491, id=,S02, PRDE,actvstrat=,-1.000000, actvprof=,2.913675, id=,S07, PRDE,actvstrat=,-1.000000, actvprof=,0.000000, id=,S08, PRDE,actvstrat=,1.000000, actvprof=,0.000000, id=,S09, PRDE,actvstrat=,1.000000, actvprof=,0.000000, best_B_id=,B08, best_B_prof=,6.394879, best_B_strat=,1.000000, best_S_id=,S01, best_S_prof=,4.448491, best_S_strat=,-1.000000, 
t=,1350000, id=,B00, PRDE,actvstrat=,-0.912313, actvprof=,0.000000, id=,B03, PRDE,actvstrat=,1.000000, actvprof=,0.000000, id=,B05, PRDE,actvstrat=,-1.000000, actvprof=,1.266432, id=,B06, PRDE,actvstrat=,1.000000, actvprof=,2.858653, id=,B08, PRDE,actvstrat=,1.000000, actvprof=,6.128229, id=,S01, PRDE,actvstrat=,-1.000000, actvprof=,4.686244, id=,S02, PRDE,actvstrat=,-1.000000, actvprof=,3.195293, id=,S07, PRDE,actvstrat=,-1.000000, actvprof=,0.001113, id=,S08, PRDE,actvstrat=,1.000000, actvprof=,0.000000, id=,S09, PRDE,actvstrat=,-1.000000, actvprof=,0.000000, best_B_id=,B08, best_B_prof=,6.128229, best_B_strat=,1.000000, best_S_id=,S01, best_S_prof=,4.686244, best_S_strat=,-1.000000, 
t=,1353600, id=,B00, PRDE,actvstrat=,-0.912313, actvprof=,0.000000, id=,B03, PRDE,actvstrat=,1.000000, actvprof=,0.000000, id=,B05, PRDE,actvstrat=,-1.000000, actvprof=,1.300178, id=,B06, PRDE,actvstrat=,1.000000, actvprof=,2.883910, id=,B08, PRDE,actvstrat=,1.000000, actvprof=,6.213444, id=,S01, PRDE,actvstrat=,-1.000000, actvprof=,4.690037, id=,S02, PRDE,actvstrat=,-1.000000, actvprof=,3.197765, id=,S07, PRDE,actvstrat=,-1.000000, actvprof=,0.000556, id=,S08, PRDE,actvstrat=,1.000000, actvprof=,0.000000, id=,S09, PRDE,actvstrat=,-1.000000, actvprof=,0.000000, best_B_id=,B08, best_B_prof=,6.213444, best_B_strat=,1.000000, best_S_id=,S01, best_S_prof=,4.690037, best_S_strat=,-1.000000, 
t=,1357200, id=,B00, PRDE,actvstrat=,1.000000, actvprof=,0.000000, id=,B03, PRDE,actvstrat=,-0.948843, actvprof=,0.022535, id=,B05, PRDE,actvstrat=,1.000000, actvprof=,0.546970, id=,B06, PRDE,actvstrat=,-1.000000, actvprof=,2.065186, id=,B08, PRDE,actvstrat=,0.010693, actvprof=,3.877474, id=,S01, PRDE,actvstrat=,1.000000, actvprof=,5.714802, id=,S02, PRDE,actvstrat=,0.547908, actvprof=,1.678189, id=,S07, PRDE,actvstrat=,1.000000, actvprof=,0.000835, id=,S08, PRDE,actvstrat=,1.000000, actvprof=,0.000000, id=,S09, PRDE,actvstrat=,-1.000000, actvprof=,0.000000, best_B_id=,B08, best_B_prof=,3.877474, best_B_strat=,0.010693, best_S_id=,S01, best_S_prof=,5.714802, best_S_strat=,1.000000, 
t=,1360800, id=,B00, PRDE,actvstrat=,1.000000, actvprof=,0.000000, id=,B03, PRDE,actvstrat=,-0.948843, actvprof=,0.018348, id=,B05, PRDE,actvstrat=,1.000000, actvprof=,0.632575, id=,B06, PRDE,actvstrat=,-1.000000, actvprof=,2.148894, id=,B08, PRDE,actvstrat=,0.010693, actvprof=,3.947793, id=,S01, PRDE,actvstrat=,1.000000, actvprof=,5.584760, id=,S02, PRDE,actvstrat=,0.547908, actvprof=,1.717864, id=,S07, PRDE,actvstrat=,1.000000, actvprof=,0.000417, id=,S08, PRDE,actvstrat=,1.000000, actvprof=,0.000000, id=,S09, PRDE,actvstrat=,-1.000000, actvprof=,0.000000, best_B_id=,B08, best_B_prof=,3.947793, best_B_strat=,0.010693, best_S_id=,S01, best_S_prof=,5.584760, best_S_strat=,1.000000, 
t=,1364400, id=,B00, PRDE,actvstrat=,1.000000, actvprof=,0.000000, id=,B03, PRDE,actvstrat=,-1.000000, actvprof=,0.002504, id=,B05, PRDE,actvstrat=,-1.000000, actvprof=,1.169057, id=,B06, PRDE,actvstrat=,1.000000, actvprof=,2.633299, id=,B08, PRDE,actvstrat=,0.890077, actvprof=,6.068135, id=,S01, PRDE,actvstrat=,1.000000, actvprof=,5.070736, id=,S02, PRDE,actvstrat=,-1.000000, actvprof=,3.273193, id=,S07, PRDE,actvstrat=,1.000000, actvprof=,0.000556, id=,S08, PRDE,actvstrat=,1.000000, actvprof=,0.000000, id=,S09, PRDE,actvstrat=,1.000000, actvprof=,0.000000, best_B_id=,B08, best_B_prof=,6.068135, best_B_strat=,0.890077, best_S_id=,S01, best_S_prof=,5.070736, best_S_strat=,1.000000, 
t=,1368000, id=,B00, PRDE,actvstrat=,1.000000, actvprof=,0.000000, id=,B03, PRDE,actvstrat=,-1.000000, actvprof=,0.007784, id=,B05, PRDE,actvstrat=,-1.000000, actvprof=,1.160625, id=,B06, PRDE,actvstrat=,1.000000, actvprof=,2.620927, id=,B08, PRDE,actvstrat=,0.890077, actvprof=,6.029273, id=,S01, PRDE,actvstrat=,1.000000, actvprof=,5.120232, id=,S02, PRDE,actvstrat=,-1.000000, actvprof=,3.335928, id=,S07, PRDE,actvstrat=,1.000000, actvprof=,0.000695, id=,S08, PRDE,actvstrat=,1.000000, actvprof=,0.000000, id=,S09, PRDE,actvstrat=,1.000000, actvprof=,0.000000, best_B_id=,B08, best_B_prof=,6.029273, best_B_strat=,0.890077, best_S_id=,S01, best_S_prof=,5.120232, best_S_strat=,1.000000, 
t=,1371600, id=,B00, PRDE,actvstrat=,-0.912313, actvprof=,0.000000, id=,B03, PRDE,actvstrat=,1.000000, actvprof=,0.000278, id=,B05, PRDE,actvstrat=,-1.000000, actvprof=,0.792344, id=,B06, PRDE,actvstrat=,1.000000, actvprof=,2.263799, id=,B08, PRDE,actvstrat=,0.890077, actvprof=,5.721400, id=,S01, PRDE,actvstrat=,-1.000000, actvprof=,5.087358, id=,S02, PRDE,actvstrat=,0.547908, actvprof=,1.705709, id=,S07, PRDE,actvstrat=,-1.000000, actvprof=,0.000000, id=,S08, PRDE,actvstrat=,1.000000, actvprof=,0.000000, id=,S09, PRDE,actvstrat=,-1.000000, actvprof=,0.000000, best_B_id=,B08, best_B_prof=,5.721400, best_B_strat=,0.890077, best_S_id=,S01, best_S_prof=,5.087358, best_S_strat=,-1.000000, 
t=,1375200, id=,B00, PRDE,actvstrat=,-0.912313, actvprof=,0.000000, id=,B03, PRDE,actvstrat=,1.000000, actvprof=,0.000417, id=,B05, PRDE,actvstrat=,-1.000000, actvprof=,0.782286, id=,B06, PRDE,actvstrat=,1.000000, actvprof=,2.256787, id=,B08, PRDE,actvstrat=,0.890077, actvprof=,5.679774, id=,S01, PRDE,actvstrat=,-1.000000, actvprof=,5.245125, id=,S02, PRDE,actvstrat=,0.547908, actvprof=,1.690227, id=,S07, PRDE,actvstrat=,-1.000000, actvprof=,0.000000, id=,S08, PRDE,actvstrat=,1.000000, actvprof=,0.000000, id=,S09, PRDE,actvstrat=,-1.000000, actvprof=,0.000000, best_B_id=,B08, best_B_prof=,5.679774, best_B_strat=,0.890077, best_S_id=,S01, best_S_prof=,5.245125, best_S_strat=,-1.000000, 
t=,1378800, id=,B00, PRDE,actvstrat=,-1.000000, actvprof=,0.000000, id=,B03, PRDE,actvstrat=,1.000000, actvprof=,0.021701, id=,B05, PRDE,actvstrat=,1.000000, actvprof=,0.594283, id=,B06, PRDE,actvstrat=,1.000000, actvprof=,2.132851, id=,B08, PRDE,actvstrat=,0.450385, actvprof=,4.628782, id=,S01, PRDE,actvstrat=,1.000000, actvprof=,5.090074, id=,S02, PRDE,actvstrat=,1.000000, actvprof=,3.451624, id=,S07, PRDE,actvstrat=,-1.000000, actvprof=,0.000000, id=,S08, PRDE,actvstrat=,0.110151, actvprof=,0.000000, id=,S09, PRDE,actvstrat=,1.000000, actvprof=,0.000000, best_B_id=,B08, best_B_prof=,4.628782, best_B_strat=,0.450385, best_S_id=,S01, best_S_prof=,5.090074, best_S_strat=,1.000000, 
t=,1382400, id=,B00, PRDE,actvstrat=,-1.000000, actvprof=,0.000000, id=,B03, PRDE,actvstrat=,1.000000, actvprof=,0.019321, id=,B05, PRDE,actvstrat=,1.000000, actvprof=,0.605484, id=,B06, PRDE,actvstrat=,1.000000, actvprof=,2.124891, id=,B08, PRDE,actvstrat=,0.450385, actvprof=,4.706119, id=,S01, PRDE,actvstrat=,1.000000, actvprof=,5.099906, id=,S02, PRDE,actvstrat=,1.000000, actvprof=,3.454564, id=,S07, PRDE,actvstrat=,-1.000000, actvprof=,0.000000, id=,S08, PRDE,actvstrat=,0.110151, actvprof=,0.000000, id=,S09, PRDE,actvstrat=,1.000000, actvprof=,0.000000, best_B_id=,B08, best_B_prof=,4.706119, best_B_strat=,0.450385, best_S_id=,S01, best_S_prof=,5.099906, best_S_strat=,1.000000, 
t=,1386000, id=,B00, PRDE,actvstrat=,-1.000000, actvprof=,0.000000, id=,B03, PRDE,actvstrat=,-0.948843, actvprof=,0.017806, id=,B05, PRDE,actvstrat=,-1.000000, actvprof=,1.178549, id=,B06, PRDE,actvstrat=,-1.000000, actvprof=,2.727690, id=,B08, PRDE,actvstrat=,0.670231, actvprof=,5.718022, id=,S01, PRDE,actvstrat=,1.000000, actvprof=,5.179940, id=,S02, PRDE,actvstrat=,-1.000000, actvprof=,3.225708, id=,S07, PRDE,actvstrat=,1.000000, actvprof=,0.000000, id=,S08, PRDE,actvstrat=,1.000000, actvprof=,0.000000, id=,S09, PRDE,actvstrat=,1.000000, actvprof=,0.000000, best_B_id=,B08, best_B_prof=,5.718022, best_B_strat=,0.670231, best_S_id=,S01, best_S_prof=,5.179940, best_S_strat=,1.000000, 
t=,1389600, id=,B00, PRDE,actvstrat=,-1.000000, actvprof=,0.000000, id=,B03, PRDE,actvstrat=,-0.948843, actvprof=,0.017792, id=,B05, PRDE,actvstrat=,-1.000000, actvprof=,1.285054, id=,B06, PRDE,actvstrat=,-1.000000, actvprof=,2.756785, id=,B08, PRDE,actvstrat=,0.670231, actvprof=,5.743754, id=,S01, PRDE,actvstrat=,1.000000, actvprof=,5.055565, id=,S02, PRDE,actvstrat=,-1.000000, actvprof=,3.183793, id=,S07, PRDE,actvstrat=,1.000000, actvprof=,0.000000, id=,S08, PRDE,actvstrat=,1.000000, actvprof=,0.000000, id=,S09, PRDE,actvstrat=,1.000000, actvprof=,0.000000, best_B_id=,B08, best_B_prof=,5.743754, best_B_strat=,0.670231, best_S_id=,S01, best_S_prof=,5.055565, best_S_strat=,1.000000, 
t=,1393200, id=,B00, PRDE,actvstrat=,-0.824627, actvprof=,0.000000, id=,B03, PRDE,actvstrat=,1.000000, actvprof=,0.003339, id=,B05, PRDE,actvstrat=,-1.000000, actvprof=,1.265999, id=,B06, PRDE,actvstrat=,-1.000000, actvprof=,2.722871, id=,B08, PRDE,actvstrat=,-0.648846, actvprof=,3.297718, id=,S01, PRDE,actvstrat=,1.000000, actvprof=,5.104341, id=,S02, PRDE,actvstrat=,1.000000, actvprof=,3.393433, id=,S07, PRDE,actvstrat=,-1.000000, actvprof=,0.000000, id=,S08, PRDE,actvstrat=,0.110151, actvprof=,0.000000, id=,S09, PRDE,actvstrat=,1.000000, actvprof=,0.000000, best_B_id=,B08, best_B_prof=,3.297718, best_B_strat=,-0.648846, best_S_id=,S01, best_S_prof=,5.104341, best_S_strat=,1.000000, 
t=,1396800, id=,B00, PRDE,actvstrat=,-0.824627, actvprof=,0.000000, id=,B03, PRDE,actvstrat=,1.000000, actvprof=,0.009452, id=,B05, PRDE,actvstrat=,-1.000000, actvprof=,1.263275, id=,B06, PRDE,actvstrat=,-1.000000, actvprof=,2.743258, id=,B08, PRDE,actvstrat=,-0.648846, actvprof=,3.281346, id=,S01, PRDE,actvstrat=,1.000000, actvprof=,5.102585, id=,S02, PRDE,actvstrat=,1.000000, actvprof=,3.412983, id=,S07, PRDE,actvstrat=,-1.000000, actvprof=,0.000000, id=,S08, PRDE,actvstrat=,0.110151, actvprof=,0.000000, id=,S09, PRDE,actvstrat=,1.000000, actvprof=,0.000000, best_B_id=,B08, best_B_prof=,3.281346, best_B_strat=,-0.648846, best_S_id=,S01, best_S_prof=,5.102585, best_S_strat=,1.000000, 
t=,1400400, id=,B00, PRDE,actvstrat=,-1.000000, actvprof=,0.000000, id=,B03, PRDE,actvstrat=,-0.846529, actvprof=,0.035059, id=,B05, PRDE,actvstrat=,1.000000, actvprof=,0.821937, id=,B06, PRDE,actvstrat=,1.000000, actvprof=,2.189235, id=,B08, PRDE,actvstrat=,0.450385, actvprof=,4.800011, id=,S01, PRDE,actvstrat=,1.000000, actvprof=,4.894336, id=,S02, PRDE,actvstrat=,1.000000, actvprof=,3.260201, id=,S07, PRDE,actvstrat=,-1.000000, actvprof=,0.000000, id=,S08, PRDE,actvstrat=,0.110151, actvprof=,0.000000, id=,S09, PRDE,actvstrat=,1.000000, actvprof=,0.000000, best_B_id=,B08, best_B_prof=,4.800011, best_B_strat=,0.450385, best_S_id=,S01, best_S_prof=,4.894336, best_S_strat=,1.000000, 
t=,1404000, id=,B00, PRDE,actvstrat=,-1.000000, actvprof=,0.000000, id=,B03, PRDE,actvstrat=,-0.846529, actvprof=,0.033361, id=,B05, PRDE,actvstrat=,1.000000, actvprof=,0.803169, id=,B06, PRDE,actvstrat=,1.000000, actvprof=,2.227690, id=,B08, PRDE,actvstrat=,0.450385, actvprof=,4.748540, id=,S01, PRDE,actvstrat=,1.000000, actvprof=,4.858632, id=,S02, PRDE,actvstrat=,1.000000, actvprof=,3.250487, id=,S07, PRDE,actvstrat=,-1.000000, actvprof=,0.000000, id=,S08, PRDE,actvstrat=,0.110151, actvprof=,0.000000, id=,S09, PRDE,actvstrat=,1.000000, actvprof=,0.000000, best_B_id=,B08, best_B_prof=,4.748540, best_B_strat=,0.450385, best_S_id=,S01, best_S_prof=,4.858632, best_S_strat=,1.000000, 
t=,1407600, id=,B00, PRDE,actvstrat=,-1.000000, actvprof=,0.000000, id=,B03, PRDE,actvstrat=,-1.000000, actvprof=,0.015582, id=,B05, PRDE,actvstrat=,-1.000000, actvprof=,0.994157, id=,B06, PRDE,actvstrat=,1.000000, actvprof=,2.451586, id=,B08, PRDE,actvstrat=,-1.000000, actvprof=,5.369226, id=,S01, PRDE,actvstrat=,1.000000, actvprof=,5.351419, id=,S02, PRDE,actvstrat=,1.000000, actvprof=,3.582916, id=,S07, PRDE,actvstrat=,-1.000000, actvprof=,0.000000, id=,S08, PRDE,actvstrat=,-1.000000, actvprof=,0.000000, id=,S09, PRDE,actvstrat=,0.326940, actvprof=,0.000000, best_B_id=,B08, best_B_prof=,5.369226, best_B_strat=,-1.000000, best_S_id=,S01, best_S_prof=,5.351419, best_S_strat=,1.000000, 
t=,1411200, id=,B00, PRDE,actvstrat=,-1.000000, actvprof=,0.000000, id=,B03, PRDE,actvstrat=,-1.000000, actvprof=,0.015847, id=,B05, PRDE,actvstrat=,-1.000000, actvprof=,0.995976, id=,B06, PRDE,actvstrat=,1.000000, actvprof=,2.446222, id=,B08, PRDE,actvstrat=,-1.000000, actvprof=,5.436930, id=,S01, PRDE,actvstrat=,1.000000, actvprof=,5.362284, id=,S02, PRDE,actvstrat=,1.000000, actvprof=,3.612063, id=,S07, PRDE,actvstrat=,-1.000000, actvprof=,0.000000, id=,S08, PRDE,actvstrat=,-1.000000, actvprof=,0.000000, id=,S09, PRDE,actvstrat=,0.326940, actvprof=,0.000000, best_B_id=,B08, best_B_prof=,5.436930, best_B_strat=,-1.000000, best_S_id=,S01, best_S_prof=,5.362284, best_S_strat=,1.000000, 
t=,1414800, id=,B00, PRDE,actvstrat=,1.000000, actvprof=,0.000000, id=,B03, PRDE,actvstrat=,1.000000, actvprof=,0.016695, id=,B05, PRDE,actvstrat=,1.000000, actvprof=,0.820546, id=,B06, PRDE,actvstrat=,-1.000000, actvprof=,2.459411, id=,B08, PRDE,actvstrat=,0.890077, actvprof=,5.857065, id=,S01, PRDE,actvstrat=,1.000000, actvprof=,5.227953, id=,S02, PRDE,actvstrat=,1.000000, actvprof=,3.505614, id=,S07, PRDE,actvstrat=,-1.000000, actvprof=,0.000000, id=,S08, PRDE,actvstrat=,1.000000, actvprof=,0.000000, id=,S09, PRDE,actvstrat=,1.000000, actvprof=,0.000000, best_B_id=,B08, best_B_prof=,5.857065, best_B_strat=,0.890077, best_S_id=,S01, best_S_prof=,5.227953, best_S_strat=,1.000000, 
t=,1418400, id=,B00, PRDE,actvstrat=,1.000000, actvprof=,0.000000, id=,B03, PRDE,actvstrat=,1.000000, actvprof=,0.013901, id=,B05, PRDE,actvstrat=,1.000000, actvprof=,0.783297, id=,B06, PRDE,actvstrat=,-1.000000, actvprof=,2.477915, id=,B08, PRDE,actvstrat=,0.890077, actvprof=,5.727313, id=,S01, PRDE,actvstrat=,1.000000, actvprof=,5.264702, id=,S02, PRDE,actvstrat=,1.000000, actvprof=,3.556739, id=,S07, PRDE,actvstrat=,-1.000000, actvprof=,0.000000, id=,S08, PRDE,actvstrat=,1.000000, actvprof=,0.000000, id=,S09, PRDE,actvstrat=,1.000000, actvprof=,0.000000, best_B_id=,B08, best_B_prof=,5.727313, best_B_strat=,0.890077, best_S_id=,S01, best_S_prof=,5.264702, best_S_strat=,1.000000, 
t=,1422000, id=,B00, PRDE,actvstrat=,1.000000, actvprof=,0.000000, id=,B03, PRDE,actvstrat=,1.000000, actvprof=,0.006400, id=,B05, PRDE,actvstrat=,-1.000000, actvprof=,1.170284, id=,B06, PRDE,actvstrat=,1.000000, actvprof=,2.457986, id=,B08, PRDE,actvstrat=,1.000000, actvprof=,5.869505, id=,S01, PRDE,actvstrat=,1.000000, actvprof=,5.138564, id=,S02, PRDE,actvstrat=,1.000000, actvprof=,3.478575, id=,S07, PRDE,actvstrat=,1.000000, actvprof=,0.001669, id=,S08, PRDE,actvstrat=,1.000000, actvprof=,0.000000, id=,S09, PRDE,actvstrat=,1.000000, actvprof=,0.000000, best_B_id=,B08, best_B_prof=,5.869505, best_B_strat=,1.000000, best_S_id=,S01, best_S_prof=,5.138564, best_S_strat=,1.000000, 
t=,1425600, id=,B00, PRDE,actvstrat=,1.000000, actvprof=,0.000000, id=,B03, PRDE,actvstrat=,1.000000, actvprof=,0.005838, id=,B05, PRDE,actvstrat=,-1.000000, actvprof=,1.146102, id=,B06, PRDE,actvstrat=,1.000000, actvprof=,2.392288, id=,B08, PRDE,actvstrat=,1.000000, actvprof=,5.813635, id=,S01, PRDE,actvstrat=,1.000000, actvprof=,5.188387, id=,S02, PRDE,actvstrat=,1.000000, actvprof=,3.470416, id=,S07, PRDE,actvstrat=,1.000000, actvprof=,0.003336, id=,S08, PRDE,actvstrat=,1.000000, actvprof=,0.000000, id=,S09, PRDE,actvstrat=,1.000000, actvprof=,0.000000, best_B_id=,B08, best_B_prof=,5.813635, best_B_strat=,1.000000, best_S_id=,S01, best_S_prof=,5.188387, best_S_strat=,1.000000, 
t=,1429200, id=,B00, PRDE,actvstrat=,-1.000000, actvprof=,0.000000, id=,B03, PRDE,actvstrat=,-0.025579, actvprof=,0.025877, id=,B05, PRDE,actvstrat=,-1.000000, actvprof=,1.505586, id=,B06, PRDE,actvstrat=,1.000000, actvprof=,2.979730, id=,B08, PRDE,actvstrat=,-0.648846, actvprof=,3.743513, id=,S01, PRDE,actvstrat=,1.000000, actvprof=,4.602735, id=,S02, PRDE,actvstrat=,1.000000, actvprof=,2.993086, id=,S07, PRDE,actvstrat=,1.000000, actvprof=,0.000000, id=,S08, PRDE,actvstrat=,1.000000, actvprof=,0.000000, id=,S09, PRDE,actvstrat=,1.000000, actvprof=,0.000000, best_B_id=,B08, best_B_prof=,3.743513, best_B_strat=,-0.648846, best_S_id=,S01, best_S_prof=,4.602735, best_S_strat=,1.000000, 
t=,1432800, id=,B00, PRDE,actvstrat=,-1.000000, actvprof=,0.000000, id=,B03, PRDE,actvstrat=,-0.025579, actvprof=,0.025994, id=,B05, PRDE,actvstrat=,-1.000000, actvprof=,1.530720, id=,B06, PRDE,actvstrat=,1.000000, actvprof=,2.982346, id=,B08, PRDE,actvstrat=,-0.648846, actvprof=,3.619127, id=,S01, PRDE,actvstrat=,1.000000, actvprof=,4.601473, id=,S02, PRDE,actvstrat=,1.000000, actvprof=,2.943981, id=,S07, PRDE,actvstrat=,1.000000, actvprof=,0.000000, id=,S08, PRDE,actvstrat=,1.000000, actvprof=,0.000000, id=,S09, PRDE,actvstrat=,1.000000, actvprof=,0.000000, best_B_id=,B08, best_B_prof=,3.619127, best_B_strat=,-0.648846, best_S_id=,S01, best_S_prof=,4.601473, best_S_strat=,1.000000, 
t=,1436400, id=,B00, PRDE,actvstrat=,1.000000, actvprof=,0.000000, id=,B03, PRDE,actvstrat=,-1.000000, actvprof=,0.023094, id=,B05, PRDE,actvstrat=,-1.000000, actvprof=,1.182265, id=,B06, PRDE,actvstrat=,1.000000, actvprof=,2.531198, id=,B08, PRDE,actvstrat=,1.000000, actvprof=,5.949443, id=,S01, PRDE,actvstrat=,1.000000, actvprof=,4.997844, id=,S02, PRDE,actvstrat=,1.000000, actvprof=,3.340892, id=,S07, PRDE,actvstrat=,-1.000000, actvprof=,0.000000, id=,S08, PRDE,actvstrat=,1.000000, actvprof=,0.000000, id=,S09, PRDE,actvstrat=,1.000000, actvprof=,0.000000, best_B_id=,B08, best_B_prof=,5.949443, best_B_strat=,1.000000, best_S_id=,S01, best_S_prof=,4.997844, best_S_strat=,1.000000, 
t=,1440000, id=,B00, PRDE,actvstrat=,1.000000, actvprof=,0.000000, id=,B03, PRDE,actvstrat=,-1.000000, actvprof=,0.018349, id=,B05, PRDE,actvstrat=,-1.000000, actvprof=,1.208793, id=,B06, PRDE,actvstrat=,1.000000, actvprof=,2.489036, id=,B08, PRDE,actvstrat=,1.000000, actvprof=,5.841853, id=,S01, PRDE,actvstrat=,1.000000, actvprof=,5.039234, id=,S02, PRDE,actvstrat=,1.000000, actvprof=,3.320012, id=,S07, PRDE,actvstrat=,-1.000000, actvprof=,0.000000, id=,S08, PRDE,actvstrat=,1.000000, actvprof=,0.000000, id=,S09, PRDE,actvstrat=,1.000000, actvprof=,0.000000, best_B_id=,B08, best_B_prof=,5.841853, best_B_strat=,1.000000, best_S_id=,S01, best_S_prof=,5.039234, best_S_strat=,1.000000, 
t=,1443600, id=,B00, PRDE,actvstrat=,1.000000, actvprof=,0.000000, id=,B03, PRDE,actvstrat=,1.000000, actvprof=,0.002504, id=,B05, PRDE,actvstrat=,-1.000000, actvprof=,1.272973, id=,B06, PRDE,actvstrat=,1.000000, actvprof=,2.759081, id=,B08, PRDE,actvstrat=,-1.000000, actvprof=,5.788060, id=,S01, PRDE,actvstrat=,1.000000, actvprof=,5.124445, id=,S02, PRDE,actvstrat=,-1.000000, actvprof=,3.277452, id=,S07, PRDE,actvstrat=,-1.000000, actvprof=,0.000000, id=,S08, PRDE,actvstrat=,1.000000, actvprof=,0.000000, id=,S09, PRDE,actvstrat=,0.326940, actvprof=,0.000000, best_B_id=,B08, best_B_prof=,5.788060, best_B_strat=,-1.000000, best_S_id=,S01, best_S_prof=,5.124445, best_S_strat=,1.000000, 
t=,1447200, id=,B00, PRDE,actvstrat=,1.000000, actvprof=,0.000000, id=,B03, PRDE,actvstrat=,1.000000, actvprof=,0.001390, id=,B05, PRDE,actvstrat=,-1.000000, actvprof=,1.230331, id=,B06, PRDE,actvstrat=,1.000000, actvprof=,2.712260, id=,B08, PRDE,actvstrat=,-1.000000, actvprof=,5.776202, id=,S01, PRDE,actvstrat=,1.000000, actvprof=,5.157214, id=,S02, PRDE,actvstrat=,-1.000000, actvprof=,3.308590, id=,S07, PRDE,actvstrat=,-1.000000, actvprof=,0.000000, id=,S08, PRDE,actvstrat=,1.000000, actvprof=,0.000000, id=,S09, PRDE,actvstrat=,0.326940, actvprof=,0.000000, best_B_id=,B08, best_B_prof=,5.776202, best_B_strat=,-1.000000, best_S_id=,S01, best_S_prof=,5.157214, best_S_strat=,1.000000, 
t=,1450800, id=,B00, PRDE,actvstrat=,1.000000, actvprof=,0.000000, id=,B03, PRDE,actvstrat=,1.000000, actvprof=,0.005565, id=,B05, PRDE,actvstrat=,-1.000000, actvprof=,1.171135, id=,B06, PRDE,actvstrat=,-1.000000, actvprof=,2.752682, id=,B08, PRDE,actvstrat=,1.000000, actvprof=,6.139763, id=,S01, PRDE,actvstrat=,-1.000000, actvprof=,4.841191, id=,S02, PRDE,actvstrat=,1.000000, actvprof=,3.513961, id=,S07, PRDE,actvstrat=,1.000000, actvprof=,0.000278, id=,S08, PRDE,actvstrat=,-1.000000, actvprof=,0.000000, id=,S09, PRDE,actvstrat=,1.000000, actvprof=,0.000000, best_B_id=,B08, best_B_prof=,6.139763, best_B_strat=,1.000000, best_S_id=,S01, best_S_prof=,4.841191, best_S_strat=,-1.000000, 
t=,1454400, id=,B00, PRDE,actvstrat=,1.000000, actvprof=,0.000000, id=,B03, PRDE,actvstrat=,1.000000, actvprof=,0.003892, id=,B05, PRDE,actvstrat=,-1.000000, actvprof=,1.221443, id=,B06, PRDE,actvstrat=,-1.000000, actvprof=,2.770800, id=,B08, PRDE,actvstrat=,1.000000, actvprof=,6.195623, id=,S01, PRDE,actvstrat=,-1.000000, actvprof=,4.767756, id=,S02, PRDE,actvstrat=,1.000000, actvprof=,3.445395, id=,S07, PRDE,actvstrat=,1.000000, actvprof=,0.001807, id=,S08, PRDE,actvstrat=,-1.000000, actvprof=,0.000000, id=,S09, PRDE,actvstrat=,1.000000, actvprof=,0.000000, best_B_id=,B08, best_B_prof=,6.195623, best_B_strat=,1.000000, best_S_id=,S01, best_S_prof=,4.767756, best_S_strat=,-1.000000, 
t=,1458000, id=,B00, PRDE,actvstrat=,-0.824627, actvprof=,0.000000, id=,B03, PRDE,actvstrat=,-1.000000, actvprof=,0.049807, id=,B05, PRDE,actvstrat=,1.000000, actvprof=,0.682267, id=,B06, PRDE,actvstrat=,1.000000, actvprof=,2.011186, id=,B08, PRDE,actvstrat=,1.000000, actvprof=,5.412505, id=,S01, PRDE,actvstrat=,1.000000, actvprof=,5.063023, id=,S02, PRDE,actvstrat=,1.000000, actvprof=,3.331757, id=,S07, PRDE,actvstrat=,1.000000, actvprof=,0.009182, id=,S08, PRDE,actvstrat=,0.110151, actvprof=,0.000000, id=,S09, PRDE,actvstrat=,1.000000, actvprof=,0.000000, best_B_id=,B08, best_B_prof=,5.412505, best_B_strat=,1.000000, best_S_id=,S01, best_S_prof=,5.063023, best_S_strat=,1.000000, 
t=,1461600, id=,B00, PRDE,actvstrat=,-0.824627, actvprof=,0.000000, id=,B03, PRDE,actvstrat=,-1.000000, actvprof=,0.040033, id=,B05, PRDE,actvstrat=,1.000000, actvprof=,0.690978, id=,B06, PRDE,actvstrat=,1.000000, actvprof=,2.045968, id=,B08, PRDE,actvstrat=,1.000000, actvprof=,5.408422, id=,S01, PRDE,actvstrat=,1.000000, actvprof=,4.972651, id=,S02, PRDE,actvstrat=,1.000000, actvprof=,3.337851, id=,S07, PRDE,actvstrat=,1.000000, actvprof=,0.008062, id=,S08, PRDE,actvstrat=,0.110151, actvprof=,0.000000, id=,S09, PRDE,actvstrat=,1.000000, actvprof=,0.000000, best_B_id=,B08, best_B_prof=,5.408422, best_B_strat=,1.000000, best_S_id=,S01, best_S_prof=,4.972651, best_S_strat=,1.000000, 
t=,1465200, id=,B00, PRDE,actvstrat=,-1.000000, actvprof=,0.000000, id=,B03, PRDE,actvstrat=,-1.000000, actvprof=,0.000556, id=,B05, PRDE,actvstrat=,-1.000000, actvprof=,1.294918, id=,B06, PRDE,actvstrat=,-1.000000, actvprof=,2.839137, id=,B08, PRDE,actvstrat=,1.000000, actvprof=,6.290118, id=,S01, PRDE,actvstrat=,-1.000000, actvprof=,4.645177, id=,S02, PRDE,actvstrat=,-1.000000, actvprof=,3.185543, id=,S07, PRDE,actvstrat=,-1.000000, actvprof=,0.000000, id=,S08, PRDE,actvstrat=,1.000000, actvprof=,0.000000, id=,S09, PRDE,actvstrat=,0.326940, actvprof=,0.000000, best_B_id=,B08, best_B_prof=,6.290118, best_B_strat=,1.000000, best_S_id=,S01, best_S_prof=,4.645177, best_S_strat=,-1.000000, 
t=,1468800, id=,B00, PRDE,actvstrat=,-1.000000, actvprof=,0.000000, id=,B03, PRDE,actvstrat=,-1.000000, actvprof=,0.000278, id=,B05, PRDE,actvstrat=,-1.000000, actvprof=,1.232841, id=,B06, PRDE,actvstrat=,-1.000000, actvprof=,2.754537, id=,B08, PRDE,actvstrat=,1.000000, actvprof=,6.205631, id=,S01, PRDE,actvstrat=,-1.000000, actvprof=,4.673232, id=,S02, PRDE,actvstrat=,-1.000000, actvprof=,3.234523, id=,S07, PRDE,actvstrat=,-1.000000, actvprof=,0.000000, id=,S08, PRDE,actvstrat=,1.000000, actvprof=,0.000000, id=,S09, PRDE,actvstrat=,0.326940, actvprof=,0.000000, best_B_id=,B08, best_B_prof=,6.205631, best_B_strat=,1.000000, best_S_id=,S01, best_S_prof=,4.673232, best_S_strat=,-1.000000, 
t=,1472400, id=,B00, PRDE,actvstrat=,1.000000, actvprof=,0.000000, id=,B03, PRDE,actvstrat=,-1.000000, actvprof=,0.012799, id=,B05, PRDE,actvstrat=,-1.000000, actvprof=,1.052339, id=,B06, PRDE,actvstrat=,-1.000000, actvprof=,2.474192, id=,B08, PRDE,actvstrat=,1.000000, actvprof=,6.057208, id=,S01, PRDE,actvstrat=,1.000000, actvprof=,5.222739, id=,S02, PRDE,actvstrat=,1.000000, actvprof=,3.580511, id=,S07, PRDE,actvstrat=,-1.000000, actvprof=,0.000000, id=,S08, PRDE,actvstrat=,1.000000, actvprof=,0.000000, id=,S09, PRDE,actvstrat=,1.000000, actvprof=,0.000000, best_B_id=,B08, best_B_prof=,6.057208, best_B_strat=,1.000000, best_S_id=,S01, best_S_prof=,5.222739, best_S_strat=,1.000000, 
t=,1476000, id=,B00, PRDE,actvstrat=,1.000000, actvprof=,0.000000, id=,B03, PRDE,actvstrat=,-1.000000, actvprof=,0.009591, id=,B05, PRDE,actvstrat=,-1.000000, actvprof=,0.997651, id=,B06, PRDE,actvstrat=,-1.000000, actvprof=,2.441374, id=,B08, PRDE,actvstrat=,1.000000, actvprof=,5.894160, id=,S01, PRDE,actvstrat=,1.000000, actvprof=,5.338551, id=,S02, PRDE,actvstrat=,1.000000, actvprof=,3.653651, id=,S07, PRDE,actvstrat=,-1.000000, actvprof=,0.000000, id=,S08, PRDE,actvstrat=,1.000000, actvprof=,0.000000, id=,S09, PRDE,actvstrat=,1.000000, actvprof=,0.000000, best_B_id=,B08, best_B_prof=,5.894160, best_B_strat=,1.000000, best_S_id=,S01, best_S_prof=,5.338551, best_S_strat=,1.000000, 
t=,1479600, id=,B00, PRDE,actvstrat=,1.000000, actvprof=,0.000000, id=,B03, PRDE,actvstrat=,1.000000, actvprof=,0.001113, id=,B05, PRDE,actvstrat=,-1.000000, actvprof=,1.269373, id=,B06, PRDE,actvstrat=,-1.000000, actvprof=,2.843429, id=,B08, PRDE,actvstrat=,0.890077, actvprof=,6.383038, id=,S01, PRDE,actvstrat=,-1.000000, actvprof=,4.806199, id=,S02, PRDE,actvstrat=,-1.000000, actvprof=,3.246056, id=,S07, PRDE,actvstrat=,1.000000, actvprof=,0.003617, id=,S08, PRDE,actvstrat=,0.779698, actvprof=,0.000000, id=,S09, PRDE,actvstrat=,-1.000000, actvprof=,0.000000, best_B_id=,B08, best_B_prof=,6.383038, best_B_strat=,0.890077, best_S_id=,S01, best_S_prof=,4.806199, best_S_strat=,-1.000000, 
t=,1483200, id=,B00, PRDE,actvstrat=,1.000000, actvprof=,0.000000, id=,B03, PRDE,actvstrat=,1.000000, actvprof=,0.000556, id=,B05, PRDE,actvstrat=,-1.000000, actvprof=,1.285395, id=,B06, PRDE,actvstrat=,-1.000000, actvprof=,2.813912, id=,B08, PRDE,actvstrat=,0.890077, actvprof=,6.324664, id=,S01, PRDE,actvstrat=,-1.000000, actvprof=,4.792255, id=,S02, PRDE,actvstrat=,-1.000000, actvprof=,3.230654, id=,S07, PRDE,actvstrat=,1.000000, actvprof=,0.002919, id=,S08, PRDE,actvstrat=,0.779698, actvprof=,0.000000, id=,S09, PRDE,actvstrat=,-1.000000, actvprof=,0.000000, best_B_id=,B08, best_B_prof=,6.324664, best_B_strat=,0.890077, best_S_id=,S01, best_S_prof=,4.792255, best_S_strat=,-1.000000, 
t=,1486800, id=,B00, PRDE,actvstrat=,1.000000, actvprof=,0.000000, id=,B03, PRDE,actvstrat=,1.000000, actvprof=,0.000556, id=,B05, PRDE,actvstrat=,-1.000000, actvprof=,1.212610, id=,B06, PRDE,actvstrat=,-1.000000, actvprof=,2.755781, id=,B08, PRDE,actvstrat=,1.000000, actvprof=,6.128718, id=,S01, PRDE,actvstrat=,-1.000000, actvprof=,4.884387, id=,S02, PRDE,actvstrat=,-1.000000, actvprof=,3.241047, id=,S07, PRDE,actvstrat=,1.000000, actvprof=,0.001113, id=,S08, PRDE,actvstrat=,-1.000000, actvprof=,0.000000, id=,S09, PRDE,actvstrat=,0.326940, actvprof=,0.000000, best_B_id=,B08, best_B_prof=,6.128718, best_B_strat=,1.000000, best_S_id=,S01, best_S_prof=,4.884387, best_S_strat=,-1.000000, 
t=,1490400, id=,B00, PRDE,actvstrat=,1.000000, actvprof=,0.000000, id=,B03, PRDE,actvstrat=,1.000000, actvprof=,0.000695, id=,B05, PRDE,actvstrat=,-1.000000, actvprof=,1.266907, id=,B06, PRDE,actvstrat=,-1.000000, actvprof=,2.788752, id=,B08, PRDE,actvstrat=,1.000000, actvprof=,6.158551, id=,S01, PRDE,actvstrat=,-1.000000, actvprof=,4.742629, id=,S02, PRDE,actvstrat=,-1.000000, actvprof=,3.212861, id=,S07, PRDE,actvstrat=,1.000000, actvprof=,0.000556, id=,S08, PRDE,actvstrat=,-1.000000, actvprof=,0.000000, id=,S09, PRDE,actvstrat=,0.326940, actvprof=,0.000000, best_B_id=,B08, best_B_prof=,6.158551, best_B_strat=,1.000000, best_S_id=,S01, best_S_prof=,4.742629, best_S_strat=,-1.000000, 
t=,1494000, id=,B00, PRDE,actvstrat=,0.824627, actvprof=,0.000000, id=,B03, PRDE,actvstrat=,1.000000, actvprof=,0.007791, id=,B05, PRDE,actvstrat=,-1.000000, actvprof=,1.234314, id=,B06, PRDE,actvstrat=,1.000000, actvprof=,2.715991, id=,B08, PRDE,actvstrat=,1.000000, actvprof=,6.194941, id=,S01, PRDE,actvstrat=,-1.000000, actvprof=,4.781157, id=,S02, PRDE,actvstrat=,1.000000, actvprof=,3.339826, id=,S07, PRDE,actvstrat=,1.000000, actvprof=,0.002504, id=,S08, PRDE,actvstrat=,0.559397, actvprof=,0.000000, id=,S09, PRDE,actvstrat=,-1.000000, actvprof=,0.000000, best_B_id=,B08, best_B_prof=,6.194941, best_B_strat=,1.000000, best_S_id=,S01, best_S_prof=,4.781157, best_S_strat=,-1.000000, 
t=,1497600, id=,B00, PRDE,actvstrat=,0.824627, actvprof=,0.000000, id=,B03, PRDE,actvstrat=,1.000000, actvprof=,0.007506, id=,B05, PRDE,actvstrat=,-1.000000, actvprof=,1.264822, id=,B06, PRDE,actvstrat=,1.000000, actvprof=,2.711742, id=,B08, PRDE,actvstrat=,1.000000, actvprof=,6.159524, id=,S01, PRDE,actvstrat=,-1.000000, actvprof=,4.781690, id=,S02, PRDE,actvstrat=,1.000000, actvprof=,3.343527, id=,S07, PRDE,actvstrat=,1.000000, actvprof=,0.002502, id=,S08, PRDE,actvstrat=,0.559397, actvprof=,0.000000, id=,S09, PRDE,actvstrat=,-1.000000, actvprof=,0.000000, best_B_id=,B08, best_B_prof=,6.159524, best_B_strat=,1.000000, best_S_id=,S01, best_S_prof=,4.781690, best_S_strat=,-1.000000, 
t=,1501200, id=,B00, PRDE,actvstrat=,1.000000, actvprof=,0.000000, id=,B03, PRDE,actvstrat=,-1.000000, actvprof=,0.011130, id=,B05, PRDE,actvstrat=,-0.795489, actvprof=,0.363115, id=,B06, PRDE,actvstrat=,1.000000, actvprof=,3.875177, id=,B08, PRDE,actvstrat=,0.450385, actvprof=,6.722502, id=,S01, PRDE,actvstrat=,-1.000000, actvprof=,3.424135, id=,S02, PRDE,actvstrat=,1.000000, actvprof=,2.074905, id=,S07, PRDE,actvstrat=,1.000000, actvprof=,0.000000, id=,S08, PRDE,actvstrat=,0.559397, actvprof=,0.000000, id=,S09, PRDE,actvstrat=,1.000000, actvprof=,0.000000, best_B_id=,B08, best_B_prof=,6.722502, best_B_strat=,0.450385, best_S_id=,S01, best_S_prof=,3.424135, best_S_strat=,-1.000000, 
t=,1504800, id=,B00, PRDE,actvstrat=,1.000000, actvprof=,0.000000, id=,B03, PRDE,actvstrat=,-1.000000, actvprof=,0.013345, id=,B05, PRDE,actvstrat=,-0.795489, actvprof=,0.345988, id=,B06, PRDE,actvstrat=,1.000000, actvprof=,3.893020, id=,B08, PRDE,actvstrat=,0.450385, actvprof=,6.649523, id=,S01, PRDE,actvstrat=,-1.000000, actvprof=,3.466409, id=,S02, PRDE,actvstrat=,1.000000, actvprof=,2.075230, id=,S07, PRDE,actvstrat=,1.000000, actvprof=,0.000000, id=,S08, PRDE,actvstrat=,0.559397, actvprof=,0.000000, id=,S09, PRDE,actvstrat=,1.000000, actvprof=,0.000000, best_B_id=,B08, best_B_prof=,6.649523, best_B_strat=,0.450385, best_S_id=,S01, best_S_prof=,3.466409, best_S_strat=,-1.000000, 
t=,1508400, id=,B00, PRDE,actvstrat=,-1.000000, actvprof=,0.000000, id=,B03, PRDE,actvstrat=,-1.000000, actvprof=,0.011130, id=,B05, PRDE,actvstrat=,-1.000000, actvprof=,1.151085, id=,B06, PRDE,actvstrat=,-1.000000, actvprof=,2.553979, id=,B08, PRDE,actvstrat=,1.000000, actvprof=,5.999165, id=,S01, PRDE,actvstrat=,1.000000, actvprof=,5.287702, id=,S02, PRDE,actvstrat=,1.000000, actvprof=,3.537006, id=,S07, PRDE,actvstrat=,-1.000000, actvprof=,0.000000, id=,S08, PRDE,actvstrat=,-0.779698, actvprof=,0.000000, id=,S09, PRDE,actvstrat=,-1.000000, actvprof=,0.000000, best_B_id=,B08, best_B_prof=,5.999165, best_B_strat=,1.000000, best_S_id=,S01, best_S_prof=,5.287702, best_S_strat=,1.000000, 
t=,1512000, id=,B00, PRDE,actvstrat=,-1.000000, actvprof=,0.000000, id=,B03, PRDE,actvstrat=,-1.000000, actvprof=,0.011677, id=,B05, PRDE,actvstrat=,-1.000000, actvprof=,1.150836, id=,B06, PRDE,actvstrat=,-1.000000, actvprof=,2.558557, id=,B08, PRDE,actvstrat=,1.000000, actvprof=,6.008424, id=,S01, PRDE,actvstrat=,1.000000, actvprof=,5.247084, id=,S02, PRDE,actvstrat=,1.000000, actvprof=,3.508528, id=,S07, PRDE,actvstrat=,-1.000000, actvprof=,0.000000, id=,S08, PRDE,actvstrat=,-0.779698, actvprof=,0.000000, id=,S09, PRDE,actvstrat=,-1.000000, actvprof=,0.000000, best_B_id=,B08, best_B_prof=,6.008424, best_B_strat=,1.000000, best_S_id=,S01, best_S_prof=,5.247084, best_S_strat=,1.000000, 
t=,1515600, id=,B00, PRDE,actvstrat=,0.824627, actvprof=,0.000000, id=,B03, PRDE,actvstrat=,1.000000, actvprof=,0.007513, id=,B05, PRDE,actvstrat=,-1.000000, actvprof=,1.099641, id=,B06, PRDE,actvstrat=,1.000000, actvprof=,2.315869, id=,B08, PRDE,actvstrat=,1.000000, actvprof=,5.790924, id=,S01, PRDE,actvstrat=,1.000000, actvprof=,5.111439, id=,S02, PRDE,actvstrat=,1.000000, actvprof=,3.563816, id=,S07, PRDE,actvstrat=,-1.000000, actvprof=,0.000000, id=,S08, PRDE,actvstrat=,1.000000, actvprof=,0.000000, id=,S09, PRDE,actvstrat=,-1.000000, actvprof=,0.000000, best_B_id=,B08, best_B_prof=,5.790924, best_B_strat=,1.000000, best_S_id=,S01, best_S_prof=,5.111439, best_S_strat=,1.000000, 
t=,1519200, id=,B00, PRDE,actvstrat=,0.824627, actvprof=,0.000000, id=,B03, PRDE,actvstrat=,1.000000, actvprof=,0.015429, id=,B05, PRDE,actvstrat=,-1.000000, actvprof=,1.174026, id=,B06, PRDE,actvstrat=,1.000000, actvprof=,2.457030, id=,B08, PRDE,actvstrat=,1.000000, actvprof=,5.843440, id=,S01, PRDE,actvstrat=,1.000000, actvprof=,5.078919, id=,S02, PRDE,actvstrat=,1.000000, actvprof=,3.420188, id=,S07, PRDE,actvstrat=,-1.000000, actvprof=,0.000000, id=,S08, PRDE,actvstrat=,1.000000, actvprof=,0.000000, id=,S09, PRDE,actvstrat=,-1.000000, actvprof=,0.000000, best_B_id=,B08, best_B_prof=,5.843440, best_B_strat=,1.000000, best_S_id=,S01, best_S_prof=,5.078919, best_S_strat=,1.000000, 
t=,1522800, id=,B00, PRDE,actvstrat=,1.000000, actvprof=,0.000000, id=,B03, PRDE,actvstrat=,-1.000000, actvprof=,0.002504, id=,B05, PRDE,actvstrat=,-1.000000, actvprof=,1.243791, id=,B06, PRDE,actvstrat=,1.000000, actvprof=,2.659822, id=,B08, PRDE,actvstrat=,0.780154, actvprof=,5.951556, id=,S01, PRDE,actvstrat=,-1.000000, actvprof=,4.772598, id=,S02, PRDE,actvstrat=,1.000000, actvprof=,3.421957, id=,S07, PRDE,actvstrat=,1.000000, actvprof=,0.002783, id=,S08, PRDE,actvstrat=,1.000000, actvprof=,0.000000, id=,S09, PRDE,actvstrat=,-1.000000, actvprof=,0.000000, best_B_id=,B08, best_B_prof=,5.951556, best_B_strat=,0.780154, best_S_id=,S01, best_S_prof=,4.772598, best_S_strat=,-1.000000, 
t=,1526400, id=,B00, PRDE,actvstrat=,1.000000, actvprof=,0.000000, id=,B03, PRDE,actvstrat=,-1.000000, actvprof=,0.004448, id=,B05, PRDE,actvstrat=,-1.000000, actvprof=,1.257602, id=,B06, PRDE,actvstrat=,1.000000, actvprof=,2.724410, id=,B08, PRDE,actvstrat=,0.780154, actvprof=,5.966346, id=,S01, PRDE,actvstrat=,-1.000000, actvprof=,4.835797, id=,S02, PRDE,actvstrat=,1.000000, actvprof=,3.383446, id=,S07, PRDE,actvstrat=,1.000000, actvprof=,0.001529, id=,S08, PRDE,actvstrat=,1.000000, actvprof=,0.000000, id=,S09, PRDE,actvstrat=,-1.000000, actvprof=,0.000000, best_B_id=,B08, best_B_prof=,5.966346, best_B_strat=,0.780154, best_S_id=,S01, best_S_prof=,4.835797, best_S_strat=,-1.000000, 
t=,1530000, id=,B00, PRDE,actvstrat=,-1.000000, actvprof=,0.000000, id=,B03, PRDE,actvstrat=,1.000000, actvprof=,0.001669, id=,B05, PRDE,actvstrat=,-0.075212, actvprof=,0.589054, id=,B06, PRDE,actvstrat=,-1.000000, actvprof=,3.437770, id=,B08, PRDE,actvstrat=,0.890077, actvprof=,6.898356, id=,S01, PRDE,actvstrat=,-1.000000, actvprof=,4.143688, id=,S02, PRDE,actvstrat=,-1.000000, actvprof=,2.600239, id=,S07, PRDE,actvstrat=,1.000000, actvprof=,0.000835, id=,S08, PRDE,actvstrat=,0.110151, actvprof=,0.000000, id=,S09, PRDE,actvstrat=,-1.000000, actvprof=,0.000000, best_B_id=,B08, best_B_prof=,6.898356, best_B_strat=,0.890077, best_S_id=,S01, best_S_prof=,4.143688, best_S_strat=,-1.000000, 
t=,1533600, id=,B00, PRDE,actvstrat=,-1.000000, actvprof=,0.000000, id=,B03, PRDE,actvstrat=,1.000000, actvprof=,0.000834, id=,B05, PRDE,actvstrat=,-0.075212, actvprof=,0.609687, id=,B06, PRDE,actvstrat=,-1.000000, actvprof=,3.454478, id=,B08, PRDE,actvstrat=,0.890077, actvprof=,6.893527, id=,S01, PRDE,actvstrat=,-1.000000, actvprof=,4.131585, id=,S02, PRDE,actvstrat=,-1.000000, actvprof=,2.584708, id=,S07, PRDE,actvstrat=,1.000000, actvprof=,0.000417, id=,S08, PRDE,actvstrat=,0.110151, actvprof=,0.000000, id=,S09, PRDE,actvstrat=,-1.000000, actvprof=,0.000000, best_B_id=,B08, best_B_prof=,6.893527, best_B_strat=,0.890077, best_S_id=,S01, best_S_prof=,4.131585, best_S_strat=,-1.000000, 
t=,1537200, id=,B00, PRDE,actvstrat=,0.824627, actvprof=,0.000000, id=,B03, PRDE,actvstrat=,1.000000, actvprof=,0.001670, id=,B05, PRDE,actvstrat=,-1.000000, actvprof=,1.271374, id=,B06, PRDE,actvstrat=,-1.000000, actvprof=,2.739757, id=,B08, PRDE,actvstrat=,1.000000, actvprof=,6.175722, id=,S01, PRDE,actvstrat=,-1.000000, actvprof=,4.835061, id=,S02, PRDE,actvstrat=,1.000000, actvprof=,3.442087, id=,S07, PRDE,actvstrat=,-1.000000, actvprof=,0.000000, id=,S08, PRDE,actvstrat=,1.000000, actvprof=,0.000000, id=,S09, PRDE,actvstrat=,0.326940, actvprof=,0.000000, best_B_id=,B08, best_B_prof=,6.175722, best_B_strat=,1.000000, best_S_id=,S01, best_S_prof=,4.835061, best_S_strat=,-1.000000, 
t=,1540800, id=,B00, PRDE,actvstrat=,0.824627, actvprof=,0.000000, id=,B03, PRDE,actvstrat=,1.000000, actvprof=,0.002085, id=,B05, PRDE,actvstrat=,-1.000000, actvprof=,1.246916, id=,B06, PRDE,actvstrat=,-1.000000, actvprof=,2.743076, id=,B08, PRDE,actvstrat=,1.000000, actvprof=,6.161738, id=,S01, PRDE,actvstrat=,-1.000000, actvprof=,4.794857, id=,S02, PRDE,actvstrat=,1.000000, actvprof=,3.445074, id=,S07, PRDE,actvstrat=,-1.000000, actvprof=,0.000000, id=,S08, PRDE,actvstrat=,1.000000, actvprof=,0.000000, id=,S09, PRDE,actvstrat=,0.326940, actvprof=,0.000000, best_B_id=,B08, best_B_prof=,6.161738, best_B_strat=,1.000000, best_S_id=,S01, best_S_prof=,4.794857, best_S_strat=,-1.000000, 
t=,1544400, id=,B00, PRDE,actvstrat=,0.824627, actvprof=,0.000000, id=,B03, PRDE,actvstrat=,-1.000000, actvprof=,0.000278, id=,B05, PRDE,actvstrat=,-1.000000, actvprof=,1.216000, id=,B06, PRDE,actvstrat=,1.000000, actvprof=,2.865252, id=,B08, PRDE,actvstrat=,0.890077, actvprof=,6.093913, id=,S01, PRDE,actvstrat=,-1.000000, actvprof=,4.830609, id=,S02, PRDE,actvstrat=,-1.000000, actvprof=,3.252035, id=,S07, PRDE,actvstrat=,-1.000000, actvprof=,0.000000, id=,S08, PRDE,actvstrat=,-1.000000, actvprof=,0.000000, id=,S09, PRDE,actvstrat=,0.326940, actvprof=,0.000000, best_B_id=,B08, best_B_prof=,6.093913, best_B_strat=,0.890077, best_S_id=,S01, best_S_prof=,4.830609, best_S_strat=,-1.000000, 
t=,1548000, id=,B00, PRDE,actvstrat=,0.824627, actvprof=,0.000000, id=,B03, PRDE,actvstrat=,-1.000000, actvprof=,0.000139, id=,B05, PRDE,actvstrat=,-1.000000, actvprof=,1.287776, id=,B06, PRDE,actvstrat=,1.000000, actvprof=,2.921822, id=,B08, PRDE,actvstrat=,0.890077, actvprof=,6.197559, id=,S01, PRDE,actvstrat=,-1.000000, actvprof=,4.759237, id=,S02, PRDE,actvstrat=,-1.000000, actvprof=,3.189135, id=,S07, PRDE,actvstrat=,-1.000000, actvprof=,0.000000, id=,S08, PRDE,actvstrat=,-1.000000, actvprof=,0.000000, id=,S09, PRDE,actvstrat=,0.326940, actvprof=,0.000000, best_B_id=,B08, best_B_prof=,6.197559, best_B_strat=,0.890077, best_S_id=,S01, best_S_prof=,4.759237, best_S_strat=,-1.000000, 
t=,1551600, id=,B00, PRDE,actvstrat=,-1.000000, actvprof=,0.000000, id=,B03, PRDE,actvstrat=,-1.000000, actvprof=,0.026157, id=,B05, PRDE,actvstrat=,-1.000000, actvprof=,1.037635, id=,B06, PRDE,actvstrat=,-1.000000, actvprof=,2.447304, id=,B08, PRDE,actvstrat=,1.000000, actvprof=,5.850991, id=,S01, PRDE,actvstrat=,1.000000, actvprof=,5.304765, id=,S02, PRDE,actvstrat=,1.000000, actvprof=,3.593183, id=,S07, PRDE,actvstrat=,1.000000, actvprof=,0.002783, id=,S08, PRDE,actvstrat=,-1.000000, actvprof=,0.000000, id=,S09, PRDE,actvstrat=,0.326940, actvprof=,0.000000, best_B_id=,B08, best_B_prof=,5.850991, best_B_strat=,1.000000, best_S_id=,S01, best_S_prof=,5.304765, best_S_strat=,1.000000, 
t=,1555200, id=,B00, PRDE,actvstrat=,-1.000000, actvprof=,0.000000, id=,B03, PRDE,actvstrat=,-1.000000, actvprof=,0.023354, id=,B05, PRDE,actvstrat=,-1.000000, actvprof=,1.042433, id=,B06, PRDE,actvstrat=,-1.000000, actvprof=,2.478123, id=,B08, PRDE,actvstrat=,1.000000, actvprof=,5.885248, id=,S01, PRDE,actvstrat=,1.000000, actvprof=,5.277776, id=,S02, PRDE,actvstrat=,1.000000, actvprof=,3.582137, id=,S07, PRDE,actvstrat=,1.000000, actvprof=,0.001390, id=,S08, PRDE,actvstrat=,-1.000000, actvprof=,0.000000, id=,S09, PRDE,actvstrat=,0.326940, actvprof=,0.000000, best_B_id=,B08, best_B_prof=,5.885248, best_B_strat=,1.000000, best_S_id=,S01, best_S_prof=,5.277776, best_S_strat=,1.000000, 
t=,1558800, id=,B00, PRDE,actvstrat=,-1.000000, actvprof=,0.000000, id=,B03, PRDE,actvstrat=,1.000000, actvprof=,0.000000, id=,B05, PRDE,actvstrat=,-0.683770, actvprof=,0.161113, id=,B06, PRDE,actvstrat=,-1.000000, actvprof=,3.005217, id=,B08, PRDE,actvstrat=,1.000000, actvprof=,6.426713, id=,S01, PRDE,actvstrat=,-1.000000, actvprof=,4.653913, id=,S02, PRDE,actvstrat=,-0.553606, actvprof=,0.103235, id=,S07, PRDE,actvstrat=,1.000000, actvprof=,0.000000, id=,S08, PRDE,actvstrat=,1.000000, actvprof=,0.000000, id=,S09, PRDE,actvstrat=,-1.000000, actvprof=,0.000000, best_B_id=,B08, best_B_prof=,6.426713, best_B_strat=,1.000000, best_S_id=,S01, best_S_prof=,4.653913, best_S_strat=,-1.000000, 
t=,1562400, id=,B00, PRDE,actvstrat=,-1.000000, actvprof=,0.000000, id=,B03, PRDE,actvstrat=,1.000000, actvprof=,0.000000, id=,B05, PRDE,actvstrat=,-0.683770, actvprof=,0.174735, id=,B06, PRDE,actvstrat=,-1.000000, actvprof=,2.992737, id=,B08, PRDE,actvstrat=,1.000000, actvprof=,6.428497, id=,S01, PRDE,actvstrat=,-1.000000, actvprof=,4.623875, id=,S02, PRDE,actvstrat=,-0.553606, actvprof=,0.123440, id=,S07, PRDE,actvstrat=,1.000000, actvprof=,0.000556, id=,S08, PRDE,actvstrat=,1.000000, actvprof=,0.000000, id=,S09, PRDE,actvstrat=,-1.000000, actvprof=,0.000000, best_B_id=,B08, best_B_prof=,6.428497, best_B_strat=,1.000000, best_S_id=,S01, best_S_prof=,4.623875, best_S_strat=,-1.000000, 
t=,1566000, id=,B00, PRDE,actvstrat=,1.000000, actvprof=,0.000000, id=,B03, PRDE,actvstrat=,-1.000000, actvprof=,0.005565, id=,B05, PRDE,actvstrat=,-1.000000, actvprof=,1.421357, id=,B06, PRDE,actvstrat=,1.000000, actvprof=,2.900313, id=,B08, PRDE,actvstrat=,1.000000, actvprof=,6.259200, id=,S01, PRDE,actvstrat=,-1.000000, actvprof=,4.581009, id=,S02, PRDE,actvstrat=,1.000000, actvprof=,3.166330, id=,S07, PRDE,actvstrat=,-1.000000, actvprof=,0.000000, id=,S08, PRDE,actvstrat=,-1.000000, actvprof=,0.000000, id=,S09, PRDE,actvstrat=,1.000000, actvprof=,0.000000, best_B_id=,B08, best_B_prof=,6.259200, best_B_strat=,1.000000, best_S_id=,S01, best_S_prof=,4.581009, best_S_strat=,-1.000000, 
t=,1569600, id=,B00, PRDE,actvstrat=,1.000000, actvprof=,0.000000, id=,B03, PRDE,actvstrat=,-1.000000, actvprof=,0.005004, id=,B05, PRDE,actvstrat=,-1.000000, actvprof=,1.325030, id=,B06, PRDE,actvstrat=,1.000000, actvprof=,2.793517, id=,B08, PRDE,actvstrat=,1.000000, actvprof=,6.210209, id=,S01, PRDE,actvstrat=,-1.000000, actvprof=,4.728238, id=,S02, PRDE,actvstrat=,1.000000, actvprof=,3.251828, id=,S07, PRDE,actvstrat=,-1.000000, actvprof=,0.001112, id=,S08, PRDE,actvstrat=,-1.000000, actvprof=,0.000000, id=,S09, PRDE,actvstrat=,1.000000, actvprof=,0.000000, best_B_id=,B08, best_B_prof=,6.210209, best_B_strat=,1.000000, best_S_id=,S01, best_S_prof=,4.728238, best_S_strat=,-1.000000, 
t=,1573200, id=,B00, PRDE,actvstrat=,-1.000000, actvprof=,0.000000, id=,B03, PRDE,actvstrat=,-1.000000, actvprof=,0.033947, id=,B05, PRDE,actvstrat=,-0.564805, actvprof=,0.421838, id=,B06, PRDE,actvstrat=,1.000000, actvprof=,3.211642, id=,B08, PRDE,actvstrat=,0.780154, actvprof=,6.573543, id=,S01, PRDE,actvstrat=,1.000000, actvprof=,3.970171, id=,S02, PRDE,actvstrat=,1.000000, actvprof=,2.282542, id=,S07, PRDE,actvstrat=,1.000000, actvprof=,0.000557, id=,S08, PRDE,actvstrat=,-1.000000, actvprof=,0.000000, id=,S09, PRDE,actvstrat=,0.326940, actvprof=,0.000000, best_B_id=,B08, best_B_prof=,6.573543, best_B_strat=,0.780154, best_S_id=,S01, best_S_prof=,3.970171, best_S_strat=,1.000000, 
t=,1576800, id=,B00, PRDE,actvstrat=,-1.000000, actvprof=,0.000000, id=,B03, PRDE,actvstrat=,-1.000000, actvprof=,0.037394, id=,B05, PRDE,actvstrat=,-0.564805, actvprof=,0.401321, id=,B06, PRDE,actvstrat=,1.000000, actvprof=,3.199583, id=,B08, PRDE,actvstrat=,0.780154, actvprof=,6.481182, id=,S01, PRDE,actvstrat=,1.000000, actvprof=,3.954544, id=,S02, PRDE,actvstrat=,1.000000, actvprof=,2.289070, id=,S07, PRDE,actvstrat=,1.000000, actvprof=,0.000695, id=,S08, PRDE,actvstrat=,-1.000000, actvprof=,0.000000, id=,S09, PRDE,actvstrat=,0.326940, actvprof=,0.000000, best_B_id=,B08, best_B_prof=,6.481182, best_B_strat=,0.780154, best_S_id=,S01, best_S_prof=,3.954544, best_S_strat=,1.000000, 
t=,1580400, id=,B00, PRDE,actvstrat=,-1.000000, actvprof=,0.000000, id=,B03, PRDE,actvstrat=,-1.000000, actvprof=,0.022817, id=,B05, PRDE,actvstrat=,-1.000000, actvprof=,1.063513, id=,B06, PRDE,actvstrat=,-1.000000, actvprof=,2.505461, id=,B08, PRDE,actvstrat=,1.000000, actvprof=,5.851548, id=,S01, PRDE,actvstrat=,1.000000, actvprof=,5.279165, id=,S02, PRDE,actvstrat=,1.000000, actvprof=,3.543652, id=,S07, PRDE,actvstrat=,-1.000000, actvprof=,0.002226, id=,S08, PRDE,actvstrat=,-1.000000, actvprof=,0.000000, id=,S09, PRDE,actvstrat=,1.000000, actvprof=,0.000000, best_B_id=,B08, best_B_prof=,5.851548, best_B_strat=,1.000000, best_S_id=,S01, best_S_prof=,5.279165, best_S_strat=,1.000000, 
t=,1584000, id=,B00, PRDE,actvstrat=,-1.000000, actvprof=,0.000000, id=,B03, PRDE,actvstrat=,-1.000000, actvprof=,0.014735, id=,B05, PRDE,actvstrat=,-1.000000, actvprof=,0.993355, id=,B06, PRDE,actvstrat=,-1.000000, actvprof=,2.480469, id=,B08, PRDE,actvstrat=,1.000000, actvprof=,5.829603, id=,S01, PRDE,actvstrat=,1.000000, actvprof=,5.364063, id=,S02, PRDE,actvstrat=,1.000000, actvprof=,3.662320, id=,S07, PRDE,actvstrat=,-1.000000, actvprof=,0.002224, id=,S08, PRDE,actvstrat=,-1.000000, actvprof=,0.000000, id=,S09, PRDE,actvstrat=,1.000000, actvprof=,0.000000, best_B_id=,B08, best_B_prof=,5.829603, best_B_strat=,1.000000, best_S_id=,S01, best_S_prof=,5.364063, best_S_strat=,1.000000, 
t=,1587600, id=,B00, PRDE,actvstrat=,-1.000000, actvprof=,0.000000, id=,B03, PRDE,actvstrat=,-1.000000, actvprof=,0.019478, id=,B05, PRDE,actvstrat=,-1.000000, actvprof=,1.210679, id=,B06, PRDE,actvstrat=,1.000000, actvprof=,2.396872, id=,B08, PRDE,actvstrat=,0.838465, actvprof=,5.676086, id=,S01, PRDE,actvstrat=,1.000000, actvprof=,5.132101, id=,S02, PRDE,actvstrat=,1.000000, actvprof=,3.454234, id=,S07, PRDE,actvstrat=,-1.000000, actvprof=,0.000000, id=,S08, PRDE,actvstrat=,0.779698, actvprof=,0.000000, id=,S09, PRDE,actvstrat=,-1.000000, actvprof=,0.000000, best_B_id=,B08, best_B_prof=,5.676086, best_B_strat=,0.838465, best_S_id=,S01, best_S_prof=,5.132101, best_S_strat=,1.000000, 
t=,1591200, id=,B00, PRDE,actvstrat=,-1.000000, actvprof=,0.000000, id=,B03, PRDE,actvstrat=,-1.000000, actvprof=,0.022102, id=,B05, PRDE,actvstrat=,-1.000000, actvprof=,1.175735, id=,B06, PRDE,actvstrat=,1.000000, actvprof=,2.428758, id=,B08, PRDE,actvstrat=,0.838465, actvprof=,5.723540, id=,S01, PRDE,actvstrat=,1.000000, actvprof=,5.132614, id=,S02, PRDE,actvstrat=,1.000000, actvprof=,3.437543, id=,S07, PRDE,actvstrat=,-1.000000, actvprof=,0.000000, id=,S08, PRDE,actvstrat=,0.779698, actvprof=,0.000000, id=,S09, PRDE,actvstrat=,-1.000000, actvprof=,0.000000, best_B_id=,B08, best_B_prof=,5.723540, best_B_strat=,0.838465, best_S_id=,S01, best_S_prof=,5.132614, best_S_strat=,1.000000, 
t=,1594800, id=,B00, PRDE,actvstrat=,1.000000, actvprof=,0.000000, id=,B03, PRDE,actvstrat=,1.000000, actvprof=,0.010017, id=,B05, PRDE,actvstrat=,-1.000000, actvprof=,1.181774, id=,B06, PRDE,actvstrat=,1.000000, actvprof=,2.468730, id=,B08, PRDE,actvstrat=,1.000000, actvprof=,5.786435, id=,S01, PRDE,actvstrat=,1.000000, actvprof=,5.161739, id=,S02, PRDE,actvstrat=,1.000000, actvprof=,3.294609, id=,S07, PRDE,actvstrat=,-1.000000, actvprof=,0.001670, id=,S08, PRDE,actvstrat=,1.000000, actvprof=,0.000000, id=,S09, PRDE,actvstrat=,1.000000, actvprof=,0.000000, best_B_id=,B08, best_B_prof=,5.786435, best_B_strat=,1.000000, best_S_id=,S01, best_S_prof=,5.161739, best_S_strat=,1.000000, 
t=,1598400, id=,B00, PRDE,actvstrat=,1.000000, actvprof=,0.000000, id=,B03, PRDE,actvstrat=,1.000000, actvprof=,0.009870, id=,B05, PRDE,actvstrat=,-1.000000, actvprof=,1.177689, id=,B06, PRDE,actvstrat=,1.000000, actvprof=,2.420990, id=,B08, PRDE,actvstrat=,1.000000, actvprof=,5.780573, id=,S01, PRDE,actvstrat=,1.000000, actvprof=,5.116525, id=,S02, PRDE,actvstrat=,1.000000, actvprof=,3.346377, id=,S07, PRDE,actvstrat=,-1.000000, actvprof=,0.002085, id=,S08, PRDE,actvstrat=,1.000000, actvprof=,0.000000, id=,S09, PRDE,actvstrat=,1.000000, actvprof=,0.000000, best_B_id=,B08, best_B_prof=,5.780573, best_B_strat=,1.000000, best_S_id=,S01, best_S_prof=,5.116525, best_S_strat=,1.000000, 
t=,1602000, id=,B00, PRDE,actvstrat=,-1.000000, actvprof=,0.000000, id=,B03, PRDE,actvstrat=,-1.000000, actvprof=,0.000000, id=,B05, PRDE,actvstrat=,-1.000000, actvprof=,1.140870, id=,B06, PRDE,actvstrat=,-1.000000, actvprof=,2.743652, id=,B08, PRDE,actvstrat=,-0.973332, actvprof=,0.901843, id=,S01, PRDE,actvstrat=,-1.000000, actvprof=,4.756591, id=,S02, PRDE,actvstrat=,-0.174730, actvprof=,0.211478, id=,S07, PRDE,actvstrat=,1.000000, actvprof=,0.000000, id=,S08, PRDE,actvstrat=,-1.000000, actvprof=,0.000000, id=,S09, PRDE,actvstrat=,1.000000, actvprof=,0.000000, best_B_id=,B06, best_B_prof=,2.743652, best_B_strat=,-1.000000, best_S_id=,S01, best_S_prof=,4.756591, best_S_strat=,-1.000000, 
t=,1605600, id=,B00, PRDE,actvstrat=,-1.000000, actvprof=,0.000000, id=,B03, PRDE,actvstrat=,-1.000000, actvprof=,0.000000, id=,B05, PRDE,actvstrat=,-1.000000, actvprof=,1.107211, id=,B06, PRDE,actvstrat=,-1.000000, actvprof=,2.706794, id=,B08, PRDE,actvstrat=,-0.973332, actvprof=,0.865334, id=,S01, PRDE,actvstrat=,-1.000000, actvprof=,4.861025, id=,S02, PRDE,actvstrat=,-0.174730, actvprof=,0.182520, id=,S07, PRDE,actvstrat=,1.000000, actvprof=,0.000000, id=,S08, PRDE,actvstrat=,-1.000000, actvprof=,0.000000, id=,S09, PRDE,actvstrat=,1.000000, actvprof=,0.000000, best_B_id=,B06, best_B_prof=,2.706794, best_B_strat=,-1.000000, best_S_id=,S01, best_S_prof=,4.861025, best_S_strat=,-1.000000, 
t=,1609200, id=,B00, PRDE,actvstrat=,1.000000, actvprof=,0.000000, id=,B03, PRDE,actvstrat=,1.000000, actvprof=,0.014470, id=,B05, PRDE,actvstrat=,-1.000000, actvprof=,1.103026, id=,B06, PRDE,actvstrat=,1.000000, actvprof=,2.408626, id=,B08, PRDE,actvstrat=,1.000000, actvprof=,5.826783, id=,S01, PRDE,actvstrat=,1.000000, actvprof=,5.214052, id=,S02, PRDE,actvstrat=,1.000000, actvprof=,3.441809, id=,S07, PRDE,actvstrat=,1.000000, actvprof=,0.006122, id=,S08, PRDE,actvstrat=,0.559397, actvprof=,0.000000, id=,S09, PRDE,actvstrat=,-0.346120, actvprof=,0.000000, best_B_id=,B08, best_B_prof=,5.826783, best_B_strat=,1.000000, best_S_id=,S01, best_S_prof=,5.214052, best_S_strat=,1.000000, 
t=,1612800, id=,B00, PRDE,actvstrat=,1.000000, actvprof=,0.000000, id=,B03, PRDE,actvstrat=,1.000000, actvprof=,0.011816, id=,B05, PRDE,actvstrat=,-1.000000, actvprof=,1.098600, id=,B06, PRDE,actvstrat=,1.000000, actvprof=,2.348166, id=,B08, PRDE,actvstrat=,1.000000, actvprof=,5.775192, id=,S01, PRDE,actvstrat=,1.000000, actvprof=,5.278230, id=,S02, PRDE,actvstrat=,1.000000, actvprof=,3.482353, id=,S07, PRDE,actvstrat=,1.000000, actvprof=,0.005421, id=,S08, PRDE,actvstrat=,0.559397, actvprof=,0.000000, id=,S09, PRDE,actvstrat=,-0.346120, actvprof=,0.000000, best_B_id=,B08, best_B_prof=,5.775192, best_B_strat=,1.000000, best_S_id=,S01, best_S_prof=,5.278230, best_S_strat=,1.000000, 
t=,1616400, id=,B00, PRDE,actvstrat=,1.000000, actvprof=,0.000000, id=,B03, PRDE,actvstrat=,1.000000, actvprof=,0.011966, id=,B05, PRDE,actvstrat=,-1.000000, actvprof=,1.194607, id=,B06, PRDE,actvstrat=,1.000000, actvprof=,2.493843, id=,B08, PRDE,actvstrat=,1.000000, actvprof=,5.894007, id=,S01, PRDE,actvstrat=,1.000000, actvprof=,5.035827, id=,S02, PRDE,actvstrat=,1.000000, actvprof=,3.389590, id=,S07, PRDE,actvstrat=,1.000000, actvprof=,0.011409, id=,S08, PRDE,actvstrat=,1.000000, actvprof=,0.000000, id=,S09, PRDE,actvstrat=,1.000000, actvprof=,0.000000, best_B_id=,B08, best_B_prof=,5.894007, best_B_strat=,1.000000, best_S_id=,S01, best_S_prof=,5.035827, best_S_strat=,1.000000, 
t=,1620000, id=,B00, PRDE,actvstrat=,1.000000, actvprof=,0.000000, id=,B03, PRDE,actvstrat=,1.000000, actvprof=,0.011399, id=,B05, PRDE,actvstrat=,-1.000000, actvprof=,1.205508, id=,B06, PRDE,actvstrat=,1.000000, actvprof=,2.457862, id=,B08, PRDE,actvstrat=,1.000000, actvprof=,5.834034, id=,S01, PRDE,actvstrat=,1.000000, actvprof=,5.056543, id=,S02, PRDE,actvstrat=,1.000000, actvprof=,3.419127, id=,S07, PRDE,actvstrat=,1.000000, actvprof=,0.008480, id=,S08, PRDE,actvstrat=,1.000000, actvprof=,0.000000, id=,S09, PRDE,actvstrat=,1.000000, actvprof=,0.000000, best_B_id=,B08, best_B_prof=,5.834034, best_B_strat=,1.000000, best_S_id=,S01, best_S_prof=,5.056543, best_S_strat=,1.000000, 
t=,1623600, id=,B00, PRDE,actvstrat=,-0.912313, actvprof=,0.000000, id=,B03, PRDE,actvstrat=,1.000000, actvprof=,0.005287, id=,B05, PRDE,actvstrat=,-1.000000, actvprof=,1.209077, id=,B06, PRDE,actvstrat=,-1.000000, actvprof=,2.757642, id=,B08, PRDE,actvstrat=,1.000000, actvprof=,6.157806, id=,S01, PRDE,actvstrat=,-1.000000, actvprof=,4.762289, id=,S02, PRDE,actvstrat=,1.000000, actvprof=,3.458879, id=,S07, PRDE,actvstrat=,-1.000000, actvprof=,0.000000, id=,S08, PRDE,actvstrat=,1.000000, actvprof=,0.000000, id=,S09, PRDE,actvstrat=,0.326940, actvprof=,0.000000, best_B_id=,B08, best_B_prof=,6.157806, best_B_strat=,1.000000, best_S_id=,S01, best_S_prof=,4.762289, best_S_strat=,-1.000000, 
t=,1627200, id=,B00, PRDE,actvstrat=,-0.912313, actvprof=,0.000000, id=,B03, PRDE,actvstrat=,1.000000, actvprof=,0.004309, id=,B05, PRDE,actvstrat=,-1.000000, actvprof=,1.238175, id=,B06, PRDE,actvstrat=,-1.000000, actvprof=,2.767719, id=,B08, PRDE,actvstrat=,1.000000, actvprof=,6.177532, id=,S01, PRDE,actvstrat=,-1.000000, actvprof=,4.803681, id=,S02, PRDE,actvstrat=,1.000000, actvprof=,3.459718, id=,S07, PRDE,actvstrat=,-1.000000, actvprof=,0.000000, id=,S08, PRDE,actvstrat=,1.000000, actvprof=,0.000000, id=,S09, PRDE,actvstrat=,0.326940, actvprof=,0.000000, best_B_id=,B08, best_B_prof=,6.177532, best_B_strat=,1.000000, best_S_id=,S01, best_S_prof=,4.803681, best_S_strat=,-1.000000, 
t=,1630800, id=,B00, PRDE,actvstrat=,1.000000, actvprof=,0.000000, id=,B03, PRDE,actvstrat=,-1.000000, actvprof=,0.005009, id=,B05, PRDE,actvstrat=,-1.000000, actvprof=,0.277148, id=,B06, PRDE,actvstrat=,-1.000000, actvprof=,1.589704, id=,B08, PRDE,actvstrat=,1.000000, actvprof=,4.995617, id=,S01, PRDE,actvstrat=,1.000000, actvprof=,6.317357, id=,S02, PRDE,actvstrat=,-0.623242, actvprof=,0.334191, id=,S07, PRDE,actvstrat=,1.000000, actvprof=,0.003061, id=,S08, PRDE,actvstrat=,1.000000, actvprof=,0.000000, id=,S09, PRDE,actvstrat=,1.000000, actvprof=,0.000000, best_B_id=,B08, best_B_prof=,4.995617, best_B_strat=,1.000000, best_S_id=,S01, best_S_prof=,6.317357, best_S_strat=,1.000000, 
t=,1634400, id=,B00, PRDE,actvstrat=,1.000000, actvprof=,0.000000, id=,B03, PRDE,actvstrat=,-1.000000, actvprof=,0.003336, id=,B05, PRDE,actvstrat=,-1.000000, actvprof=,0.281915, id=,B06, PRDE,actvstrat=,-1.000000, actvprof=,1.640614, id=,B08, PRDE,actvstrat=,1.000000, actvprof=,5.027490, id=,S01, PRDE,actvstrat=,1.000000, actvprof=,6.279010, id=,S02, PRDE,actvstrat=,-0.623242, actvprof=,0.274687, id=,S07, PRDE,actvstrat=,1.000000, actvprof=,0.004170, id=,S08, PRDE,actvstrat=,1.000000, actvprof=,0.000000, id=,S09, PRDE,actvstrat=,1.000000, actvprof=,0.000000, best_B_id=,B08, best_B_prof=,5.027490, best_B_strat=,1.000000, best_S_id=,S01, best_S_prof=,6.279010, best_S_strat=,1.000000, 
t=,1638000, id=,B00, PRDE,actvstrat=,-1.000000, actvprof=,0.000000, id=,B03, PRDE,actvstrat=,-1.000000, actvprof=,0.023653, id=,B05, PRDE,actvstrat=,-1.000000, actvprof=,1.158448, id=,B06, PRDE,actvstrat=,1.000000, actvprof=,2.466607, id=,B08, PRDE,actvstrat=,0.801951, actvprof=,5.631400, id=,S01, PRDE,actvstrat=,1.000000, actvprof=,5.059272, id=,S02, PRDE,actvstrat=,1.000000, actvprof=,3.507903, id=,S07, PRDE,actvstrat=,-1.000000, actvprof=,0.000000, id=,S08, PRDE,actvstrat=,-1.000000, actvprof=,0.000000, id=,S09, PRDE,actvstrat=,1.000000, actvprof=,0.000000, best_B_id=,B08, best_B_prof=,5.631400, best_B_strat=,0.801951, best_S_id=,S01, best_S_prof=,5.059272, best_S_strat=,1.000000, 
t=,1641600, id=,B00, PRDE,actvstrat=,-1.000000, actvprof=,0.000000, id=,B03, PRDE,actvstrat=,-1.000000, actvprof=,0.029748, id=,B05, PRDE,actvstrat=,-1.000000, actvprof=,1.190617, id=,B06, PRDE,actvstrat=,1.000000, actvprof=,2.511486, id=,B08, PRDE,actvstrat=,0.801951, actvprof=,5.702728, id=,S01, PRDE,actvstrat=,1.000000, actvprof=,5.017967, id=,S02, PRDE,actvstrat=,1.000000, actvprof=,3.424222, id=,S07, PRDE,actvstrat=,-1.000000, actvprof=,0.000000, id=,S08, PRDE,actvstrat=,-1.000000, actvprof=,0.000000, id=,S09, PRDE,actvstrat=,1.000000, actvprof=,0.000000, best_B_id=,B08, best_B_prof=,5.702728, best_B_strat=,0.801951, best_S_id=,S01, best_S_prof=,5.017967, best_S_strat=,1.000000, 
t=,1645200, id=,B00, PRDE,actvstrat=,-0.912313, actvprof=,0.000000, id=,B03, PRDE,actvstrat=,-1.000000, actvprof=,0.007235, id=,B05, PRDE,actvstrat=,-1.000000, actvprof=,1.248887, id=,B06, PRDE,actvstrat=,-1.000000, actvprof=,2.745715, id=,B08, PRDE,actvstrat=,1.000000, actvprof=,6.019869, id=,S01, PRDE,actvstrat=,-1.000000, actvprof=,4.687222, id=,S02, PRDE,actvstrat=,1.000000, actvprof=,3.394646, id=,S07, PRDE,actvstrat=,-1.000000, actvprof=,0.000000, id=,S08, PRDE,actvstrat=,0.559397, actvprof=,0.000000, id=,S09, PRDE,actvstrat=,0.326940, actvprof=,0.000000, best_B_id=,B08, best_B_prof=,6.019869, best_B_strat=,1.000000, best_S_id=,S01, best_S_prof=,4.687222, best_S_strat=,-1.000000, 
t=,1648800, id=,B00, PRDE,actvstrat=,-0.912313, actvprof=,0.000000, id=,B03, PRDE,actvstrat=,-1.000000, actvprof=,0.005560, id=,B05, PRDE,actvstrat=,-1.000000, actvprof=,1.239426, id=,B06, PRDE,actvstrat=,-1.000000, actvprof=,2.761741, id=,B08, PRDE,actvstrat=,1.000000, actvprof=,6.033238, id=,S01, PRDE,actvstrat=,-1.000000, actvprof=,4.785053, id=,S02, PRDE,actvstrat=,1.000000, actvprof=,3.428718, id=,S07, PRDE,actvstrat=,-1.000000, actvprof=,0.000000, id=,S08, PRDE,actvstrat=,0.559397, actvprof=,0.000000, id=,S09, PRDE,actvstrat=,0.326940, actvprof=,0.000000, best_B_id=,B08, best_B_prof=,6.033238, best_B_strat=,1.000000, best_S_id=,S01, best_S_prof=,4.785053, best_S_strat=,-1.000000, 
t=,1652400, id=,B00, PRDE,actvstrat=,-1.000000, actvprof=,0.000000, id=,B03, PRDE,actvstrat=,-1.000000, actvprof=,0.014470, id=,B05, PRDE,actvstrat=,-0.867052, actvprof=,0.244042, id=,B06, PRDE,actvstrat=,1.000000, actvprof=,3.882682, id=,B08, PRDE,actvstrat=,0.801951, actvprof=,7.165695, id=,S01, PRDE,actvstrat=,-1.000000, actvprof=,3.436339, id=,S02, PRDE,actvstrat=,1.000000, actvprof=,2.007708, id=,S07, PRDE,actvstrat=,-1.000000, actvprof=,0.000000, id=,S08, PRDE,actvstrat=,-1.000000, actvprof=,0.000000, id=,S09, PRDE,actvstrat=,1.000000, actvprof=,0.000000, best_B_id=,B08, best_B_prof=,7.165695, best_B_strat=,0.801951, best_S_id=,S01, best_S_prof=,3.436339, best_S_strat=,-1.000000, 
t=,1656000, id=,B00, PRDE,actvstrat=,-1.000000, actvprof=,0.000000, id=,B03, PRDE,actvstrat=,-1.000000, actvprof=,0.019045, id=,B05, PRDE,actvstrat=,-0.867052, actvprof=,0.221586, id=,B06, PRDE,actvstrat=,1.000000, actvprof=,3.858152, id=,B08, PRDE,actvstrat=,0.801951, actvprof=,7.197370, id=,S01, PRDE,actvstrat=,-1.000000, actvprof=,3.417343, id=,S02, PRDE,actvstrat=,1.000000, actvprof=,2.009981, id=,S07, PRDE,actvstrat=,-1.000000, actvprof=,0.000000, id=,S08, PRDE,actvstrat=,-1.000000, actvprof=,0.000000, id=,S09, PRDE,actvstrat=,1.000000, actvprof=,0.000000, best_B_id=,B08, best_B_prof=,7.197370, best_B_strat=,0.801951, best_S_id=,S01, best_S_prof=,3.417343, best_S_strat=,-1.000000, 
t=,1659600, id=,B00, PRDE,actvstrat=,1.000000, actvprof=,0.000000, id=,B03, PRDE,actvstrat=,1.000000, actvprof=,0.005287, id=,B05, PRDE,actvstrat=,-1.000000, actvprof=,1.321238, id=,B06, PRDE,actvstrat=,1.000000, actvprof=,2.764637, id=,B08, PRDE,actvstrat=,1.000000, actvprof=,6.115038, id=,S01, PRDE,actvstrat=,-1.000000, actvprof=,4.767086, id=,S02, PRDE,actvstrat=,1.000000, actvprof=,3.280276, id=,S07, PRDE,actvstrat=,-1.000000, actvprof=,0.000000, id=,S08, PRDE,actvstrat=,-1.000000, actvprof=,0.000000, id=,S09, PRDE,actvstrat=,1.000000, actvprof=,0.000000, best_B_id=,B08, best_B_prof=,6.115038, best_B_strat=,1.000000, best_S_id=,S01, best_S_prof=,4.767086, best_S_strat=,-1.000000, 
t=,1663200, id=,B00, PRDE,actvstrat=,1.000000, actvprof=,0.000000, id=,B03, PRDE,actvstrat=,1.000000, actvprof=,0.005004, id=,B05, PRDE,actvstrat=,-1.000000, actvprof=,1.313798, id=,B06, PRDE,actvstrat=,1.000000, actvprof=,2.720177, id=,B08, PRDE,actvstrat=,1.000000, actvprof=,6.123595, id=,S01, PRDE,actvstrat=,-1.000000, actvprof=,4.757529, id=,S02, PRDE,actvstrat=,1.000000, actvprof=,3.286232, id=,S07, PRDE,actvstrat=,-1.000000, actvprof=,0.001112, id=,S08, PRDE,actvstrat=,-1.000000, actvprof=,0.000000, id=,S09, PRDE,actvstrat=,1.000000, actvprof=,0.000000, best_B_id=,B08, best_B_prof=,6.123595, best_B_strat=,1.000000, best_S_id=,S01, best_S_prof=,4.757529, best_S_strat=,-1.000000, 
t=,1666800, id=,B00, PRDE,actvstrat=,-1.000000, actvprof=,0.000000, id=,B03, PRDE,actvstrat=,-1.000000, actvprof=,0.011409, id=,B05, PRDE,actvstrat=,-0.867052, actvprof=,0.143036, id=,B06, PRDE,actvstrat=,-1.000000, actvprof=,3.332127, id=,B08, PRDE,actvstrat=,0.405853, actvprof=,6.128565, id=,S01, PRDE,actvstrat=,1.000000, actvprof=,4.345624, id=,S02, PRDE,actvstrat=,1.000000, actvprof=,2.647280, id=,S07, PRDE,actvstrat=,1.000000, actvprof=,0.000000, id=,S08, PRDE,actvstrat=,1.000000, actvprof=,0.000000, id=,S09, PRDE,actvstrat=,-0.346120, actvprof=,0.000000, best_B_id=,B08, best_B_prof=,6.128565, best_B_strat=,0.405853, best_S_id=,S01, best_S_prof=,4.345624, best_S_strat=,1.000000, 
t=,1670400, id=,B00, PRDE,actvstrat=,-1.000000, actvprof=,0.000000, id=,B03, PRDE,actvstrat=,-1.000000, actvprof=,0.013067, id=,B05, PRDE,actvstrat=,-0.867052, actvprof=,0.133593, id=,B06, PRDE,actvstrat=,-1.000000, actvprof=,3.382081, id=,B08, PRDE,actvstrat=,0.405853, actvprof=,6.167373, id=,S01, PRDE,actvstrat=,1.000000, actvprof=,4.338778, id=,S02, PRDE,actvstrat=,1.000000, actvprof=,2.614583, id=,S07, PRDE,actvstrat=,1.000000, actvprof=,0.000000, id=,S08, PRDE,actvstrat=,1.000000, actvprof=,0.000000, id=,S09, PRDE,actvstrat=,-0.346120, actvprof=,0.000000, best_B_id=,B08, best_B_prof=,6.167373, best_B_strat=,0.405853, best_S_id=,S01, best_S_prof=,4.338778, best_S_strat=,1.000000, 
t=,1674000, id=,B00, PRDE,actvstrat=,-1.000000, actvprof=,0.000000, id=,B03, PRDE,actvstrat=,1.000000, actvprof=,0.006400, id=,B05, PRDE,actvstrat=,-1.000000, actvprof=,0.975915, id=,B06, PRDE,actvstrat=,-1.000000, actvprof=,2.480277, id=,B08, PRDE,actvstrat=,1.000000, actvprof=,5.805401, id=,S01, PRDE,actvstrat=,1.000000, actvprof=,5.491784, id=,S02, PRDE,actvstrat=,1.000000, actvprof=,3.662952, id=,S07, PRDE,actvstrat=,-1.000000, actvprof=,0.000000, id=,S08, PRDE,actvstrat=,1.000000, actvprof=,0.000000, id=,S09, PRDE,actvstrat=,1.000000, actvprof=,0.000000, best_B_id=,B08, best_B_prof=,5.805401, best_B_strat=,1.000000, best_S_id=,S01, best_S_prof=,5.491784, best_S_strat=,1.000000, 
t=,1677600, id=,B00, PRDE,actvstrat=,-1.000000, actvprof=,0.000000, id=,B03, PRDE,actvstrat=,1.000000, actvprof=,0.006812, id=,B05, PRDE,actvstrat=,-1.000000, actvprof=,0.998804, id=,B06, PRDE,actvstrat=,-1.000000, actvprof=,2.480399, id=,B08, PRDE,actvstrat=,1.000000, actvprof=,5.826151, id=,S01, PRDE,actvstrat=,1.000000, actvprof=,5.418010, id=,S02, PRDE,actvstrat=,1.000000, actvprof=,3.647826, id=,S07, PRDE,actvstrat=,-1.000000, actvprof=,0.000000, id=,S08, PRDE,actvstrat=,1.000000, actvprof=,0.000000, id=,S09, PRDE,actvstrat=,1.000000, actvprof=,0.000000, best_B_id=,B08, best_B_prof=,5.826151, best_B_strat=,1.000000, best_S_id=,S01, best_S_prof=,5.418010, best_S_strat=,1.000000, 
t=,1681200, id=,B00, PRDE,actvstrat=,-0.912313, actvprof=,0.000000, id=,B03, PRDE,actvstrat=,1.000000, actvprof=,0.007514, id=,B05, PRDE,actvstrat=,-1.000000, actvprof=,0.717406, id=,B06, PRDE,actvstrat=,1.000000, actvprof=,2.124391, id=,B08, PRDE,actvstrat=,0.009755, actvprof=,3.839154, id=,S01, PRDE,actvstrat=,1.000000, actvprof=,5.556978, id=,S02, PRDE,actvstrat=,0.308635, actvprof=,1.225546, id=,S07, PRDE,actvstrat=,-1.000000, actvprof=,0.000000, id=,S08, PRDE,actvstrat=,0.559397, actvprof=,0.000000, id=,S09, PRDE,actvstrat=,-1.000000, actvprof=,0.000000, best_B_id=,B08, best_B_prof=,3.839154, best_B_strat=,0.009755, best_S_id=,S01, best_S_prof=,5.556978, best_S_strat=,1.000000, 
t=,1684800, id=,B00, PRDE,actvstrat=,-0.912313, actvprof=,0.000000, id=,B03, PRDE,actvstrat=,1.000000, actvprof=,0.006673, id=,B05, PRDE,actvstrat=,-1.000000, actvprof=,0.680336, id=,B06, PRDE,actvstrat=,1.000000, actvprof=,2.095781, id=,B08, PRDE,actvstrat=,0.009755, actvprof=,3.754640, id=,S01, PRDE,actvstrat=,1.000000, actvprof=,5.633975, id=,S02, PRDE,actvstrat=,0.308635, actvprof=,1.270035, id=,S07, PRDE,actvstrat=,-1.000000, actvprof=,0.000000, id=,S08, PRDE,actvstrat=,0.559397, actvprof=,0.000000, id=,S09, PRDE,actvstrat=,-1.000000, actvprof=,0.000000, best_B_id=,B08, best_B_prof=,3.754640, best_B_strat=,0.009755, best_S_id=,S01, best_S_prof=,5.633975, best_S_strat=,1.000000, 
t=,1688400, id=,B00, PRDE,actvstrat=,-0.912313, actvprof=,0.000000, id=,B03, PRDE,actvstrat=,-1.000000, actvprof=,0.000000, id=,B05, PRDE,actvstrat=,-1.000000, actvprof=,0.940600, id=,B06, PRDE,actvstrat=,1.000000, actvprof=,2.419959, id=,B08, PRDE,actvstrat=,0.801951, actvprof=,5.719573, id=,S01, PRDE,actvstrat=,-1.000000, actvprof=,5.095938, id=,S02, PRDE,actvstrat=,0.654318, actvprof=,2.034813, id=,S07, PRDE,actvstrat=,1.000000, actvprof=,0.002226, id=,S08, PRDE,actvstrat=,-1.000000, actvprof=,0.000000, id=,S09, PRDE,actvstrat=,-0.346120, actvprof=,0.000000, best_B_id=,B08, best_B_prof=,5.719573, best_B_strat=,0.801951, best_S_id=,S01, best_S_prof=,5.095938, best_S_strat=,-1.000000, 
t=,1692000, id=,B00, PRDE,actvstrat=,-0.912313, actvprof=,0.000000, id=,B03, PRDE,actvstrat=,-1.000000, actvprof=,0.000000, id=,B05, PRDE,actvstrat=,-1.000000, actvprof=,0.986446, id=,B06, PRDE,actvstrat=,1.000000, actvprof=,2.493779, id=,B08, PRDE,actvstrat=,0.801951, actvprof=,5.770209, id=,S01, PRDE,actvstrat=,-1.000000, actvprof=,5.111420, id=,S02, PRDE,actvstrat=,0.654318, actvprof=,2.011538, id=,S07, PRDE,actvstrat=,1.000000, actvprof=,0.001251, id=,S08, PRDE,actvstrat=,-1.000000, actvprof=,0.000000, id=,S09, PRDE,actvstrat=,-0.346120, actvprof=,0.000000, best_B_id=,B08, best_B_prof=,5.770209, best_B_strat=,0.801951, best_S_id=,S01, best_S_prof=,5.111420, best_S_strat=,-1.000000, 
t=,1695600, id=,B00, PRDE,actvstrat=,1.000000, actvprof=,0.000000, id=,B03, PRDE,actvstrat=,1.000000, actvprof=,0.016975, id=,B05, PRDE,actvstrat=,-0.734104, actvprof=,0.325871, id=,B06, PRDE,actvstrat=,1.000000, actvprof=,3.305737, id=,B08, PRDE,actvstrat=,1.000000, actvprof=,6.896993, id=,S01, PRDE,actvstrat=,1.000000, actvprof=,3.815275, id=,S02, PRDE,actvstrat=,1.000000, actvprof=,2.171173, id=,S07, PRDE,actvstrat=,-1.000000, actvprof=,0.000000, id=,S08, PRDE,actvstrat=,-1.000000, actvprof=,0.000000, id=,S09, PRDE,actvstrat=,-1.000000, actvprof=,0.000000, best_B_id=,B08, best_B_prof=,6.896993, best_B_strat=,1.000000, best_S_id=,S01, best_S_prof=,3.815275, best_S_strat=,1.000000, 
t=,1699200, id=,B00, PRDE,actvstrat=,1.000000, actvprof=,0.000000, id=,B03, PRDE,actvstrat=,1.000000, actvprof=,0.015709, id=,B05, PRDE,actvstrat=,-0.734104, actvprof=,0.323347, id=,B06, PRDE,actvstrat=,1.000000, actvprof=,3.275735, id=,B08, PRDE,actvstrat=,1.000000, actvprof=,6.858831, id=,S01, PRDE,actvstrat=,1.000000, actvprof=,3.845694, id=,S02, PRDE,actvstrat=,1.000000, actvprof=,2.172517, id=,S07, PRDE,actvstrat=,-1.000000, actvprof=,0.001112, id=,S08, PRDE,actvstrat=,-1.000000, actvprof=,0.000000, id=,S09, PRDE,actvstrat=,-1.000000, actvprof=,0.000000, best_B_id=,B08, best_B_prof=,6.858831, best_B_strat=,1.000000, best_S_id=,S01, best_S_prof=,3.845694, best_S_strat=,1.000000, 
t=,1702800, id=,B00, PRDE,actvstrat=,1.000000, actvprof=,0.000000, id=,B03, PRDE,actvstrat=,1.000000, actvprof=,0.000000, id=,B05, PRDE,actvstrat=,-1.000000, actvprof=,0.234040, id=,B06, PRDE,actvstrat=,1.000000, actvprof=,1.509434, id=,B08, PRDE,actvstrat=,0.801951, actvprof=,4.807425, id=,S01, PRDE,actvstrat=,1.000000, actvprof=,6.311015, id=,S02, PRDE,actvstrat=,-0.927052, actvprof=,0.000000, id=,S07, PRDE,actvstrat=,1.000000, actvprof=,0.000835, id=,S08, PRDE,actvstrat=,1.000000, actvprof=,0.000000, id=,S09, PRDE,actvstrat=,1.000000, actvprof=,0.000000, best_B_id=,B08, best_B_prof=,4.807425, best_B_strat=,0.801951, best_S_id=,S01, best_S_prof=,6.311015, best_S_strat=,1.000000, 
t=,1706400, id=,B00, PRDE,actvstrat=,1.000000, actvprof=,0.000000, id=,B03, PRDE,actvstrat=,1.000000, actvprof=,0.000556, id=,B05, PRDE,actvstrat=,-1.000000, actvprof=,0.281780, id=,B06, PRDE,actvstrat=,1.000000, actvprof=,1.562233, id=,B08, PRDE,actvstrat=,0.801951, actvprof=,4.806667, id=,S01, PRDE,actvstrat=,1.000000, actvprof=,6.251573, id=,S02, PRDE,actvstrat=,-0.927052, actvprof=,0.005839, id=,S07, PRDE,actvstrat=,1.000000, actvprof=,0.001251, id=,S08, PRDE,actvstrat=,1.000000, actvprof=,0.000000, id=,S09, PRDE,actvstrat=,1.000000, actvprof=,0.000000, best_B_id=,B08, best_B_prof=,4.806667, best_B_strat=,0.801951, best_S_id=,S01, best_S_prof=,6.251573, best_S_strat=,1.000000, 
t=,1710000, id=,B00, PRDE,actvstrat=,0.824627, actvprof=,0.000000, id=,B03, PRDE,actvstrat=,-1.000000, actvprof=,0.018924, id=,B05, PRDE,actvstrat=,-1.000000, actvprof=,1.185228, id=,B06, PRDE,actvstrat=,1.000000, actvprof=,2.408861, id=,B08, PRDE,actvstrat=,1.000000, actvprof=,5.819001, id=,S01, PRDE,actvstrat=,1.000000, actvprof=,5.217343, id=,S02, PRDE,actvstrat=,1.000000, actvprof=,3.443257, id=,S07, PRDE,actvstrat=,-1.000000, actvprof=,0.000000, id=,S08, PRDE,actvstrat=,-0.559397, actvprof=,0.000000, id=,S09, PRDE,actvstrat=,-1.000000, actvprof=,0.000000, best_B_id=,B08, best_B_prof=,5.819001, best_B_strat=,1.000000, best_S_id=,S01, best_S_prof=,5.217343, best_S_strat=,1.000000, 
t=,1713600, id=,B00, PRDE,actvstrat=,0.824627, actvprof=,0.000000, id=,B03, PRDE,actvstrat=,-1.000000, actvprof=,0.028220, id=,B05, PRDE,actvstrat=,-1.000000, actvprof=,1.164262, id=,B06, PRDE,actvstrat=,1.000000, actvprof=,2.398588, id=,B08, PRDE,actvstrat=,1.000000, actvprof=,5.739150, id=,S01, PRDE,actvstrat=,1.000000, actvprof=,5.182806, id=,S02, PRDE,actvstrat=,1.000000, actvprof=,3.419801, id=,S07, PRDE,actvstrat=,-1.000000, actvprof=,0.000000, id=,S08, PRDE,actvstrat=,-0.559397, actvprof=,0.000000, id=,S09, PRDE,actvstrat=,-1.000000, actvprof=,0.000000, best_B_id=,B08, best_B_prof=,5.739150, best_B_strat=,1.000000, best_S_id=,S01, best_S_prof=,5.182806, best_S_strat=,1.000000, 
t=,1717200, id=,B00, PRDE,actvstrat=,-1.000000, actvprof=,0.000000, id=,B03, PRDE,actvstrat=,1.000000, actvprof=,0.004453, id=,B05, PRDE,actvstrat=,-1.000000, actvprof=,1.107586, id=,B06, PRDE,actvstrat=,1.000000, actvprof=,2.475650, id=,B08, PRDE,actvstrat=,0.405853, actvprof=,5.099627, id=,S01, PRDE,actvstrat=,1.000000, actvprof=,5.140257, id=,S02, PRDE,actvstrat=,0.870206, actvprof=,2.981856, id=,S07, PRDE,actvstrat=,-1.000000, actvprof=,0.000000, id=,S08, PRDE,actvstrat=,-1.000000, actvprof=,0.000000, id=,S09, PRDE,actvstrat=,-0.346120, actvprof=,0.000000, best_B_id=,B08, best_B_prof=,5.099627, best_B_strat=,0.405853, best_S_id=,S01, best_S_prof=,5.140257, best_S_strat=,1.000000, 
t=,1720800, id=,B00, PRDE,actvstrat=,-1.000000, actvprof=,0.000000, id=,B03, PRDE,actvstrat=,1.000000, actvprof=,0.005700, id=,B05, PRDE,actvstrat=,-1.000000, actvprof=,1.124503, id=,B06, PRDE,actvstrat=,1.000000, actvprof=,2.498123, id=,B08, PRDE,actvstrat=,0.405853, actvprof=,5.042956, id=,S01, PRDE,actvstrat=,1.000000, actvprof=,5.115523, id=,S02, PRDE,actvstrat=,0.870206, actvprof=,2.969250, id=,S07, PRDE,actvstrat=,-1.000000, actvprof=,0.000000, id=,S08, PRDE,actvstrat=,-1.000000, actvprof=,0.000000, id=,S09, PRDE,actvstrat=,-0.346120, actvprof=,0.000000, best_B_id=,B08, best_B_prof=,5.042956, best_B_strat=,0.405853, best_S_id=,S01, best_S_prof=,5.115523, best_S_strat=,1.000000, 
t=,1724400, id=,B00, PRDE,actvstrat=,-1.000000, actvprof=,0.000000, id=,B03, PRDE,actvstrat=,1.000000, actvprof=,0.004174, id=,B05, PRDE,actvstrat=,-1.000000, actvprof=,1.320198, id=,B06, PRDE,actvstrat=,1.000000, actvprof=,2.730283, id=,B08, PRDE,actvstrat=,1.000000, actvprof=,6.114265, id=,S01, PRDE,actvstrat=,-1.000000, actvprof=,4.668559, id=,S02, PRDE,actvstrat=,1.000000, actvprof=,3.301887, id=,S07, PRDE,actvstrat=,-1.000000, actvprof=,0.000000, id=,S08, PRDE,actvstrat=,-1.000000, actvprof=,0.000000, id=,S09, PRDE,actvstrat=,-1.000000, actvprof=,0.000000, best_B_id=,B08, best_B_prof=,6.114265, best_B_strat=,1.000000, best_S_id=,S01, best_S_prof=,4.668559, best_S_strat=,-1.000000, 
t=,1728000, id=,B00, PRDE,actvstrat=,-1.000000, actvprof=,0.000000, id=,B03, PRDE,actvstrat=,1.000000, actvprof=,0.007229, id=,B05, PRDE,actvstrat=,-1.000000, actvprof=,1.307727, id=,B06, PRDE,actvstrat=,1.000000, actvprof=,2.749743, id=,B08, PRDE,actvstrat=,1.000000, actvprof=,6.136458, id=,S01, PRDE,actvstrat=,-1.000000, actvprof=,4.760336, id=,S02, PRDE,actvstrat=,1.000000, actvprof=,3.292880, id=,S07, PRDE,actvstrat=,-1.000000, actvprof=,0.000000, id=,S08, PRDE,actvstrat=,-1.000000, actvprof=,0.000000, id=,S09, PRDE,actvstrat=,-1.000000, actvprof=,0.000000, best_B_id=,B08, best_B_prof=,6.136458, best_B_strat=,1.000000, best_S_id=,S01, best_S_prof=,4.760336, best_S_strat=,-1.000000, 
t=,1731600, id=,B00, PRDE,actvstrat=,-1.000000, actvprof=,0.000000, id=,B03, PRDE,actvstrat=,-1.000000, actvprof=,0.001670, id=,B05, PRDE,actvstrat=,-1.000000, actvprof=,0.855445, id=,B06, PRDE,actvstrat=,1.000000, actvprof=,2.321446, id=,B08, PRDE,actvstrat=,0.801951, actvprof=,5.622452, id=,S01, PRDE,actvstrat=,-1.000000, actvprof=,5.069501, id=,S02, PRDE,actvstrat=,0.658685, actvprof=,1.970530, id=,S07, PRDE,actvstrat=,1.000000, actvprof=,0.003339, id=,S08, PRDE,actvstrat=,0.559397, actvprof=,0.000000, id=,S09, PRDE,actvstrat=,-1.000000, actvprof=,0.000000, best_B_id=,B08, best_B_prof=,5.622452, best_B_strat=,0.801951, best_S_id=,S01, best_S_prof=,5.069501, best_S_strat=,-1.000000, 
t=,1735200, id=,B00, PRDE,actvstrat=,-1.000000, actvprof=,0.000000, id=,B03, PRDE,actvstrat=,-1.000000, actvprof=,0.000834, id=,B05, PRDE,actvstrat=,-1.000000, actvprof=,0.884972, id=,B06, PRDE,actvstrat=,1.000000, actvprof=,2.350750, id=,B08, PRDE,actvstrat=,0.801951, actvprof=,5.594534, id=,S01, PRDE,actvstrat=,-1.000000, actvprof=,5.151770, id=,S02, PRDE,actvstrat=,0.658685, actvprof=,1.936345, id=,S07, PRDE,actvstrat=,1.000000, actvprof=,0.002641, id=,S08, PRDE,actvstrat=,0.559397, actvprof=,0.000000, id=,S09, PRDE,actvstrat=,-1.000000, actvprof=,0.000000, best_B_id=,B08, best_B_prof=,5.594534, best_B_strat=,0.801951, best_S_id=,S01, best_S_prof=,5.151770, best_S_strat=,-1.000000, 
t=,1738800, id=,B00, PRDE,actvstrat=,1.000000, actvprof=,0.000000, id=,B03, PRDE,actvstrat=,1.000000, actvprof=,0.005009, id=,B05, PRDE,actvstrat=,-1.000000, actvprof=,1.270385, id=,B06, PRDE,actvstrat=,-1.000000, actvprof=,2.878054, id=,B08, PRDE,actvstrat=,1.000000, actvprof=,6.178828, id=,S01, PRDE,actvstrat=,-1.000000, actvprof=,4.647687, id=,S02, PRDE,actvstrat=,1.000000, actvprof=,3.372572, id=,S07, PRDE,actvstrat=,-1.000000, actvprof=,0.000000, id=,S08, PRDE,actvstrat=,1.000000, actvprof=,0.000000, id=,S09, PRDE,actvstrat=,-1.000000, actvprof=,0.000000, best_B_id=,B08, best_B_prof=,6.178828, best_B_strat=,1.000000, best_S_id=,S01, best_S_prof=,4.647687, best_S_strat=,-1.000000, 
t=,1742400, id=,B00, PRDE,actvstrat=,1.000000, actvprof=,0.000000, id=,B03, PRDE,actvstrat=,1.000000, actvprof=,0.005700, id=,B05, PRDE,actvstrat=,-1.000000, actvprof=,1.240582, id=,B06, PRDE,actvstrat=,-1.000000, actvprof=,2.787555, id=,B08, PRDE,actvstrat=,1.000000, actvprof=,6.124781, id=,S01, PRDE,actvstrat=,-1.000000, actvprof=,4.692357, id=,S02, PRDE,actvstrat=,1.000000, actvprof=,3.418828, id=,S07, PRDE,actvstrat=,-1.000000, actvprof=,0.000000, id=,S08, PRDE,actvstrat=,1.000000, actvprof=,0.000000, id=,S09, PRDE,actvstrat=,-1.000000, actvprof=,0.000000, best_B_id=,B08, best_B_prof=,6.124781, best_B_strat=,1.000000, best_S_id=,S01, best_S_prof=,4.692357, best_S_strat=,-1.000000, 
t=,1746000, id=,B00, PRDE,actvstrat=,1.000000, actvprof=,0.000000, id=,B03, PRDE,actvstrat=,-1.000000, actvprof=,0.000278, id=,B05, PRDE,actvstrat=,-1.000000, actvprof=,1.062503, id=,B06, PRDE,actvstrat=,-1.000000, actvprof=,2.591139, id=,B08, PRDE,actvstrat=,0.009755, actvprof=,4.468192, id=,S01, PRDE,actvstrat=,1.000000, actvprof=,5.203150, id=,S02, PRDE,actvstrat=,1.000000, actvprof=,3.615796, id=,S07, PRDE,actvstrat=,-1.000000, actvprof=,0.000000, id=,S08, PRDE,actvstrat=,-0.779698, actvprof=,0.000000, id=,S09, PRDE,actvstrat=,0.326940, actvprof=,0.000000, best_B_id=,B08, best_B_prof=,4.468192, best_B_strat=,0.009755, best_S_id=,S01, best_S_prof=,5.203150, best_S_strat=,1.000000, 
t=,1749600, id=,B00, PRDE,actvstrat=,1.000000, actvprof=,0.000000, id=,B03, PRDE,actvstrat=,-1.000000, actvprof=,0.007785, id=,B05, PRDE,actvstrat=,-1.000000, actvprof=,1.095310, id=,B06, PRDE,actvstrat=,-1.000000, actvprof=,2.605722, id=,B08, PRDE,actvstrat=,0.009755, actvprof=,4.436289, id=,S01, PRDE,actvstrat=,1.000000, actvprof=,5.218256, id=,S02, PRDE,actvstrat=,1.000000, actvprof=,3.589679, id=,S07, PRDE,actvstrat=,-1.000000, actvprof=,0.000000, id=,S08, PRDE,actvstrat=,-0.779698, actvprof=,0.000000, id=,S09, PRDE,actvstrat=,0.326940, actvprof=,0.000000, best_B_id=,B08, best_B_prof=,4.436289, best_B_strat=,0.009755, best_S_id=,S01, best_S_prof=,5.218256, best_S_strat=,1.000000, 
t=,1753200, id=,B00, PRDE,actvstrat=,1.000000, actvprof=,0.000000, id=,B03, PRDE,actvstrat=,-1.000000, actvprof=,0.025324, id=,B05, PRDE,actvstrat=,-0.867052, actvprof=,0.130517, id=,B06, PRDE,actvstrat=,1.000000, actvprof=,3.452162, id=,B08, PRDE,actvstrat=,1.000000, actvprof=,6.815551, id=,S01, PRDE,actvstrat=,1.000000, actvprof=,3.773863, id=,S02, PRDE,actvstrat=,1.000000, actvprof=,2.029554, id=,S07, PRDE,actvstrat=,-1.000000, actvprof=,0.000000, id=,S08, PRDE,actvstrat=,-1.000000, actvprof=,0.000000, id=,S09, PRDE,actvstrat=,-1.000000, actvprof=,0.000000, best_B_id=,B08, best_B_prof=,6.815551, best_B_strat=,1.000000, best_S_id=,S01, best_S_prof=,3.773863, best_S_strat=,1.000000, 
t=,1756800, id=,B00, PRDE,actvstrat=,1.000000, actvprof=,0.000000, id=,B03, PRDE,actvstrat=,-1.000000, actvprof=,0.020296, id=,B05, PRDE,actvstrat=,-0.867052, actvprof=,0.148050, id=,B06, PRDE,actvstrat=,1.000000, actvprof=,3.413915, id=,B08, PRDE,actvstrat=,1.000000, actvprof=,6.828804, id=,S01, PRDE,actvstrat=,1.000000, actvprof=,3.754223, id=,S02, PRDE,actvstrat=,1.000000, actvprof=,2.052408, id=,S07, PRDE,actvstrat=,-1.000000, actvprof=,0.000695, id=,S08, PRDE,actvstrat=,-1.000000, actvprof=,0.000000, id=,S09, PRDE,actvstrat=,-1.000000, actvprof=,0.000000, best_B_id=,B08, best_B_prof=,6.828804, best_B_strat=,1.000000, best_S_id=,S01, best_S_prof=,3.754223, best_S_strat=,1.000000, 
t=,1760400, id=,B00, PRDE,actvstrat=,1.000000, actvprof=,0.000000, id=,B03, PRDE,actvstrat=,-1.000000, actvprof=,0.021985, id=,B05, PRDE,actvstrat=,-0.867052, actvprof=,0.224578, id=,B06, PRDE,actvstrat=,1.000000, actvprof=,3.478600, id=,B08, PRDE,actvstrat=,1.000000, actvprof=,6.763789, id=,S01, PRDE,actvstrat=,1.000000, actvprof=,3.789169, id=,S02, PRDE,actvstrat=,1.000000, actvprof=,2.019258, id=,S07, PRDE,actvstrat=,-1.000000, actvprof=,0.000000, id=,S08, PRDE,actvstrat=,-1.000000, actvprof=,0.000000, id=,S09, PRDE,actvstrat=,-1.000000, actvprof=,0.000000, best_B_id=,B08, best_B_prof=,6.763789, best_B_strat=,1.000000, best_S_id=,S01, best_S_prof=,3.789169, best_S_strat=,1.000000, 
t=,1764000, id=,B00, PRDE,actvstrat=,1.000000, actvprof=,0.000000, id=,B03, PRDE,actvstrat=,-1.000000, actvprof=,0.031695, id=,B05, PRDE,actvstrat=,-0.867052, actvprof=,0.213248, id=,B06, PRDE,actvstrat=,1.000000, actvprof=,3.492597, id=,B08, PRDE,actvstrat=,1.000000, actvprof=,6.809481, id=,S01, PRDE,actvstrat=,1.000000, actvprof=,3.744631, id=,S02, PRDE,actvstrat=,1.000000, actvprof=,2.005978, id=,S07, PRDE,actvstrat=,-1.000000, actvprof=,0.000000, id=,S08, PRDE,actvstrat=,-1.000000, actvprof=,0.000000, id=,S09, PRDE,actvstrat=,-1.000000, actvprof=,0.000000, best_B_id=,B08, best_B_prof=,6.809481, best_B_strat=,1.000000, best_S_id=,S01, best_S_prof=,3.744631, best_S_strat=,1.000000, 
t=,1767600, id=,B00, PRDE,actvstrat=,-1.000000, actvprof=,0.000000, id=,B03, PRDE,actvstrat=,-1.000000, actvprof=,0.013358, id=,B05, PRDE,actvstrat=,-1.000000, actvprof=,1.296005, id=,B06, PRDE,actvstrat=,1.000000, actvprof=,2.790989, id=,B08, PRDE,actvstrat=,1.000000, actvprof=,6.208691, id=,S01, PRDE,actvstrat=,-1.000000, actvprof=,4.700071, id=,S02, PRDE,actvstrat=,1.000000, actvprof=,3.283287, id=,S07, PRDE,actvstrat=,-1.000000, actvprof=,0.000000, id=,S08, PRDE,actvstrat=,-1.000000, actvprof=,0.000000, id=,S09, PRDE,actvstrat=,-1.000000, actvprof=,0.000000, best_B_id=,B08, best_B_prof=,6.208691, best_B_strat=,1.000000, best_S_id=,S01, best_S_prof=,4.700071, best_S_strat=,-1.000000, 
t=,1771200, id=,B00, PRDE,actvstrat=,-1.000000, actvprof=,0.000000, id=,B03, PRDE,actvstrat=,-1.000000, actvprof=,0.011816, id=,B05, PRDE,actvstrat=,-1.000000, actvprof=,1.340683, id=,B06, PRDE,actvstrat=,1.000000, actvprof=,2.772144, id=,B08, PRDE,actvstrat=,1.000000, actvprof=,6.244517, id=,S01, PRDE,actvstrat=,-1.000000, actvprof=,4.685856, id=,S02, PRDE,actvstrat=,1.000000, actvprof=,3.249668, id=,S07, PRDE,actvstrat=,-1.000000, actvprof=,0.000695, id=,S08, PRDE,actvstrat=,-1.000000, actvprof=,0.000000, id=,S09, PRDE,actvstrat=,-1.000000, actvprof=,0.000000, best_B_id=,B08, best_B_prof=,6.244517, best_B_strat=,1.000000, best_S_id=,S01, best_S_prof=,4.685856, best_S_strat=,-1.000000, 
t=,1774800, id=,B00, PRDE,actvstrat=,-1.000000, actvprof=,0.000000, id=,B03, PRDE,actvstrat=,1.000000, actvprof=,0.000557, id=,B05, PRDE,actvstrat=,-1.000000, actvprof=,0.276066, id=,B06, PRDE,actvstrat=,-1.000000, actvprof=,1.600456, id=,B08, PRDE,actvstrat=,1.000000, actvprof=,4.974745, id=,S01, PRDE,actvstrat=,1.000000, actvprof=,6.342549, id=,S02, PRDE,actvstrat=,-0.642265, actvprof=,0.257420, id=,S07, PRDE,actvstrat=,-1.000000, actvprof=,0.002226, id=,S08, PRDE,actvstrat=,-1.000000, actvprof=,0.000000, id=,S09, PRDE,actvstrat=,-1.000000, actvprof=,0.000000, best_B_id=,B08, best_B_prof=,4.974745, best_B_strat=,1.000000, best_S_id=,S01, best_S_prof=,6.342549, best_S_strat=,1.000000, 
t=,1778400, id=,B00, PRDE,actvstrat=,-1.000000, actvprof=,0.000000, id=,B03, PRDE,actvstrat=,1.000000, actvprof=,0.000695, id=,B05, PRDE,actvstrat=,-1.000000, actvprof=,0.261213, id=,B06, PRDE,actvstrat=,-1.000000, actvprof=,1.595362, id=,B08, PRDE,actvstrat=,1.000000, actvprof=,5.025058, id=,S01, PRDE,actvstrat=,1.000000, actvprof=,6.309161, id=,S02, PRDE,actvstrat=,-0.642265, actvprof=,0.258989, id=,S07, PRDE,actvstrat=,-1.000000, actvprof=,0.002224, id=,S08, PRDE,actvstrat=,-1.000000, actvprof=,0.000000, id=,S09, PRDE,actvstrat=,-1.000000, actvprof=,0.000000, best_B_id=,B08, best_B_prof=,5.025058, best_B_strat=,1.000000, best_S_id=,S01, best_S_prof=,6.309161, best_S_strat=,1.000000, 
t=,1782000, id=,B00, PRDE,actvstrat=,-0.912313, actvprof=,0.000000, id=,B03, PRDE,actvstrat=,-1.000000, actvprof=,0.008349, id=,B05, PRDE,actvstrat=,-1.000000, actvprof=,1.386450, id=,B06, PRDE,actvstrat=,1.000000, actvprof=,2.748689, id=,B08, PRDE,actvstrat=,1.000000, actvprof=,6.249600, id=,S01, PRDE,actvstrat=,-1.000000, actvprof=,4.678086, id=,S02, PRDE,actvstrat=,1.000000, actvprof=,3.218167, id=,S07, PRDE,actvstrat=,-1.000000, actvprof=,0.000000, id=,S08, PRDE,actvstrat=,-1.000000, actvprof=,0.000000, id=,S09, PRDE,actvstrat=,-1.000000, actvprof=,0.000000, best_B_id=,B08, best_B_prof=,6.249600, best_B_strat=,1.000000, best_S_id=,S01, best_S_prof=,4.678086, best_S_strat=,-1.000000, 
t=,1785600, id=,B00, PRDE,actvstrat=,-0.912313, actvprof=,0.000000, id=,B03, PRDE,actvstrat=,-1.000000, actvprof=,0.010982, id=,B05, PRDE,actvstrat=,-1.000000, actvprof=,1.353463, id=,B06, PRDE,actvstrat=,1.000000, actvprof=,2.759613, id=,B08, PRDE,actvstrat=,1.000000, actvprof=,6.215142, id=,S01, PRDE,actvstrat=,-1.000000, actvprof=,4.679428, id=,S02, PRDE,actvstrat=,1.000000, actvprof=,3.213084, id=,S07, PRDE,actvstrat=,-1.000000, actvprof=,0.000000, id=,S08, PRDE,actvstrat=,-1.000000, actvprof=,0.000000, id=,S09, PRDE,actvstrat=,-1.000000, actvprof=,0.000000, best_B_id=,B08, best_B_prof=,6.215142, best_B_strat=,1.000000, best_S_id=,S01, best_S_prof=,4.679428, best_S_strat=,-1.000000, 
t=,1789200, id=,B00, PRDE,actvstrat=,-0.912313, actvprof=,0.000000, id=,B03, PRDE,actvstrat=,-1.000000, actvprof=,0.018089, id=,B05, PRDE,actvstrat=,-1.000000, actvprof=,1.314076, id=,B06, PRDE,actvstrat=,1.000000, actvprof=,2.782601, id=,B08, PRDE,actvstrat=,1.000000, actvprof=,6.201091, id=,S01, PRDE,actvstrat=,-1.000000, actvprof=,4.749263, id=,S02, PRDE,actvstrat=,1.000000, actvprof=,3.267101, id=,S07, PRDE,actvstrat=,-1.000000, actvprof=,0.000000, id=,S08, PRDE,actvstrat=,-1.000000, actvprof=,0.000000, id=,S09, PRDE,actvstrat=,-1.000000, actvprof=,0.000000, best_B_id=,B08, best_B_prof=,6.201091, best_B_strat=,1.000000, best_S_id=,S01, best_S_prof=,4.749263, best_S_strat=,-1.000000, 
t=,1792800, id=,B00, PRDE,actvstrat=,-0.912313, actvprof=,0.000000, id=,B03, PRDE,actvstrat=,-1.000000, actvprof=,0.011399, id=,B05, PRDE,actvstrat=,-1.000000, actvprof=,1.316216, id=,B06, PRDE,actvstrat=,1.000000, actvprof=,2.800503, id=,B08, PRDE,actvstrat=,1.000000, actvprof=,6.185852, id=,S01, PRDE,actvstrat=,-1.000000, actvprof=,4.740628, id=,S02, PRDE,actvstrat=,1.000000, actvprof=,3.301800, id=,S07, PRDE,actvstrat=,-1.000000, actvprof=,0.001112, id=,S08, PRDE,actvstrat=,-1.000000, actvprof=,0.000000, id=,S09, PRDE,actvstrat=,-1.000000, actvprof=,0.000000, best_B_id=,B08, best_B_prof=,6.185852, best_B_strat=,1.000000, best_S_id=,S01, best_S_prof=,4.740628, best_S_strat=,-1.000000, 
t=,1796400, id=,B00, PRDE,actvstrat=,1.000000, actvprof=,0.000000, id=,B03, PRDE,actvstrat=,1.000000, actvprof=,0.020593, id=,B05, PRDE,actvstrat=,0.469198, actvprof=,0.833461, id=,B06, PRDE,actvstrat=,1.000000, actvprof=,2.839054, id=,B08, PRDE,actvstrat=,1.000000, actvprof=,6.017337, id=,S01, PRDE,actvstrat=,1.000000, actvprof=,4.383253, id=,S02, PRDE,actvstrat=,1.000000, actvprof=,2.785624, id=,S07, PRDE,actvstrat=,1.000000, actvprof=,0.006679, id=,S08, PRDE,actvstrat=,-1.000000, actvprof=,0.000000, id=,S09, PRDE,actvstrat=,1.000000, actvprof=,0.000000, best_B_id=,B08, best_B_prof=,6.017337, best_B_strat=,1.000000, best_S_id=,S01, best_S_prof=,4.383253, best_S_strat=,1.000000, 
t=,1800000, id=,B00, PRDE,actvstrat=,1.000000, actvprof=,0.000000, id=,B03, PRDE,actvstrat=,1.000000, actvprof=,0.016543, id=,B05, PRDE,actvstrat=,0.469198, actvprof=,0.799905, id=,B06, PRDE,actvstrat=,1.000000, actvprof=,2.741977, id=,B08, PRDE,actvstrat=,1.000000, actvprof=,5.993591, id=,S01, PRDE,actvstrat=,1.000000, actvprof=,4.480388, id=,S02, PRDE,actvstrat=,1.000000, actvprof=,2.819132, id=,S07, PRDE,actvstrat=,1.000000, actvprof=,0.005005, id=,S08, PRDE,actvstrat=,-1.000000, actvprof=,0.000000, id=,S09, PRDE,actvstrat=,1.000000, actvprof=,0.000000, best_B_id=,B08, best_B_prof=,5.993591, best_B_strat=,1.000000, best_S_id=,S01, best_S_prof=,4.480388, best_S_strat=,1.000000, 
t=,1803600, id=,B00, PRDE,actvstrat=,1.000000, actvprof=,0.000000, id=,B03, PRDE,actvstrat=,-1.000000, actvprof=,0.011967, id=,B05, PRDE,actvstrat=,0.469198, actvprof=,1.231737, id=,B06, PRDE,actvstrat=,1.000000, actvprof=,3.413019, id=,B08, PRDE,actvstrat=,1.000000, actvprof=,6.754515, id=,S01, PRDE,actvstrat=,-1.000000, actvprof=,3.974898, id=,S02, PRDE,actvstrat=,1.000000, actvprof=,2.321821, id=,S07, PRDE,actvstrat=,1.000000, actvprof=,0.000835, id=,S08, PRDE,actvstrat=,-1.000000, actvprof=,0.000000, id=,S09, PRDE,actvstrat=,1.000000, actvprof=,0.000000, best_B_id=,B08, best_B_prof=,6.754515, best_B_strat=,1.000000, best_S_id=,S01, best_S_prof=,3.974898, best_S_strat=,-1.000000, 
t=,1807200, id=,B00, PRDE,actvstrat=,1.000000, actvprof=,0.000000, id=,B03, PRDE,actvstrat=,-1.000000, actvprof=,0.011260, id=,B05, PRDE,actvstrat=,0.469198, actvprof=,1.121738, id=,B06, PRDE,actvstrat=,1.000000, actvprof=,3.281943, id=,B08, PRDE,actvstrat=,1.000000, actvprof=,6.631171, id=,S01, PRDE,actvstrat=,-1.000000, actvprof=,4.018323, id=,S02, PRDE,actvstrat=,1.000000, actvprof=,2.510670, id=,S07, PRDE,actvstrat=,1.000000, actvprof=,0.000834, id=,S08, PRDE,actvstrat=,-1.000000, actvprof=,0.000000, id=,S09, PRDE,actvstrat=,1.000000, actvprof=,0.000000, best_B_id=,B08, best_B_prof=,6.631171, best_B_strat=,1.000000, best_S_id=,S01, best_S_prof=,4.018323, best_S_strat=,-1.000000, 
t=,1810800, id=,B00, PRDE,actvstrat=,-1.000000, actvprof=,0.000000, id=,B03, PRDE,actvstrat=,1.000000, actvprof=,0.015306, id=,B05, PRDE,actvstrat=,-0.265401, actvprof=,0.619486, id=,B06, PRDE,actvstrat=,1.000000, actvprof=,3.597250, id=,B08, PRDE,actvstrat=,0.475061, actvprof=,6.493474, id=,S01, PRDE,actvstrat=,-1.000000, actvprof=,3.573874, id=,S02, PRDE,actvstrat=,1.000000, actvprof=,2.292878, id=,S07, PRDE,actvstrat=,-1.000000, actvprof=,0.000000, id=,S08, PRDE,actvstrat=,-1.000000, actvprof=,0.000000, id=,S09, PRDE,actvstrat=,-1.000000, actvprof=,0.000000, best_B_id=,B08, best_B_prof=,6.493474, best_B_strat=,0.475061, best_S_id=,S01, best_S_prof=,3.573874, best_S_strat=,-1.000000, 
t=,1814400, id=,B00, PRDE,actvstrat=,-1.000000, actvprof=,0.000000, id=,B03, PRDE,actvstrat=,1.000000, actvprof=,0.010704, id=,B05, PRDE,actvstrat=,-0.265401, actvprof=,0.579980, id=,B06, PRDE,actvstrat=,1.000000, actvprof=,3.643087, id=,B08, PRDE,actvstrat=,0.475061, actvprof=,6.385203, id=,S01, PRDE,actvstrat=,-1.000000, actvprof=,3.604579, id=,S02, PRDE,actvstrat=,1.000000, actvprof=,2.290866, id=,S07, PRDE,actvstrat=,-1.000000, actvprof=,0.000000, id=,S08, PRDE,actvstrat=,-1.000000, actvprof=,0.000000, id=,S09, PRDE,actvstrat=,-1.000000, actvprof=,0.000000, best_B_id=,B08, best_B_prof=,6.385203, best_B_strat=,0.475061, best_S_id=,S01, best_S_prof=,3.604579, best_S_strat=,-1.000000, 
t=,1818000, id=,B00, PRDE,actvstrat=,-0.912313, actvprof=,0.000000, id=,B03, PRDE,actvstrat=,-1.000000, actvprof=,0.024490, id=,B05, PRDE,actvstrat=,-1.000000, actvprof=,1.244538, id=,B06, PRDE,actvstrat=,1.000000, actvprof=,2.469318, id=,B08, PRDE,actvstrat=,1.000000, actvprof=,5.821390, id=,S01, PRDE,actvstrat=,1.000000, actvprof=,5.089194, id=,S02, PRDE,actvstrat=,1.000000, actvprof=,3.416358, id=,S07, PRDE,actvstrat=,1.000000, actvprof=,0.000000, id=,S08, PRDE,actvstrat=,-1.000000, actvprof=,0.000000, id=,S09, PRDE,actvstrat=,-1.000000, actvprof=,0.000000, best_B_id=,B08, best_B_prof=,5.821390, best_B_strat=,1.000000, best_S_id=,S01, best_S_prof=,5.089194, best_S_strat=,1.000000, 
t=,1821600, id=,B00, PRDE,actvstrat=,-0.912313, actvprof=,0.000000, id=,B03, PRDE,actvstrat=,-1.000000, actvprof=,0.025162, id=,B05, PRDE,actvstrat=,-1.000000, actvprof=,1.225585, id=,B06, PRDE,actvstrat=,1.000000, actvprof=,2.431429, id=,B08, PRDE,actvstrat=,1.000000, actvprof=,5.851278, id=,S01, PRDE,actvstrat=,1.000000, actvprof=,5.085288, id=,S02, PRDE,actvstrat=,1.000000, actvprof=,3.421517, id=,S07, PRDE,actvstrat=,1.000000, actvprof=,0.000000, id=,S08, PRDE,actvstrat=,-1.000000, actvprof=,0.000000, id=,S09, PRDE,actvstrat=,-1.000000, actvprof=,0.000000, best_B_id=,B08, best_B_prof=,5.851278, best_B_strat=,1.000000, best_S_id=,S01, best_S_prof=,5.085288, best_S_strat=,1.000000, 
t=,1825200, id=,B00, PRDE,actvstrat=,1.000000, actvprof=,0.000000, id=,B03, PRDE,actvstrat=,1.000000, actvprof=,0.010575, id=,B05, PRDE,actvstrat=,-0.265401, actvprof=,0.306682, id=,B06, PRDE,actvstrat=,-1.000000, actvprof=,3.259121, id=,B08, PRDE,actvstrat=,1.000000, actvprof=,6.696073, id=,S01, PRDE,actvstrat=,1.000000, actvprof=,4.544012, id=,S02, PRDE,actvstrat=,1.000000, actvprof=,2.789358, id=,S07, PRDE,actvstrat=,1.000000, actvprof=,0.000835, id=,S08, PRDE,actvstrat=,-1.000000, actvprof=,0.000000, id=,S09, PRDE,actvstrat=,1.000000, actvprof=,0.000000, best_B_id=,B08, best_B_prof=,6.696073, best_B_strat=,1.000000, best_S_id=,S01, best_S_prof=,4.544012, best_S_strat=,1.000000, 
t=,1828800, id=,B00, PRDE,actvstrat=,1.000000, actvprof=,0.000000, id=,B03, PRDE,actvstrat=,1.000000, actvprof=,0.008341, id=,B05, PRDE,actvstrat=,-0.265401, actvprof=,0.330164, id=,B06, PRDE,actvstrat=,-1.000000, actvprof=,3.237968, id=,B08, PRDE,actvstrat=,1.000000, actvprof=,6.729363, id=,S01, PRDE,actvstrat=,1.000000, actvprof=,4.478689, id=,S02, PRDE,actvstrat=,1.000000, actvprof=,2.762949, id=,S07, PRDE,actvstrat=,1.000000, actvprof=,0.000417, id=,S08, PRDE,actvstrat=,-1.000000, actvprof=,0.000000, id=,S09, PRDE,actvstrat=,1.000000, actvprof=,0.000000, best_B_id=,B08, best_B_prof=,6.729363, best_B_strat=,1.000000, best_S_id=,S01, best_S_prof=,4.478689, best_S_strat=,1.000000, 
t=,1832400, id=,B00, PRDE,actvstrat=,1.000000, actvprof=,0.000000, id=,B03, PRDE,actvstrat=,-1.000000, actvprof=,0.015863, id=,B05, PRDE,actvstrat=,-1.000000, actvprof=,1.048355, id=,B06, PRDE,actvstrat=,-1.000000, actvprof=,2.553120, id=,B08, PRDE,actvstrat=,1.000000, actvprof=,5.773882, id=,S01, PRDE,actvstrat=,1.000000, actvprof=,5.330550, id=,S02, PRDE,actvstrat=,1.000000, actvprof=,3.594239, id=,S07, PRDE,actvstrat=,1.000000, actvprof=,0.003340, id=,S08, PRDE,actvstrat=,-0.559397, actvprof=,0.000000, id=,S09, PRDE,actvstrat=,-1.000000, actvprof=,0.000000, best_B_id=,B08, best_B_prof=,5.773882, best_B_strat=,1.000000, best_S_id=,S01, best_S_prof=,5.330550, best_S_strat=,1.000000, 
t=,1836000, id=,B00, PRDE,actvstrat=,1.000000, actvprof=,0.000000, id=,B03, PRDE,actvstrat=,-1.000000, actvprof=,0.013624, id=,B05, PRDE,actvstrat=,-1.000000, actvprof=,1.055844, id=,B06, PRDE,actvstrat=,-1.000000, actvprof=,2.534025, id=,B08, PRDE,actvstrat=,1.000000, actvprof=,5.812770, id=,S01, PRDE,actvstrat=,1.000000, actvprof=,5.292147, id=,S02, PRDE,actvstrat=,1.000000, actvprof=,3.613084, id=,S07, PRDE,actvstrat=,1.000000, actvprof=,0.002919, id=,S08, PRDE,actvstrat=,-0.559397, actvprof=,0.000000, id=,S09, PRDE,actvstrat=,-1.000000, actvprof=,0.000000, best_B_id=,B08, best_B_prof=,5.812770, best_B_strat=,1.000000, best_S_id=,S01, best_S_prof=,5.292147, best_S_strat=,1.000000, 
t=,1839600, id=,B00, PRDE,actvstrat=,1.000000, actvprof=,0.000000, id=,B03, PRDE,actvstrat=,-1.000000, actvprof=,0.022264, id=,B05, PRDE,actvstrat=,1.000000, actvprof=,0.398525, id=,B06, PRDE,actvstrat=,1.000000, actvprof=,1.825367, id=,B08, PRDE,actvstrat=,1.000000, actvprof=,5.203089, id=,S01, PRDE,actvstrat=,1.000000, actvprof=,5.644194, id=,S02, PRDE,actvstrat=,0.651091, actvprof=,2.184930, id=,S07, PRDE,actvstrat=,-1.000000, actvprof=,0.000000, id=,S08, PRDE,actvstrat=,1.000000, actvprof=,0.000000, id=,S09, PRDE,actvstrat=,1.000000, actvprof=,0.000000, best_B_id=,B08, best_B_prof=,5.203089, best_B_strat=,1.000000, best_S_id=,S01, best_S_prof=,5.644194, best_S_strat=,1.000000, 
t=,1843200, id=,B00, PRDE,actvstrat=,1.000000, actvprof=,0.000000, id=,B03, PRDE,actvstrat=,-1.000000, actvprof=,0.018768, id=,B05, PRDE,actvstrat=,1.000000, actvprof=,0.452230, id=,B06, PRDE,actvstrat=,1.000000, actvprof=,1.892330, id=,B08, PRDE,actvstrat=,1.000000, actvprof=,5.216696, id=,S01, PRDE,actvstrat=,1.000000, actvprof=,5.563966, id=,S02, PRDE,actvstrat=,0.651091, actvprof=,2.189692, id=,S07, PRDE,actvstrat=,-1.000000, actvprof=,0.002502, id=,S08, PRDE,actvstrat=,1.000000, actvprof=,0.000000, id=,S09, PRDE,actvstrat=,1.000000, actvprof=,0.000000, best_B_id=,B08, best_B_prof=,5.216696, best_B_strat=,1.000000, best_S_id=,S01, best_S_prof=,5.563966, best_S_strat=,1.000000, 
t=,1846800, id=,B00, PRDE,actvstrat=,1.000000, actvprof=,0.000000, id=,B03, PRDE,actvstrat=,1.000000, actvprof=,0.005009, id=,B05, PRDE,actvstrat=,-1.000000, actvprof=,1.385673, id=,B06, PRDE,actvstrat=,1.000000, actvprof=,2.849549, id=,B08, PRDE,actvstrat=,0.475061, actvprof=,5.573862, id=,S01, PRDE,actvstrat=,-1.000000, actvprof=,4.613993, id=,S02, PRDE,actvstrat=,1.000000, actvprof=,3.205778, id=,S07, PRDE,actvstrat=,1.000000, actvprof=,0.000278, id=,S08, PRDE,actvstrat=,-1.000000, actvprof=,0.000000, id=,S09, PRDE,actvstrat=,1.000000, actvprof=,0.000000, best_B_id=,B08, best_B_prof=,5.573862, best_B_strat=,0.475061, best_S_id=,S01, best_S_prof=,4.613993, best_S_strat=,-1.000000, 
t=,1850400, id=,B00, PRDE,actvstrat=,1.000000, actvprof=,0.000000, id=,B03, PRDE,actvstrat=,1.000000, actvprof=,0.005283, id=,B05, PRDE,actvstrat=,-1.000000, actvprof=,1.312610, id=,B06, PRDE,actvstrat=,1.000000, actvprof=,2.760903, id=,B08, PRDE,actvstrat=,0.475061, actvprof=,5.524446, id=,S01, PRDE,actvstrat=,-1.000000, actvprof=,4.622913, id=,S02, PRDE,actvstrat=,1.000000, actvprof=,3.243574, id=,S07, PRDE,actvstrat=,1.000000, actvprof=,0.001668, id=,S08, PRDE,actvstrat=,-1.000000, actvprof=,0.000000, id=,S09, PRDE,actvstrat=,1.000000, actvprof=,0.000000, best_B_id=,B08, best_B_prof=,5.524446, best_B_strat=,0.475061, best_S_id=,S01, best_S_prof=,4.622913, best_S_strat=,-1.000000, 
t=,1854000, id=,B00, PRDE,actvstrat=,-1.000000, actvprof=,0.000000, id=,B03, PRDE,actvstrat=,1.000000, actvprof=,0.007236, id=,B05, PRDE,actvstrat=,-1.000000, actvprof=,0.928990, id=,B06, PRDE,actvstrat=,-1.000000, actvprof=,2.398174, id=,B08, PRDE,actvstrat=,1.000000, actvprof=,5.803821, id=,S01, PRDE,actvstrat=,1.000000, actvprof=,5.522174, id=,S02, PRDE,actvstrat=,1.000000, actvprof=,3.757427, id=,S07, PRDE,actvstrat=,-1.000000, actvprof=,0.000000, id=,S08, PRDE,actvstrat=,-1.000000, actvprof=,0.000000, id=,S09, PRDE,actvstrat=,-1.000000, actvprof=,0.000000, best_B_id=,B08, best_B_prof=,5.803821, best_B_strat=,1.000000, best_S_id=,S01, best_S_prof=,5.522174, best_S_strat=,1.000000, 
t=,1857600, id=,B00, PRDE,actvstrat=,-1.000000, actvprof=,0.000000, id=,B03, PRDE,actvstrat=,1.000000, actvprof=,0.008480, id=,B05, PRDE,actvstrat=,-1.000000, actvprof=,0.969116, id=,B06, PRDE,actvstrat=,-1.000000, actvprof=,2.463316, id=,B08, PRDE,actvstrat=,1.000000, actvprof=,5.779387, id=,S01, PRDE,actvstrat=,1.000000, actvprof=,5.366912, id=,S02, PRDE,actvstrat=,1.000000, actvprof=,3.694487, id=,S07, PRDE,actvstrat=,-1.000000, actvprof=,0.001112, id=,S08, PRDE,actvstrat=,-1.000000, actvprof=,0.000000, id=,S09, PRDE,actvstrat=,-1.000000, actvprof=,0.000000, best_B_id=,B08, best_B_prof=,5.779387, best_B_strat=,1.000000, best_S_id=,S01, best_S_prof=,5.366912, best_S_strat=,1.000000, 
t=,1861200, id=,B00, PRDE,actvstrat=,-1.000000, actvprof=,0.000000, id=,B03, PRDE,actvstrat=,1.000000, actvprof=,0.008906, id=,B05, PRDE,actvstrat=,-1.000000, actvprof=,0.782044, id=,B06, PRDE,actvstrat=,1.000000, actvprof=,2.162726, id=,B08, PRDE,actvstrat=,1.000000, actvprof=,5.553066, id=,S01, PRDE,actvstrat=,1.000000, actvprof=,5.512155, id=,S02, PRDE,actvstrat=,0.651091, actvprof=,1.958727, id=,S07, PRDE,actvstrat=,-1.000000, actvprof=,0.000000, id=,S08, PRDE,actvstrat=,1.000000, actvprof=,0.000000, id=,S09, PRDE,actvstrat=,-1.000000, actvprof=,0.000000, best_B_id=,B08, best_B_prof=,5.553066, best_B_strat=,1.000000, best_S_id=,S01, best_S_prof=,5.512155, best_S_strat=,1.000000, 
t=,1864800, id=,B00, PRDE,actvstrat=,-1.000000, actvprof=,0.000000, id=,B03, PRDE,actvstrat=,1.000000, actvprof=,0.005978, id=,B05, PRDE,actvstrat=,-1.000000, actvprof=,0.741117, id=,B06, PRDE,actvstrat=,1.000000, actvprof=,2.113107, id=,B08, PRDE,actvstrat=,1.000000, actvprof=,5.482817, id=,S01, PRDE,actvstrat=,1.000000, actvprof=,5.559278, id=,S02, PRDE,actvstrat=,0.651091, actvprof=,2.036229, id=,S07, PRDE,actvstrat=,-1.000000, actvprof=,0.000000, id=,S08, PRDE,actvstrat=,1.000000, actvprof=,0.000000, id=,S09, PRDE,actvstrat=,-1.000000, actvprof=,0.000000, best_B_id=,B08, best_B_prof=,5.482817, best_B_strat=,1.000000, best_S_id=,S01, best_S_prof=,5.559278, best_S_strat=,1.000000, 
t=,1868400, id=,B00, PRDE,actvstrat=,-1.000000, actvprof=,0.000000, id=,B03, PRDE,actvstrat=,1.000000, actvprof=,0.007236, id=,B05, PRDE,actvstrat=,-1.000000, actvprof=,1.306393, id=,B06, PRDE,actvstrat=,1.000000, actvprof=,2.766413, id=,B08, PRDE,actvstrat=,1.000000, actvprof=,6.133701, id=,S01, PRDE,actvstrat=,-1.000000, actvprof=,4.796415, id=,S02, PRDE,actvstrat=,1.000000, actvprof=,3.278228, id=,S07, PRDE,actvstrat=,-1.000000, actvprof=,0.000000, id=,S08, PRDE,actvstrat=,1.000000, actvprof=,0.000000, id=,S09, PRDE,actvstrat=,-1.000000, actvprof=,0.000000, best_B_id=,B08, best_B_prof=,6.133701, best_B_strat=,1.000000, best_S_id=,S01, best_S_prof=,4.796415, best_S_strat=,-1.000000, 
t=,1872000, id=,B00, PRDE,actvstrat=,-1.000000, actvprof=,0.000000, id=,B03, PRDE,actvstrat=,1.000000, actvprof=,0.006256, id=,B05, PRDE,actvstrat=,-1.000000, actvprof=,1.320293, id=,B06, PRDE,actvstrat=,1.000000, actvprof=,2.774047, id=,B08, PRDE,actvstrat=,1.000000, actvprof=,6.162711, id=,S01, PRDE,actvstrat=,-1.000000, actvprof=,4.703118, id=,S02, PRDE,actvstrat=,1.000000, actvprof=,3.287456, id=,S07, PRDE,actvstrat=,-1.000000, actvprof=,0.000000, id=,S08, PRDE,actvstrat=,1.000000, actvprof=,0.000000, id=,S09, PRDE,actvstrat=,-1.000000, actvprof=,0.000000, best_B_id=,B08, best_B_prof=,6.162711, best_B_strat=,1.000000, best_S_id=,S01, best_S_prof=,4.703118, best_S_strat=,-1.000000, 
t=,1875600, id=,B00, PRDE,actvstrat=,-1.000000, actvprof=,0.000000, id=,B03, PRDE,actvstrat=,-1.000000, actvprof=,0.010019, id=,B05, PRDE,actvstrat=,-1.000000, actvprof=,1.327266, id=,B06, PRDE,actvstrat=,1.000000, actvprof=,2.794523, id=,B08, PRDE,actvstrat=,1.000000, actvprof=,6.253096, id=,S01, PRDE,actvstrat=,-1.000000, actvprof=,4.605772, id=,S02, PRDE,actvstrat=,1.000000, actvprof=,3.316356, id=,S07, PRDE,actvstrat=,-1.000000, actvprof=,0.000000, id=,S08, PRDE,actvstrat=,-1.000000, actvprof=,0.000000, id=,S09, PRDE,actvstrat=,-1.000000, actvprof=,0.000000, best_B_id=,B08, best_B_prof=,6.253096, best_B_strat=,1.000000, best_S_id=,S01, best_S_prof=,4.605772, best_S_strat=,-1.000000, 
t=,1879200, id=,B00, PRDE,actvstrat=,-1.000000, actvprof=,0.000000, id=,B03, PRDE,actvstrat=,-1.000000, actvprof=,0.008202, id=,B05, PRDE,actvstrat=,-1.000000, actvprof=,1.310979, id=,B06, PRDE,actvstrat=,1.000000, actvprof=,2.757643, id=,B08, PRDE,actvstrat=,1.000000, actvprof=,6.166187, id=,S01, PRDE,actvstrat=,-1.000000, actvprof=,4.738708, id=,S02, PRDE,actvstrat=,1.000000, actvprof=,3.291766, id=,S07, PRDE,actvstrat=,-1.000000, actvprof=,0.000000, id=,S08, PRDE,actvstrat=,-1.000000, actvprof=,0.000000, id=,S09, PRDE,actvstrat=,-1.000000, actvprof=,0.000000, best_B_id=,B08, best_B_prof=,6.166187, best_B_strat=,1.000000, best_S_id=,S01, best_S_prof=,4.738708, best_S_strat=,-1.000000, 
t=,1882800, id=,B00, PRDE,actvstrat=,1.000000, actvprof=,0.000000, id=,B03, PRDE,actvstrat=,1.000000, actvprof=,0.015307, id=,B05, PRDE,actvstrat=,-1.000000, actvprof=,1.117961, id=,B06, PRDE,actvstrat=,1.000000, actvprof=,2.398453, id=,B08, PRDE,actvstrat=,0.475061, actvprof=,5.118072, id=,S01, PRDE,actvstrat=,1.000000, actvprof=,5.212140, id=,S02, PRDE,actvstrat=,1.000000, actvprof=,3.522536, id=,S07, PRDE,actvstrat=,1.000000, actvprof=,0.000000, id=,S08, PRDE,actvstrat=,-1.000000, actvprof=,0.000000, id=,S09, PRDE,actvstrat=,1.000000, actvprof=,0.000000, best_B_id=,B08, best_B_prof=,5.118072, best_B_strat=,0.475061, best_S_id=,S01, best_S_prof=,5.212140, best_S_strat=,1.000000, 
t=,1886400, id=,B00, PRDE,actvstrat=,1.000000, actvprof=,0.000000, id=,B03, PRDE,actvstrat=,1.000000, actvprof=,0.010288, id=,B05, PRDE,actvstrat=,-1.000000, actvprof=,1.151242, id=,B06, PRDE,actvstrat=,1.000000, actvprof=,2.440533, id=,B08, PRDE,actvstrat=,0.475061, actvprof=,5.174125, id=,S01, PRDE,actvstrat=,1.000000, actvprof=,5.132419, id=,S02, PRDE,actvstrat=,1.000000, actvprof=,3.477082, id=,S07, PRDE,actvstrat=,1.000000, actvprof=,0.000000, id=,S08, PRDE,actvstrat=,-1.000000, actvprof=,0.000000, id=,S09, PRDE,actvstrat=,1.000000, actvprof=,0.000000, best_B_id=,B08, best_B_prof=,5.174125, best_B_strat=,0.475061, best_S_id=,S01, best_S_prof=,5.132419, best_S_strat=,1.000000, 
t=,1890000, id=,B00, PRDE,actvstrat=,-1.000000, actvprof=,0.000000, id=,B03, PRDE,actvstrat=,-1.000000, actvprof=,0.006958, id=,B05, PRDE,actvstrat=,-1.000000, actvprof=,1.386268, id=,B06, PRDE,actvstrat=,1.000000, actvprof=,2.819571, id=,B08, PRDE,actvstrat=,1.000000, actvprof=,6.231945, id=,S01, PRDE,actvstrat=,-1.000000, actvprof=,4.628872, id=,S02, PRDE,actvstrat=,1.000000, actvprof=,3.161615, id=,S07, PRDE,actvstrat=,-1.000000, actvprof=,0.000000, id=,S08, PRDE,actvstrat=,-1.000000, actvprof=,0.000000, id=,S09, PRDE,actvstrat=,-1.000000, actvprof=,0.000000, best_B_id=,B08, best_B_prof=,6.231945, best_B_strat=,1.000000, best_S_id=,S01, best_S_prof=,4.628872, best_S_strat=,-1.000000, 
t=,1893600, id=,B00, PRDE,actvstrat=,-1.000000, actvprof=,0.000000, id=,B03, PRDE,actvstrat=,-1.000000, actvprof=,0.007229, id=,B05, PRDE,actvstrat=,-1.000000, actvprof=,1.377292, id=,B06, PRDE,actvstrat=,1.000000, actvprof=,2.866497, id=,B08, PRDE,actvstrat=,1.000000, actvprof=,6.247376, id=,S01, PRDE,actvstrat=,-1.000000, actvprof=,4.573967, id=,S02, PRDE,actvstrat=,1.000000, actvprof=,3.138702, id=,S07, PRDE,actvstrat=,-1.000000, actvprof=,0.000000, id=,S08, PRDE,actvstrat=,-1.000000, actvprof=,0.000000, id=,S09, PRDE,actvstrat=,-1.000000, actvprof=,0.000000, best_B_id=,B08, best_B_prof=,6.247376, best_B_strat=,1.000000, best_S_id=,S01, best_S_prof=,4.573967, best_S_strat=,-1.000000, 
t=,1897200, id=,B00, PRDE,actvstrat=,-1.000000, actvprof=,0.000000, id=,B03, PRDE,actvstrat=,1.000000, actvprof=,0.000278, id=,B05, PRDE,actvstrat=,-1.000000, actvprof=,0.751986, id=,B06, PRDE,actvstrat=,-1.000000, actvprof=,2.239539, id=,B08, PRDE,actvstrat=,0.475061, actvprof=,4.726215, id=,S01, PRDE,actvstrat=,-1.000000, actvprof=,5.219932, id=,S02, PRDE,actvstrat=,0.302182, actvprof=,1.327526, id=,S07, PRDE,actvstrat=,-1.000000, actvprof=,0.000000, id=,S08, PRDE,actvstrat=,-1.000000, actvprof=,0.000000, id=,S09, PRDE,actvstrat=,1.000000, actvprof=,0.000000, best_B_id=,B08, best_B_prof=,4.726215, best_B_strat=,0.475061, best_S_id=,S01, best_S_prof=,5.219932, best_S_strat=,-1.000000, 
t=,1900800, id=,B00, PRDE,actvstrat=,-1.000000, actvprof=,0.000000, id=,B03, PRDE,actvstrat=,1.000000, actvprof=,0.000278, id=,B05, PRDE,actvstrat=,-1.000000, actvprof=,0.743629, id=,B06, PRDE,actvstrat=,-1.000000, actvprof=,2.243817, id=,B08, PRDE,actvstrat=,0.475061, actvprof=,4.782361, id=,S01, PRDE,actvstrat=,-1.000000, actvprof=,5.245305, id=,S02, PRDE,actvstrat=,0.302182, actvprof=,1.311952, id=,S07, PRDE,actvstrat=,-1.000000, actvprof=,0.000000, id=,S08, PRDE,actvstrat=,-1.000000, actvprof=,0.000000, id=,S09, PRDE,actvstrat=,1.000000, actvprof=,0.000000, best_B_id=,B08, best_B_prof=,4.782361, best_B_strat=,0.475061, best_S_id=,S01, best_S_prof=,5.245305, best_S_strat=,-1.000000, 
t=,1904400, id=,B00, PRDE,actvstrat=,1.000000, actvprof=,0.000000, id=,B03, PRDE,actvstrat=,1.000000, actvprof=,0.000835, id=,B05, PRDE,actvstrat=,-1.000000, actvprof=,0.964905, id=,B06, PRDE,actvstrat=,1.000000, actvprof=,2.437450, id=,B08, PRDE,actvstrat=,1.000000, actvprof=,5.828393, id=,S01, PRDE,actvstrat=,-1.000000, actvprof=,5.001531, id=,S02, PRDE,actvstrat=,0.651091, actvprof=,1.956806, id=,S07, PRDE,actvstrat=,1.000000, actvprof=,0.003896, id=,S08, PRDE,actvstrat=,-1.000000, actvprof=,0.000000, id=,S09, PRDE,actvstrat=,1.000000, actvprof=,0.000000, best_B_id=,B08, best_B_prof=,5.828393, best_B_strat=,1.000000, best_S_id=,S01, best_S_prof=,5.001531, best_S_strat=,-1.000000, 
t=,1908000, id=,B00, PRDE,actvstrat=,1.000000, actvprof=,0.000000, id=,B03, PRDE,actvstrat=,1.000000, actvprof=,0.000556, id=,B05, PRDE,actvstrat=,-1.000000, actvprof=,0.954248, id=,B06, PRDE,actvstrat=,1.000000, actvprof=,2.447901, id=,B08, PRDE,actvstrat=,1.000000, actvprof=,5.846714, id=,S01, PRDE,actvstrat=,-1.000000, actvprof=,5.048588, id=,S02, PRDE,actvstrat=,0.651091, actvprof=,1.924344, id=,S07, PRDE,actvstrat=,1.000000, actvprof=,0.001946, id=,S08, PRDE,actvstrat=,-1.000000, actvprof=,0.000000, id=,S09, PRDE,actvstrat=,1.000000, actvprof=,0.000000, best_B_id=,B08, best_B_prof=,5.846714, best_B_strat=,1.000000, best_S_id=,S01, best_S_prof=,5.048588, best_S_strat=,-1.000000, 
t=,1911600, id=,B00, PRDE,actvstrat=,-1.000000, actvprof=,0.000000, id=,B03, PRDE,actvstrat=,1.000000, actvprof=,0.010576, id=,B05, PRDE,actvstrat=,-1.000000, actvprof=,1.397401, id=,B06, PRDE,actvstrat=,1.000000, actvprof=,2.848794, id=,B08, PRDE,actvstrat=,-0.574817, actvprof=,3.478612, id=,S01, PRDE,actvstrat=,1.000000, actvprof=,4.848738, id=,S02, PRDE,actvstrat=,1.000000, actvprof=,3.134341, id=,S07, PRDE,actvstrat=,1.000000, actvprof=,0.000000, id=,S08, PRDE,actvstrat=,1.000000, actvprof=,0.000000, id=,S09, PRDE,actvstrat=,1.000000, actvprof=,0.000000, best_B_id=,B08, best_B_prof=,3.478612, best_B_strat=,-0.574817, best_S_id=,S01, best_S_prof=,4.848738, best_S_strat=,1.000000, 
t=,1915200, id=,B00, PRDE,actvstrat=,-1.000000, actvprof=,0.000000, id=,B03, PRDE,actvstrat=,1.000000, actvprof=,0.011817, id=,B05, PRDE,actvstrat=,-1.000000, actvprof=,1.364919, id=,B06, PRDE,actvstrat=,1.000000, actvprof=,2.801991, id=,B08, PRDE,actvstrat=,-0.574817, actvprof=,3.566890, id=,S01, PRDE,actvstrat=,1.000000, actvprof=,4.877730, id=,S02, PRDE,actvstrat=,1.000000, actvprof=,3.189723, id=,S07, PRDE,actvstrat=,1.000000, actvprof=,0.000000, id=,S08, PRDE,actvstrat=,1.000000, actvprof=,0.000000, id=,S09, PRDE,actvstrat=,1.000000, actvprof=,0.000000, best_B_id=,B08, best_B_prof=,3.566890, best_B_strat=,-0.574817, best_S_id=,S01, best_S_prof=,4.877730, best_S_strat=,1.000000, 
t=,1918800, id=,B00, PRDE,actvstrat=,1.000000, actvprof=,0.000000, id=,B03, PRDE,actvstrat=,1.000000, actvprof=,0.003340, id=,B05, PRDE,actvstrat=,-1.000000, actvprof=,1.502046, id=,B06, PRDE,actvstrat=,-1.000000, actvprof=,3.058640, id=,B08, PRDE,actvstrat=,-0.574817, actvprof=,3.675656, id=,S01, PRDE,actvstrat=,-1.000000, actvprof=,4.252874, id=,S02, PRDE,actvstrat=,1.000000, actvprof=,3.061423, id=,S07, PRDE,actvstrat=,-1.000000, actvprof=,0.000000, id=,S08, PRDE,actvstrat=,1.000000, actvprof=,0.000000, id=,S09, PRDE,actvstrat=,-1.000000, actvprof=,0.000000, best_B_id=,B08, best_B_prof=,3.675656, best_B_strat=,-0.574817, best_S_id=,S01, best_S_prof=,4.252874, best_S_strat=,-1.000000, 
t=,1922400, id=,B00, PRDE,actvstrat=,1.000000, actvprof=,0.000000, id=,B03, PRDE,actvstrat=,1.000000, actvprof=,0.004449, id=,B05, PRDE,actvstrat=,-1.000000, actvprof=,1.486692, id=,B06, PRDE,actvstrat=,-1.000000, actvprof=,3.015091, id=,B08, PRDE,actvstrat=,-0.574817, actvprof=,3.811821, id=,S01, PRDE,actvstrat=,-1.000000, actvprof=,4.395988, id=,S02, PRDE,actvstrat=,1.000000, actvprof=,3.109347, id=,S07, PRDE,actvstrat=,-1.000000, actvprof=,0.000000, id=,S08, PRDE,actvstrat=,1.000000, actvprof=,0.000000, id=,S09, PRDE,actvstrat=,-1.000000, actvprof=,0.000000, best_B_id=,B08, best_B_prof=,3.811821, best_B_strat=,-0.574817, best_S_id=,S01, best_S_prof=,4.395988, best_S_strat=,-1.000000, 
t=,1926000, id=,B00, PRDE,actvstrat=,-1.000000, actvprof=,0.000000, id=,B03, PRDE,actvstrat=,1.000000, actvprof=,0.018090, id=,B05, PRDE,actvstrat=,0.469198, actvprof=,0.800991, id=,B06, PRDE,actvstrat=,1.000000, actvprof=,2.721365, id=,B08, PRDE,actvstrat=,1.000000, actvprof=,6.063094, id=,S01, PRDE,actvstrat=,1.000000, actvprof=,4.564924, id=,S02, PRDE,actvstrat=,1.000000, actvprof=,2.832691, id=,S07, PRDE,actvstrat=,1.000000, actvprof=,0.000000, id=,S08, PRDE,actvstrat=,-1.000000, actvprof=,0.000000, id=,S09, PRDE,actvstrat=,-1.000000, actvprof=,0.000000, best_B_id=,B08, best_B_prof=,6.063094, best_B_strat=,1.000000, best_S_id=,S01, best_S_prof=,4.564924, best_S_strat=,1.000000, 
t=,1929600, id=,B00, PRDE,actvstrat=,-1.000000, actvprof=,0.000000, id=,B03, PRDE,actvstrat=,1.000000, actvprof=,0.015154, id=,B05, PRDE,actvstrat=,0.469198, actvprof=,0.809809, id=,B06, PRDE,actvstrat=,1.000000, actvprof=,2.771981, id=,B08, PRDE,actvstrat=,1.000000, actvprof=,6.058904, id=,S01, PRDE,actvstrat=,1.000000, actvprof=,4.511577, id=,S02, PRDE,actvstrat=,1.000000, actvprof=,2.796866, id=,S07, PRDE,actvstrat=,1.000000, actvprof=,0.003615, id=,S08, PRDE,actvstrat=,-1.000000, actvprof=,0.000000, id=,S09, PRDE,actvstrat=,-1.000000, actvprof=,0.000000, best_B_id=,B08, best_B_prof=,6.058904, best_B_strat=,1.000000, best_S_id=,S01, best_S_prof=,4.511577, best_S_strat=,1.000000, 
t=,1933200, id=,B00, PRDE,actvstrat=,-1.000000, actvprof=,0.000000, id=,B03, PRDE,actvstrat=,1.000000, actvprof=,0.004731, id=,B05, PRDE,actvstrat=,-1.000000, actvprof=,1.238780, id=,B06, PRDE,actvstrat=,1.000000, actvprof=,2.631191, id=,B08, PRDE,actvstrat=,0.475061, actvprof=,5.324446, id=,S01, PRDE,actvstrat=,1.000000, actvprof=,5.038060, id=,S02, PRDE,actvstrat=,1.000000, actvprof=,3.317794, id=,S07, PRDE,actvstrat=,-1.000000, actvprof=,0.000000, id=,S08, PRDE,actvstrat=,-1.000000, actvprof=,0.000000, id=,S09, PRDE,actvstrat=,-1.000000, actvprof=,0.000000, best_B_id=,B08, best_B_prof=,5.324446, best_B_strat=,0.475061, best_S_id=,S01, best_S_prof=,5.038060, best_S_strat=,1.000000, 
t=,1936800, id=,B00, PRDE,actvstrat=,-1.000000, actvprof=,0.000000, id=,B03, PRDE,actvstrat=,1.000000, actvprof=,0.005005, id=,B05, PRDE,actvstrat=,-1.000000, actvprof=,1.236610, id=,B06, PRDE,actvstrat=,1.000000, actvprof=,2.587498, id=,B08, PRDE,actvstrat=,0.475061, actvprof=,5.272590, id=,S01, PRDE,actvstrat=,1.000000, actvprof=,5.044592, id=,S02, PRDE,actvstrat=,1.000000, actvprof=,3.364637, id=,S07, PRDE,actvstrat=,-1.000000, actvprof=,0.000000, id=,S08, PRDE,actvstrat=,-1.000000, actvprof=,0.000000, id=,S09, PRDE,actvstrat=,-1.000000, actvprof=,0.000000, best_B_id=,B08, best_B_prof=,5.272590, best_B_strat=,0.475061, best_S_id=,S01, best_S_prof=,5.044592, best_S_strat=,1.000000, 
t=,1940400, id=,B00, PRDE,actvstrat=,-1.000000, actvprof=,0.000000, id=,B03, PRDE,actvstrat=,1.000000, actvprof=,0.013916, id=,B05, PRDE,actvstrat=,0.469198, actvprof=,0.800167, id=,B06, PRDE,actvstrat=,1.000000, actvprof=,2.659894, id=,B08, PRDE,actvstrat=,1.000000, actvprof=,5.998887, id=,S01, PRDE,actvstrat=,1.000000, actvprof=,4.512385, id=,S02, PRDE,actvstrat=,1.000000, actvprof=,2.853883, id=,S07, PRDE,actvstrat=,1.000000, actvprof=,0.006401, id=,S08, PRDE,actvstrat=,-1.000000, actvprof=,0.000000, id=,S09, PRDE,actvstrat=,-1.000000, actvprof=,0.000000, best_B_id=,B08, best_B_prof=,5.998887, best_B_strat=,1.000000, best_S_id=,S01, best_S_prof=,4.512385, best_S_strat=,1.000000, 
t=,1944000, id=,B00, PRDE,actvstrat=,-1.000000, actvprof=,0.000000, id=,B03, PRDE,actvstrat=,1.000000, actvprof=,0.015015, id=,B05, PRDE,actvstrat=,0.469198, actvprof=,0.804810, id=,B06, PRDE,actvstrat=,1.000000, actvprof=,2.699708, id=,B08, PRDE,actvstrat=,1.000000, actvprof=,6.057695, id=,S01, PRDE,actvstrat=,1.000000, actvprof=,4.454470, id=,S02, PRDE,actvstrat=,1.000000, actvprof=,2.792437, id=,S07, PRDE,actvstrat=,1.000000, actvprof=,0.005422, id=,S08, PRDE,actvstrat=,-1.000000, actvprof=,0.000000, id=,S09, PRDE,actvstrat=,-1.000000, actvprof=,0.000000, best_B_id=,B08, best_B_prof=,6.057695, best_B_strat=,1.000000, best_S_id=,S01, best_S_prof=,4.454470, best_S_strat=,1.000000, 
t=,1947600, id=,B00, PRDE,actvstrat=,-1.000000, actvprof=,0.000000, id=,B03, PRDE,actvstrat=,-1.000000, actvprof=,0.014751, id=,B05, PRDE,actvstrat=,-1.000000, actvprof=,1.073491, id=,B06, PRDE,actvstrat=,-1.000000, actvprof=,2.578939, id=,B08, PRDE,actvstrat=,1.000000, actvprof=,5.919370, id=,S01, PRDE,actvstrat=,1.000000, actvprof=,5.207142, id=,S02, PRDE,actvstrat=,1.000000, actvprof=,3.538318, id=,S07, PRDE,actvstrat=,1.000000, actvprof=,0.002783, id=,S08, PRDE,actvstrat=,-1.000000, actvprof=,0.000000, id=,S09, PRDE,actvstrat=,1.000000, actvprof=,0.000000, best_B_id=,B08, best_B_prof=,5.919370, best_B_strat=,1.000000, best_S_id=,S01, best_S_prof=,5.207142, best_S_strat=,1.000000, 
t=,1951200, id=,B00, PRDE,actvstrat=,-1.000000, actvprof=,0.000000, id=,B03, PRDE,actvstrat=,-1.000000, actvprof=,0.009593, id=,B05, PRDE,actvstrat=,-1.000000, actvprof=,1.049917, id=,B06, PRDE,actvstrat=,-1.000000, actvprof=,2.510792, id=,B08, PRDE,actvstrat=,1.000000, actvprof=,5.885485, id=,S01, PRDE,actvstrat=,1.000000, actvprof=,5.314509, id=,S02, PRDE,actvstrat=,1.000000, actvprof=,3.606309, id=,S07, PRDE,actvstrat=,1.000000, actvprof=,0.001529, id=,S08, PRDE,actvstrat=,-1.000000, actvprof=,0.000000, id=,S09, PRDE,actvstrat=,1.000000, actvprof=,0.000000, best_B_id=,B08, best_B_prof=,5.885485, best_B_strat=,1.000000, best_S_id=,S01, best_S_prof=,5.314509, best_S_strat=,1.000000, 
t=,1954800, id=,B00, PRDE,actvstrat=,0.824627, actvprof=,0.000000, id=,B03, PRDE,actvstrat=,1.000000, actvprof=,0.000557, id=,B05, PRDE,actvstrat=,-1.000000, actvprof=,0.420267, id=,B06, PRDE,actvstrat=,-1.000000, actvprof=,1.903450, id=,B08, PRDE,actvstrat=,-0.049878, actvprof=,3.151728, id=,S01, PRDE,actvstrat=,-0.116047, actvprof=,0.902044, id=,S02, PRDE,actvstrat=,1.000000, actvprof=,4.340444, id=,S07, PRDE,actvstrat=,1.000000, actvprof=,0.001113, id=,S08, PRDE,actvstrat=,1.000000, actvprof=,0.000000, id=,S09, PRDE,actvstrat=,1.000000, actvprof=,0.000000, best_B_id=,B08, best_B_prof=,3.151728, best_B_strat=,-0.049878, best_S_id=,S02, best_S_prof=,4.340444, best_S_strat=,1.000000, 
t=,1958400, id=,B00, PRDE,actvstrat=,0.824627, actvprof=,0.000000, id=,B03, PRDE,actvstrat=,1.000000, actvprof=,0.000834, id=,B05, PRDE,actvstrat=,-1.000000, actvprof=,0.457392, id=,B06, PRDE,actvstrat=,-1.000000, actvprof=,1.930501, id=,B08, PRDE,actvstrat=,-0.049878, actvprof=,3.233305, id=,S01, PRDE,actvstrat=,-0.116047, actvprof=,0.941616, id=,S02, PRDE,actvstrat=,1.000000, actvprof=,4.312834, id=,S07, PRDE,actvstrat=,1.000000, actvprof=,0.000556, id=,S08, PRDE,actvstrat=,1.000000, actvprof=,0.000000, id=,S09, PRDE,actvstrat=,1.000000, actvprof=,0.000000, best_B_id=,B08, best_B_prof=,3.233305, best_B_strat=,-0.049878, best_S_id=,S02, best_S_prof=,4.312834, best_S_strat=,1.000000, 
t=,1962000, id=,B00, PRDE,actvstrat=,-1.000000, actvprof=,0.000000, id=,B03, PRDE,actvstrat=,1.000000, actvprof=,0.000557, id=,B05, PRDE,actvstrat=,0.469198, actvprof=,0.574721, id=,B06, PRDE,actvstrat=,1.000000, actvprof=,2.533224, id=,B08, PRDE,actvstrat=,1.000000, actvprof=,5.990175, id=,S01, PRDE,actvstrat=,1.000000, actvprof=,4.879420, id=,S02, PRDE,actvstrat=,0.025967, actvprof=,0.728629, id=,S07, PRDE,actvstrat=,-1.000000, actvprof=,0.000000, id=,S08, PRDE,actvstrat=,1.000000, actvprof=,0.000000, id=,S09, PRDE,actvstrat=,1.000000, actvprof=,0.000000, best_B_id=,B08, best_B_prof=,5.990175, best_B_strat=,1.000000, best_S_id=,S01, best_S_prof=,4.879420, best_S_strat=,1.000000, 
t=,1965600, id=,B00, PRDE,actvstrat=,-1.000000, actvprof=,0.000000, id=,B03, PRDE,actvstrat=,1.000000, actvprof=,0.001390, id=,B05, PRDE,actvstrat=,0.469198, actvprof=,0.514254, id=,B06, PRDE,actvstrat=,1.000000, actvprof=,2.481736, id=,B08, PRDE,actvstrat=,1.000000, actvprof=,5.924968, id=,S01, PRDE,actvstrat=,1.000000, actvprof=,4.961803, id=,S02, PRDE,actvstrat=,0.025967, actvprof=,0.726823, id=,S07, PRDE,actvstrat=,-1.000000, actvprof=,0.000000, id=,S08, PRDE,actvstrat=,1.000000, actvprof=,0.000000, id=,S09, PRDE,actvstrat=,1.000000, actvprof=,0.000000, best_B_id=,B08, best_B_prof=,5.924968, best_B_strat=,1.000000, best_S_id=,S01, best_S_prof=,4.961803, best_S_strat=,1.000000, 
t=,1969200, id=,B00, PRDE,actvstrat=,1.000000, actvprof=,0.000000, id=,B03, PRDE,actvstrat=,1.000000, actvprof=,0.001948, id=,B05, PRDE,actvstrat=,0.469198, actvprof=,0.300593, id=,B06, PRDE,actvstrat=,-1.000000, actvprof=,2.211027, id=,B08, PRDE,actvstrat=,1.000000, actvprof=,5.791144, id=,S01, PRDE,actvstrat=,-0.116047, actvprof=,0.809374, id=,S02, PRDE,actvstrat=,1.000000, actvprof=,3.857051, id=,S07, PRDE,actvstrat=,-1.000000, actvprof=,0.000000, id=,S08, PRDE,actvstrat=,1.000000, actvprof=,0.000000, id=,S09, PRDE,actvstrat=,1.000000, actvprof=,0.000000, best_B_id=,B08, best_B_prof=,5.791144, best_B_strat=,1.000000, best_S_id=,S02, best_S_prof=,3.857051, best_S_strat=,1.000000, 
t=,1972800, id=,B00, PRDE,actvstrat=,1.000000, actvprof=,0.000000, id=,B03, PRDE,actvstrat=,1.000000, actvprof=,0.003198, id=,B05, PRDE,actvstrat=,0.469198, actvprof=,0.312947, id=,B06, PRDE,actvstrat=,-1.000000, actvprof=,2.163800, id=,B08, PRDE,actvstrat=,1.000000, actvprof=,5.785705, id=,S01, PRDE,actvstrat=,-0.116047, actvprof=,0.776738, id=,S02, PRDE,actvstrat=,1.000000, actvprof=,3.843651, id=,S07, PRDE,actvstrat=,-1.000000, actvprof=,0.000000, id=,S08, PRDE,actvstrat=,1.000000, actvprof=,0.000000, id=,S09, PRDE,actvstrat=,1.000000, actvprof=,0.000000, best_B_id=,B08, best_B_prof=,5.785705, best_B_strat=,1.000000, best_S_id=,S02, best_S_prof=,3.843651, best_S_strat=,1.000000, 
t=,1976400, id=,B00, PRDE,actvstrat=,0.824627, actvprof=,0.000000, id=,B03, PRDE,actvstrat=,1.000000, actvprof=,0.019483, id=,B05, PRDE,actvstrat=,-0.265401, actvprof=,0.427510, id=,B06, PRDE,actvstrat=,1.000000, actvprof=,3.240001, id=,B08, PRDE,actvstrat=,1.000000, actvprof=,6.684294, id=,S01, PRDE,actvstrat=,1.000000, actvprof=,3.990370, id=,S02, PRDE,actvstrat=,1.000000, actvprof=,2.274207, id=,S07, PRDE,actvstrat=,-1.000000, actvprof=,0.000000, id=,S08, PRDE,actvstrat=,-1.000000, actvprof=,0.000000, id=,S09, PRDE,actvstrat=,1.000000, actvprof=,0.000000, best_B_id=,B08, best_B_prof=,6.684294, best_B_strat=,1.000000, best_S_id=,S01, best_S_prof=,3.990370, best_S_strat=,1.000000, 
t=,1980000, id=,B00, PRDE,actvstrat=,0.824627, actvprof=,0.000000, id=,B03, PRDE,actvstrat=,1.000000, actvprof=,0.016266, id=,B05, PRDE,actvstrat=,-0.265401, actvprof=,0.428200, id=,B06, PRDE,actvstrat=,1.000000, actvprof=,3.220676, id=,B08, PRDE,actvstrat=,1.000000, actvprof=,6.622086, id=,S01, PRDE,actvstrat=,1.000000, actvprof=,3.939440, id=,S02, PRDE,actvstrat=,1.000000, actvprof=,2.270016, id=,S07, PRDE,actvstrat=,-1.000000, actvprof=,0.001112, id=,S08, PRDE,actvstrat=,-1.000000, actvprof=,0.000000, id=,S09, PRDE,actvstrat=,1.000000, actvprof=,0.000000, best_B_id=,B08, best_B_prof=,6.622086, best_B_strat=,1.000000, best_S_id=,S01, best_S_prof=,3.939440, best_S_strat=,1.000000, 
t=,1983600, id=,B00, PRDE,actvstrat=,0.649253, actvprof=,0.000000, id=,B03, PRDE,actvstrat=,1.000000, actvprof=,0.009741, id=,B05, PRDE,actvstrat=,1.000000, actvprof=,0.458961, id=,B06, PRDE,actvstrat=,1.000000, actvprof=,1.851986, id=,B08, PRDE,actvstrat=,1.000000, actvprof=,5.161012, id=,S01, PRDE,actvstrat=,0.441977, actvprof=,2.843107, id=,S02, PRDE,actvstrat=,1.000000, actvprof=,3.866236, id=,S07, PRDE,actvstrat=,-1.000000, actvprof=,0.002227, id=,S08, PRDE,actvstrat=,1.000000, actvprof=,0.000000, id=,S09, PRDE,actvstrat=,-1.000000, actvprof=,0.000000, best_B_id=,B08, best_B_prof=,5.161012, best_B_strat=,1.000000, best_S_id=,S02, best_S_prof=,3.866236, best_S_strat=,1.000000, 
t=,1987200, id=,B00, PRDE,actvstrat=,0.649253, actvprof=,0.000000, id=,B03, PRDE,actvstrat=,1.000000, actvprof=,0.010010, id=,B05, PRDE,actvstrat=,1.000000, actvprof=,0.473940, id=,B06, PRDE,actvstrat=,1.000000, actvprof=,1.878797, id=,B08, PRDE,actvstrat=,1.000000, actvprof=,5.174547, id=,S01, PRDE,actvstrat=,0.441977, actvprof=,2.896189, id=,S02, PRDE,actvstrat=,1.000000, actvprof=,3.830027, id=,S07, PRDE,actvstrat=,-1.000000, actvprof=,0.003198, id=,S08, PRDE,actvstrat=,1.000000, actvprof=,0.000000, id=,S09, PRDE,actvstrat=,-1.000000, actvprof=,0.000000, best_B_id=,B08, best_B_prof=,5.174547, best_B_strat=,1.000000, best_S_id=,S02, best_S_prof=,3.830027, best_S_strat=,1.000000, 
t=,1990800, id=,B00, PRDE,actvstrat=,-1.000000, actvprof=,0.000000, id=,B03, PRDE,actvstrat=,-1.000000, actvprof=,0.027276, id=,B05, PRDE,actvstrat=,0.469198, actvprof=,0.750090, id=,B06, PRDE,actvstrat=,-1.000000, actvprof=,2.818893, id=,B08, PRDE,actvstrat=,1.000000, actvprof=,6.245929, id=,S01, PRDE,actvstrat=,1.000000, actvprof=,4.833143, id=,S02, PRDE,actvstrat=,1.000000, actvprof=,3.101394, id=,S07, PRDE,actvstrat=,-1.000000, actvprof=,0.000000, id=,S08, PRDE,actvstrat=,1.000000, actvprof=,0.000000, id=,S09, PRDE,actvstrat=,1.000000, actvprof=,0.000000, best_B_id=,B08, best_B_prof=,6.245929, best_B_strat=,1.000000, best_S_id=,S01, best_S_prof=,4.833143, best_S_strat=,1.000000, 
t=,1994400, id=,B00, PRDE,actvstrat=,-1.000000, actvprof=,0.000000, id=,B03, PRDE,actvstrat=,-1.000000, actvprof=,0.022661, id=,B05, PRDE,actvstrat=,0.469198, actvprof=,0.751580, id=,B06, PRDE,actvstrat=,-1.000000, actvprof=,2.862565, id=,B08, PRDE,actvstrat=,1.000000, actvprof=,6.234803, id=,S01, PRDE,actvstrat=,1.000000, actvprof=,4.871504, id=,S02, PRDE,actvstrat=,1.000000, actvprof=,3.125187, id=,S07, PRDE,actvstrat=,-1.000000, actvprof=,0.000000, id=,S08, PRDE,actvstrat=,1.000000, actvprof=,0.000000, id=,S09, PRDE,actvstrat=,1.000000, actvprof=,0.000000, best_B_id=,B08, best_B_prof=,6.234803, best_B_strat=,1.000000, best_S_id=,S01, best_S_prof=,4.871504, best_S_strat=,1.000000, 
t=,1998000, id=,B00, PRDE,actvstrat=,0.298506, actvprof=,0.000000, id=,B03, PRDE,actvstrat=,1.000000, actvprof=,0.000000, id=,B05, PRDE,actvstrat=,-1.000000, actvprof=,0.251611, id=,B06, PRDE,actvstrat=,1.000000, actvprof=,1.777141, id=,B08, PRDE,actvstrat=,0.475061, actvprof=,4.224501, id=,S01, PRDE,actvstrat=,-0.116047, actvprof=,1.123064, id=,S02, PRDE,actvstrat=,-0.997016, actvprof=,3.087521, id=,S07, PRDE,actvstrat=,1.000000, actvprof=,0.000835, id=,S08, PRDE,actvstrat=,-1.000000, actvprof=,0.000000, id=,S09, PRDE,actvstrat=,1.000000, actvprof=,0.000000, best_B_id=,B08, best_B_prof=,4.224501, best_B_strat=,0.475061, best_S_id=,S02, best_S_prof=,3.087521, best_S_strat=,-0.997016, 
t=,2001600, id=,B00, PRDE,actvstrat=,0.298506, actvprof=,0.000000, id=,B03, PRDE,actvstrat=,1.000000, actvprof=,0.000000, id=,B05, PRDE,actvstrat=,-1.000000, actvprof=,0.252890, id=,B06, PRDE,actvstrat=,1.000000, actvprof=,1.810548, id=,B08, PRDE,actvstrat=,0.475061, actvprof=,4.240183, id=,S01, PRDE,actvstrat=,-0.116047, actvprof=,1.047707, id=,S02, PRDE,actvstrat=,-0.997016, actvprof=,3.114482, id=,S07, PRDE,actvstrat=,1.000000, actvprof=,0.000417, id=,S08, PRDE,actvstrat=,-1.000000, actvprof=,0.000000, id=,S09, PRDE,actvstrat=,1.000000, actvprof=,0.000000, best_B_id=,B08, best_B_prof=,4.240183, best_B_strat=,0.475061, best_S_id=,S02, best_S_prof=,3.114482, best_S_strat=,-0.997016, 
t=,2005200, id=,B00, PRDE,actvstrat=,1.000000, actvprof=,0.000000, id=,B03, PRDE,actvstrat=,1.000000, actvprof=,0.016700, id=,B05, PRDE,actvstrat=,0.469198, actvprof=,0.908458, id=,B06, PRDE,actvstrat=,1.000000, actvprof=,2.961953, id=,B08, PRDE,actvstrat=,-0.049878, actvprof=,4.677837, id=,S01, PRDE,actvstrat=,1.000000, actvprof=,4.539230, id=,S02, PRDE,actvstrat=,1.000000, actvprof=,2.737343, id=,S07, PRDE,actvstrat=,1.000000, actvprof=,0.000557, id=,S08, PRDE,actvstrat=,1.000000, actvprof=,0.000000, id=,S09, PRDE,actvstrat=,1.000000, actvprof=,0.000000, best_B_id=,B08, best_B_prof=,4.677837, best_B_strat=,-0.049878, best_S_id=,S01, best_S_prof=,4.539230, best_S_strat=,1.000000, 
t=,2008800, id=,B00, PRDE,actvstrat=,1.000000, actvprof=,0.000000, id=,B03, PRDE,actvstrat=,1.000000, actvprof=,0.016961, id=,B05, PRDE,actvstrat=,0.469198, actvprof=,0.890607, id=,B06, PRDE,actvstrat=,1.000000, actvprof=,2.901631, id=,B08, PRDE,actvstrat=,-0.049878, actvprof=,4.673530, id=,S01, PRDE,actvstrat=,1.000000, actvprof=,4.519488, id=,S02, PRDE,actvstrat=,1.000000, actvprof=,2.752595, id=,S07, PRDE,actvstrat=,1.000000, actvprof=,0.000556, id=,S08, PRDE,actvstrat=,1.000000, actvprof=,0.000000, id=,S09, PRDE,actvstrat=,1.000000, actvprof=,0.000000, best_B_id=,B08, best_B_prof=,4.673530, best_B_strat=,-0.049878, best_S_id=,S01, best_S_prof=,4.519488, best_S_strat=,1.000000, 
t=,2012400, id=,B00, PRDE,actvstrat=,-1.000000, actvprof=,0.000000, id=,B03, PRDE,actvstrat=,-1.000000, actvprof=,0.002505, id=,B05, PRDE,actvstrat=,-1.000000, actvprof=,1.495769, id=,B06, PRDE,actvstrat=,1.000000, actvprof=,3.034680, id=,B08, PRDE,actvstrat=,-0.574817, actvprof=,3.675406, id=,S01, PRDE,actvstrat=,1.000000, actvprof=,4.842184, id=,S02, PRDE,actvstrat=,-1.000000, actvprof=,3.021320, id=,S07, PRDE,actvstrat=,-1.000000, actvprof=,0.000000, id=,S08, PRDE,actvstrat=,-1.000000, actvprof=,0.000000, id=,S09, PRDE,actvstrat=,1.000000, actvprof=,0.000000, best_B_id=,B08, best_B_prof=,3.675406, best_B_strat=,-0.574817, best_S_id=,S01, best_S_prof=,4.842184, best_S_strat=,1.000000, 
t=,2016000, id=,B00, PRDE,actvstrat=,-1.000000, actvprof=,0.000000, id=,B03, PRDE,actvstrat=,-1.000000, actvprof=,0.006256, id=,B05, PRDE,actvstrat=,-1.000000, actvprof=,1.568374, id=,B06, PRDE,actvstrat=,1.000000, actvprof=,3.066817, id=,B08, PRDE,actvstrat=,-0.574817, actvprof=,3.760149, id=,S01, PRDE,actvstrat=,1.000000, actvprof=,4.724864, id=,S02, PRDE,actvstrat=,-1.000000, actvprof=,2.943777, id=,S07, PRDE,actvstrat=,-1.000000, actvprof=,0.000000, id=,S08, PRDE,actvstrat=,-1.000000, actvprof=,0.000000, id=,S09, PRDE,actvstrat=,1.000000, actvprof=,0.000000, best_B_id=,B08, best_B_prof=,3.760149, best_B_strat=,-0.574817, best_S_id=,S01, best_S_prof=,4.724864, best_S_strat=,1.000000, 
t=,2019600, id=,B00, PRDE,actvstrat=,0.298506, actvprof=,0.000000, id=,B03, PRDE,actvstrat=,1.000000, actvprof=,0.014752, id=,B05, PRDE,actvstrat=,1.000000, actvprof=,0.995602, id=,B06, PRDE,actvstrat=,1.000000, actvprof=,2.486362, id=,B08, PRDE,actvstrat=,-0.574817, actvprof=,3.561289, id=,S01, PRDE,actvstrat=,1.000000, actvprof=,4.659597, id=,S02, PRDE,actvstrat=,1.000000, actvprof=,3.024939, id=,S07, PRDE,actvstrat=,-1.000000, actvprof=,0.000000, id=,S08, PRDE,actvstrat=,1.000000, actvprof=,0.000000, id=,S09, PRDE,actvstrat=,-1.000000, actvprof=,0.000000, best_B_id=,B08, best_B_prof=,3.561289, best_B_strat=,-0.574817, best_S_id=,S01, best_S_prof=,4.659597, best_S_strat=,1.000000, 
t=,2023200, id=,B00, PRDE,actvstrat=,0.298506, actvprof=,0.000000, id=,B03, PRDE,actvstrat=,1.000000, actvprof=,0.019464, id=,B05, PRDE,actvstrat=,1.000000, actvprof=,0.919107, id=,B06, PRDE,actvstrat=,1.000000, actvprof=,2.471760, id=,B08, PRDE,actvstrat=,-0.574817, actvprof=,3.504174, id=,S01, PRDE,actvstrat=,1.000000, actvprof=,4.760700, id=,S02, PRDE,actvstrat=,1.000000, actvprof=,3.118931, id=,S07, PRDE,actvstrat=,-1.000000, actvprof=,0.000000, id=,S08, PRDE,actvstrat=,1.000000, actvprof=,0.000000, id=,S09, PRDE,actvstrat=,-1.000000, actvprof=,0.000000, best_B_id=,B08, best_B_prof=,3.504174, best_B_strat=,-0.574817, best_S_id=,S01, best_S_prof=,4.760700, best_S_strat=,1.000000, 
t=,2026800, id=,B00, PRDE,actvstrat=,-0.649253, actvprof=,0.000000, id=,B03, PRDE,actvstrat=,1.000000, actvprof=,0.009463, id=,B05, PRDE,actvstrat=,-0.265401, actvprof=,0.658818, id=,B06, PRDE,actvstrat=,1.000000, actvprof=,3.742207, id=,B08, PRDE,actvstrat=,-0.574817, actvprof=,4.967435, id=,S01, PRDE,actvstrat=,1.000000, actvprof=,3.790358, id=,S02, PRDE,actvstrat=,-1.000000, actvprof=,2.069138, id=,S07, PRDE,actvstrat=,1.000000, actvprof=,0.000000, id=,S08, PRDE,actvstrat=,1.000000, actvprof=,0.000000, id=,S09, PRDE,actvstrat=,-1.000000, actvprof=,0.000000, best_B_id=,B08, best_B_prof=,4.967435, best_B_strat=,-0.574817, best_S_id=,S01, best_S_prof=,3.790358, best_S_strat=,1.000000, 
t=,2030400, id=,B00, PRDE,actvstrat=,-0.649253, actvprof=,0.000000, id=,B03, PRDE,actvstrat=,1.000000, actvprof=,0.012791, id=,B05, PRDE,actvstrat=,-0.265401, actvprof=,0.631604, id=,B06, PRDE,actvstrat=,1.000000, actvprof=,3.791291, id=,B08, PRDE,actvstrat=,-0.574817, actvprof=,4.876960, id=,S01, PRDE,actvstrat=,1.000000, actvprof=,3.820070, id=,S02, PRDE,actvstrat=,-1.000000, actvprof=,2.046352, id=,S07, PRDE,actvstrat=,1.000000, actvprof=,0.000000, id=,S08, PRDE,actvstrat=,1.000000, actvprof=,0.000000, id=,S09, PRDE,actvstrat=,-1.000000, actvprof=,0.000000, best_B_id=,B08, best_B_prof=,4.876960, best_B_strat=,-0.574817, best_S_id=,S01, best_S_prof=,3.820070, best_S_strat=,1.000000, 
t=,2034000, id=,B00, PRDE,actvstrat=,-1.000000, actvprof=,0.000000, id=,B03, PRDE,actvstrat=,1.000000, actvprof=,0.001113, id=,B05, PRDE,actvstrat=,-1.000000, actvprof=,0.815520, id=,B06, PRDE,actvstrat=,1.000000, actvprof=,2.352204, id=,B08, PRDE,actvstrat=,0.475061, actvprof=,5.030617, id=,S01, PRDE,actvstrat=,1.000000, actvprof=,5.597027, id=,S02, PRDE,actvstrat=,-0.997016, actvprof=,2.655311, id=,S07, PRDE,actvstrat=,1.000000, actvprof=,0.000000, id=,S08, PRDE,actvstrat=,-1.000000, actvprof=,0.000000, id=,S09, PRDE,actvstrat=,1.000000, actvprof=,0.000000, best_B_id=,B08, best_B_prof=,5.030617, best_B_strat=,0.475061, best_S_id=,S01, best_S_prof=,5.597027, best_S_strat=,1.000000, 
t=,2037600, id=,B00, PRDE,actvstrat=,-1.000000, actvprof=,0.000000, id=,B03, PRDE,actvstrat=,1.000000, actvprof=,0.000973, id=,B05, PRDE,actvstrat=,-1.000000, actvprof=,0.814281, id=,B06, PRDE,actvstrat=,1.000000, actvprof=,2.380837, id=,B08, PRDE,actvstrat=,0.475061, actvprof=,5.033610, id=,S01, PRDE,actvstrat=,1.000000, actvprof=,5.580403, id=,S02, PRDE,actvstrat=,-0.997016, actvprof=,2.601333, id=,S07, PRDE,actvstrat=,1.000000, actvprof=,0.000417, id=,S08, PRDE,actvstrat=,-1.000000, actvprof=,0.000000, id=,S09, PRDE,actvstrat=,1.000000, actvprof=,0.000000, best_B_id=,B08, best_B_prof=,5.033610, best_B_strat=,0.475061, best_S_id=,S01, best_S_prof=,5.580403, best_S_strat=,1.000000, 
t=,2041200, id=,B00, PRDE,actvstrat=,0.123133, actvprof=,0.000000, id=,B03, PRDE,actvstrat=,1.000000, actvprof=,0.011412, id=,B05, PRDE,actvstrat=,1.000000, actvprof=,0.468994, id=,B06, PRDE,actvstrat=,1.000000, actvprof=,1.880428, id=,B08, PRDE,actvstrat=,1.000000, actvprof=,5.145012, id=,S01, PRDE,actvstrat=,1.000000, actvprof=,5.315353, id=,S02, PRDE,actvstrat=,1.000000, actvprof=,3.704910, id=,S07, PRDE,actvstrat=,1.000000, actvprof=,0.011968, id=,S08, PRDE,actvstrat=,1.000000, actvprof=,0.000000, id=,S09, PRDE,actvstrat=,1.000000, actvprof=,0.000000, best_B_id=,B08, best_B_prof=,5.145012, best_B_strat=,1.000000, best_S_id=,S01, best_S_prof=,5.315353, best_S_strat=,1.000000, 
t=,2044800, id=,B00, PRDE,actvstrat=,0.123133, actvprof=,0.000000, id=,B03, PRDE,actvstrat=,1.000000, actvprof=,0.021271, id=,B05, PRDE,actvstrat=,1.000000, actvprof=,0.507452, id=,B06, PRDE,actvstrat=,1.000000, actvprof=,1.916083, id=,B08, PRDE,actvstrat=,1.000000, actvprof=,5.274858, id=,S01, PRDE,actvstrat=,1.000000, actvprof=,5.264987, id=,S02, PRDE,actvstrat=,1.000000, actvprof=,3.614448, id=,S07, PRDE,actvstrat=,1.000000, actvprof=,0.008481, id=,S08, PRDE,actvstrat=,1.000000, actvprof=,0.000000, id=,S09, PRDE,actvstrat=,1.000000, actvprof=,0.000000, best_B_id=,B08, best_B_prof=,5.274858, best_B_strat=,1.000000, best_S_id=,S01, best_S_prof=,5.264987, best_S_strat=,1.000000, 
t=,2048400, id=,B00, PRDE,actvstrat=,-1.000000, actvprof=,0.000000, id=,B03, PRDE,actvstrat=,1.000000, actvprof=,0.001113, id=,B05, PRDE,actvstrat=,0.469198, actvprof=,0.821643, id=,B06, PRDE,actvstrat=,1.000000, actvprof=,2.867680, id=,B08, PRDE,actvstrat=,1.000000, actvprof=,6.344077, id=,S01, PRDE,actvstrat=,0.441977, actvprof=,1.951124, id=,S02, PRDE,actvstrat=,-1.000000, actvprof=,2.997105, id=,S07, PRDE,actvstrat=,1.000000, actvprof=,0.004453, id=,S08, PRDE,actvstrat=,-1.000000, actvprof=,0.000000, id=,S09, PRDE,actvstrat=,-1.000000, actvprof=,0.000000, best_B_id=,B08, best_B_prof=,6.344077, best_B_strat=,1.000000, best_S_id=,S02, best_S_prof=,2.997105, best_S_strat=,-1.000000, 
t=,2052000, id=,B00, PRDE,actvstrat=,-1.000000, actvprof=,0.000000, id=,B03, PRDE,actvstrat=,1.000000, actvprof=,0.001112, id=,B05, PRDE,actvstrat=,0.469198, actvprof=,0.849043, id=,B06, PRDE,actvstrat=,1.000000, actvprof=,2.959070, id=,B08, PRDE,actvstrat=,1.000000, actvprof=,6.410994, id=,S01, PRDE,actvstrat=,0.441977, actvprof=,1.952647, id=,S02, PRDE,actvstrat=,-1.000000, actvprof=,2.973251, id=,S07, PRDE,actvstrat=,1.000000, actvprof=,0.003059, id=,S08, PRDE,actvstrat=,-1.000000, actvprof=,0.000000, id=,S09, PRDE,actvstrat=,-1.000000, actvprof=,0.000000, best_B_id=,B08, best_B_prof=,6.410994, best_B_strat=,1.000000, best_S_id=,S02, best_S_prof=,2.973251, best_S_strat=,-1.000000, 
t=,2055600, id=,B00, PRDE,actvstrat=,-1.000000, actvprof=,0.000000, id=,B03, PRDE,actvstrat=,1.000000, actvprof=,0.001948, id=,B05, PRDE,actvstrat=,-1.000000, actvprof=,1.484399, id=,B06, PRDE,actvstrat=,-1.000000, actvprof=,3.019178, id=,B08, PRDE,actvstrat=,-0.574817, actvprof=,3.854204, id=,S01, PRDE,actvstrat=,1.000000, actvprof=,4.797784, id=,S02, PRDE,actvstrat=,-1.000000, actvprof=,2.904501, id=,S07, PRDE,actvstrat=,1.000000, actvprof=,0.000000, id=,S08, PRDE,actvstrat=,-1.000000, actvprof=,0.000000, id=,S09, PRDE,actvstrat=,1.000000, actvprof=,0.000000, best_B_id=,B08, best_B_prof=,3.854204, best_B_strat=,-0.574817, best_S_id=,S01, best_S_prof=,4.797784, best_S_strat=,1.000000, 
t=,2059200, id=,B00, PRDE,actvstrat=,-1.000000, actvprof=,0.000000, id=,B03, PRDE,actvstrat=,1.000000, actvprof=,0.006673, id=,B05, PRDE,actvstrat=,-1.000000, actvprof=,1.491085, id=,B06, PRDE,actvstrat=,-1.000000, actvprof=,3.055994, id=,B08, PRDE,actvstrat=,-0.574817, actvprof=,3.753502, id=,S01, PRDE,actvstrat=,1.000000, actvprof=,4.842376, id=,S02, PRDE,actvstrat=,-1.000000, actvprof=,2.914741, id=,S07, PRDE,actvstrat=,1.000000, actvprof=,0.000000, id=,S08, PRDE,actvstrat=,-1.000000, actvprof=,0.000000, id=,S09, PRDE,actvstrat=,1.000000, actvprof=,0.000000, best_B_id=,B08, best_B_prof=,3.753502, best_B_strat=,-0.574817, best_S_id=,S01, best_S_prof=,4.842376, best_S_strat=,1.000000, 
t=,2062800, id=,B00, PRDE,actvstrat=,0.824627, actvprof=,0.000000, id=,B03, PRDE,actvstrat=,1.000000, actvprof=,0.005010, id=,B05, PRDE,actvstrat=,-1.000000, actvprof=,1.576896, id=,B06, PRDE,actvstrat=,-1.000000, actvprof=,3.153793, id=,B08, PRDE,actvstrat=,-0.574817, actvprof=,3.748921, id=,S01, PRDE,actvstrat=,1.000000, actvprof=,4.852053, id=,S02, PRDE,actvstrat=,-1.000000, actvprof=,2.927209, id=,S07, PRDE,actvstrat=,1.000000, actvprof=,0.000000, id=,S08, PRDE,actvstrat=,-1.000000, actvprof=,0.000000, id=,S09, PRDE,actvstrat=,1.000000, actvprof=,0.000000, best_B_id=,B08, best_B_prof=,3.748921, best_B_strat=,-0.574817, best_S_id=,S01, best_S_prof=,4.852053, best_S_strat=,1.000000, 
t=,2066400, id=,B00, PRDE,actvstrat=,0.824627, actvprof=,0.000000, id=,B03, PRDE,actvstrat=,1.000000, actvprof=,0.004449, id=,B05, PRDE,actvstrat=,-1.000000, actvprof=,1.537991, id=,B06, PRDE,actvstrat=,-1.000000, actvprof=,3.072367, id=,B08, PRDE,actvstrat=,-0.574817, actvprof=,3.732499, id=,S01, PRDE,actvstrat=,1.000000, actvprof=,4.858811, id=,S02, PRDE,actvstrat=,-1.000000, actvprof=,2.939729, id=,S07, PRDE,actvstrat=,1.000000, actvprof=,0.000139, id=,S08, PRDE,actvstrat=,-1.000000, actvprof=,0.000000, id=,S09, PRDE,actvstrat=,1.000000, actvprof=,0.000000, best_B_id=,B08, best_B_prof=,3.732499, best_B_strat=,-0.574817, best_S_id=,S01, best_S_prof=,4.858811, best_S_strat=,1.000000, 
t=,2070000, id=,B00, PRDE,actvstrat=,-1.000000, actvprof=,0.000000, id=,B03, PRDE,actvstrat=,1.000000, actvprof=,0.001113, id=,B05, PRDE,actvstrat=,1.000000, actvprof=,0.238553, id=,B06, PRDE,actvstrat=,1.000000, actvprof=,1.479193, id=,B08, PRDE,actvstrat=,1.000000, actvprof=,4.846207, id=,S01, PRDE,actvstrat=,-0.116047, actvprof=,1.072512, id=,S02, PRDE,actvstrat=,1.000000, actvprof=,4.549200, id=,S07, PRDE,actvstrat=,-0.559998, actvprof=,0.000000, id=,S08, PRDE,actvstrat=,1.000000, actvprof=,0.000000, id=,S09, PRDE,actvstrat=,-1.000000, actvprof=,0.000000, best_B_id=,B08, best_B_prof=,4.846207, best_B_strat=,1.000000, best_S_id=,S02, best_S_prof=,4.549200, best_S_strat=,1.000000, 
t=,2073600, id=,B00, PRDE,actvstrat=,-1.000000, actvprof=,0.000000, id=,B03, PRDE,actvstrat=,1.000000, actvprof=,0.001946, id=,B05, PRDE,actvstrat=,1.000000, actvprof=,0.264303, id=,B06, PRDE,actvstrat=,1.000000, actvprof=,1.504901, id=,B08, PRDE,actvstrat=,1.000000, actvprof=,4.847689, id=,S01, PRDE,actvstrat=,-0.116047, actvprof=,1.159124, id=,S02, PRDE,actvstrat=,1.000000, actvprof=,4.447550, id=,S07, PRDE,actvstrat=,-0.559998, actvprof=,0.000000, id=,S08, PRDE,actvstrat=,1.000000, actvprof=,0.000000, id=,S09, PRDE,actvstrat=,-1.000000, actvprof=,0.000000, best_B_id=,B08, best_B_prof=,4.847689, best_B_strat=,1.000000, best_S_id=,S02, best_S_prof=,4.447550, best_S_strat=,1.000000, 
t=,2077200, id=,B00, PRDE,actvstrat=,-1.000000, actvprof=,0.000000, id=,B03, PRDE,actvstrat=,1.000000, actvprof=,0.003619, id=,B05, PRDE,actvstrat=,-1.000000, actvprof=,0.678636, id=,B06, PRDE,actvstrat=,1.000000, actvprof=,2.034795, id=,B08, PRDE,actvstrat=,1.000000, actvprof=,5.318302, id=,S01, PRDE,actvstrat=,0.441977, actvprof=,2.723730, id=,S02, PRDE,actvstrat=,1.000000, actvprof=,4.023939, id=,S07, PRDE,actvstrat=,1.000000, actvprof=,0.007237, id=,S08, PRDE,actvstrat=,1.000000, actvprof=,0.000000, id=,S09, PRDE,actvstrat=,-1.000000, actvprof=,0.000000, best_B_id=,B08, best_B_prof=,5.318302, best_B_strat=,1.000000, best_S_id=,S02, best_S_prof=,4.023939, best_S_strat=,1.000000, 
t=,2080800, id=,B00, PRDE,actvstrat=,-1.000000, actvprof=,0.000000, id=,B03, PRDE,actvstrat=,1.000000, actvprof=,0.003893, id=,B05, PRDE,actvstrat=,-1.000000, actvprof=,0.708099, id=,B06, PRDE,actvstrat=,1.000000, actvprof=,2.034619, id=,B08, PRDE,actvstrat=,1.000000, actvprof=,5.311088, id=,S01, PRDE,actvstrat=,0.441977, actvprof=,2.668335, id=,S02, PRDE,actvstrat=,1.000000, actvprof=,4.028780, id=,S07, PRDE,actvstrat=,1.000000, actvprof=,0.006952, id=,S08, PRDE,actvstrat=,1.000000, actvprof=,0.000000, id=,S09, PRDE,actvstrat=,-1.000000, actvprof=,0.000000, best_B_id=,B08, best_B_prof=,5.311088, best_B_strat=,1.000000, best_S_id=,S02, best_S_prof=,4.028780, best_S_strat=,1.000000, 
t=,2084400, id=,B00, PRDE,actvstrat=,1.000000, actvprof=,0.000000, id=,B03, PRDE,actvstrat=,1.000000, actvprof=,0.007794, id=,B05, PRDE,actvstrat=,1.000000, actvprof=,0.899955, id=,B06, PRDE,actvstrat=,-1.000000, actvprof=,2.571262, id=,B08, PRDE,actvstrat=,-0.049878, actvprof=,4.093642, id=,S01, PRDE,actvstrat=,1.000000, actvprof=,5.236054, id=,S02, PRDE,actvstrat=,1.000000, actvprof=,3.495435, id=,S07, PRDE,actvstrat=,-0.559998, actvprof=,0.000000, id=,S08, PRDE,actvstrat=,1.000000, actvprof=,0.000000, id=,S09, PRDE,actvstrat=,-1.000000, actvprof=,0.000000, best_B_id=,B08, best_B_prof=,4.093642, best_B_strat=,-0.049878, best_S_id=,S01, best_S_prof=,5.236054, best_S_strat=,1.000000, 
t=,2088000, id=,B00, PRDE,actvstrat=,1.000000, actvprof=,0.000000, id=,B03, PRDE,actvstrat=,1.000000, actvprof=,0.009315, id=,B05, PRDE,actvstrat=,1.000000, actvprof=,0.922906, id=,B06, PRDE,actvstrat=,-1.000000, actvprof=,2.578102, id=,B08, PRDE,actvstrat=,-0.049878, actvprof=,4.117623, id=,S01, PRDE,actvstrat=,1.000000, actvprof=,5.146333, id=,S02, PRDE,actvstrat=,1.000000, actvprof=,3.475704, id=,S07, PRDE,actvstrat=,-0.559998, actvprof=,0.000000, id=,S08, PRDE,actvstrat=,1.000000, actvprof=,0.000000, id=,S09, PRDE,actvstrat=,-1.000000, actvprof=,0.000000, best_B_id=,B08, best_B_prof=,4.117623, best_B_strat=,-0.049878, best_S_id=,S01, best_S_prof=,5.146333, best_S_strat=,1.000000, 
t=,2091600, id=,B00, PRDE,actvstrat=,0.649253, actvprof=,0.000000, id=,B03, PRDE,actvstrat=,1.000000, actvprof=,0.006681, id=,B05, PRDE,actvstrat=,-0.265401, actvprof=,0.455140, id=,B06, PRDE,actvstrat=,-1.000000, actvprof=,3.305682, id=,B08, PRDE,actvstrat=,-0.574817, actvprof=,4.298639, id=,S01, PRDE,actvstrat=,0.904528, actvprof=,3.989088, id=,S02, PRDE,actvstrat=,1.000000, actvprof=,2.668485, id=,S07, PRDE,actvstrat=,1.000000, actvprof=,0.000000, id=,S08, PRDE,actvstrat=,1.000000, actvprof=,0.000000, id=,S09, PRDE,actvstrat=,-1.000000, actvprof=,0.000000, best_B_id=,B08, best_B_prof=,4.298639, best_B_strat=,-0.574817, best_S_id=,S01, best_S_prof=,3.989088, best_S_strat=,0.904528, 
t=,2095200, id=,B00, PRDE,actvstrat=,0.649253, actvprof=,0.000000, id=,B03, PRDE,actvstrat=,1.000000, actvprof=,0.008203, id=,B05, PRDE,actvstrat=,-0.265401, actvprof=,0.431712, id=,B06, PRDE,actvstrat=,-1.000000, actvprof=,3.390431, id=,B08, PRDE,actvstrat=,-0.574817, actvprof=,4.467973, id=,S01, PRDE,actvstrat=,0.904528, actvprof=,3.927256, id=,S02, PRDE,actvstrat=,1.000000, actvprof=,2.603479, id=,S07, PRDE,actvstrat=,1.000000, actvprof=,0.000000, id=,S08, PRDE,actvstrat=,1.000000, actvprof=,0.000000, id=,S09, PRDE,actvstrat=,-1.000000, actvprof=,0.000000, best_B_id=,B08, best_B_prof=,4.467973, best_B_strat=,-0.574817, best_S_id=,S01, best_S_prof=,3.927256, best_S_strat=,0.904528, 
t=,2098800, id=,B00, PRDE,actvstrat=,-0.753734, actvprof=,0.000000, id=,B03, PRDE,actvstrat=,1.000000, actvprof=,0.008073, id=,B05, PRDE,actvstrat=,-0.469198, actvprof=,0.566497, id=,B06, PRDE,actvstrat=,1.000000, actvprof=,3.847449, id=,B08, PRDE,actvstrat=,-0.049878, actvprof=,5.586471, id=,S01, PRDE,actvstrat=,1.000000, actvprof=,3.819055, id=,S02, PRDE,actvstrat=,-1.000000, actvprof=,2.149628, id=,S07, PRDE,actvstrat=,-1.000000, actvprof=,0.000000, id=,S08, PRDE,actvstrat=,-1.000000, actvprof=,0.000000, id=,S09, PRDE,actvstrat=,-1.000000, actvprof=,0.000000, best_B_id=,B08, best_B_prof=,5.586471, best_B_strat=,-0.049878, best_S_id=,S01, best_S_prof=,3.819055, best_S_strat=,1.000000, 
t=,2102400, id=,B00, PRDE,actvstrat=,-0.753734, actvprof=,0.000000, id=,B03, PRDE,actvstrat=,1.000000, actvprof=,0.010150, id=,B05, PRDE,actvstrat=,-0.469198, actvprof=,0.549897, id=,B06, PRDE,actvstrat=,1.000000, actvprof=,3.797143, id=,B08, PRDE,actvstrat=,-0.049878, actvprof=,5.465744, id=,S01, PRDE,actvstrat=,1.000000, actvprof=,3.833571, id=,S02, PRDE,actvstrat=,-1.000000, actvprof=,2.066947, id=,S07, PRDE,actvstrat=,-1.000000, actvprof=,0.000000, id=,S08, PRDE,actvstrat=,-1.000000, actvprof=,0.000000, id=,S09, PRDE,actvstrat=,-1.000000, actvprof=,0.000000, best_B_id=,B08, best_B_prof=,5.465744, best_B_strat=,-0.049878, best_S_id=,S01, best_S_prof=,3.833571, best_S_strat=,1.000000, 
t=,2106000, id=,B00, PRDE,actvstrat=,1.000000, actvprof=,0.000000, id=,B03, PRDE,actvstrat=,1.000000, actvprof=,0.008073, id=,B05, PRDE,actvstrat=,-1.000000, actvprof=,1.192011, id=,B06, PRDE,actvstrat=,1.000000, actvprof=,2.439975, id=,B08, PRDE,actvstrat=,0.475061, actvprof=,5.160554, id=,S01, PRDE,actvstrat=,1.000000, actvprof=,5.052822, id=,S02, PRDE,actvstrat=,1.000000, actvprof=,3.430162, id=,S07, PRDE,actvstrat=,-1.000000, actvprof=,0.000000, id=,S08, PRDE,actvstrat=,1.000000, actvprof=,0.000000, id=,S09, PRDE,actvstrat=,-1.000000, actvprof=,0.000000, best_B_id=,B08, best_B_prof=,5.160554, best_B_strat=,0.475061, best_S_id=,S01, best_S_prof=,5.052822, best_S_strat=,1.000000, 
t=,2109600, id=,B00, PRDE,actvstrat=,1.000000, actvprof=,0.000000, id=,B03, PRDE,actvstrat=,1.000000, actvprof=,0.006813, id=,B05, PRDE,actvstrat=,-1.000000, actvprof=,1.232724, id=,B06, PRDE,actvstrat=,1.000000, actvprof=,2.518840, id=,B08, PRDE,actvstrat=,0.475061, actvprof=,5.214677, id=,S01, PRDE,actvstrat=,1.000000, actvprof=,5.005840, id=,S02, PRDE,actvstrat=,1.000000, actvprof=,3.371291, id=,S07, PRDE,actvstrat=,-1.000000, actvprof=,0.000000, id=,S08, PRDE,actvstrat=,1.000000, actvprof=,0.000000, id=,S09, PRDE,actvstrat=,-1.000000, actvprof=,0.000000, best_B_id=,B08, best_B_prof=,5.214677, best_B_strat=,0.475061, best_S_id=,S01, best_S_prof=,5.005840, best_S_strat=,1.000000, 
t=,2113200, id=,B00, PRDE,actvstrat=,1.000000, actvprof=,0.000000, id=,B03, PRDE,actvstrat=,-1.000000, actvprof=,0.021992, id=,B05, PRDE,actvstrat=,-1.000000, actvprof=,1.125788, id=,B06, PRDE,actvstrat=,1.000000, actvprof=,2.372952, id=,B08, PRDE,actvstrat=,1.000000, actvprof=,5.692134, id=,S01, PRDE,actvstrat=,1.000000, actvprof=,5.157914, id=,S02, PRDE,actvstrat=,1.000000, actvprof=,3.428587, id=,S07, PRDE,actvstrat=,-1.000000, actvprof=,0.000000, id=,S08, PRDE,actvstrat=,1.000000, actvprof=,0.000000, id=,S09, PRDE,actvstrat=,1.000000, actvprof=,0.000000, best_B_id=,B08, best_B_prof=,5.692134, best_B_strat=,1.000000, best_S_id=,S01, best_S_prof=,5.157914, best_S_strat=,1.000000, 
t=,2116800, id=,B00, PRDE,actvstrat=,1.000000, actvprof=,0.000000, id=,B03, PRDE,actvstrat=,-1.000000, actvprof=,0.017102, id=,B05, PRDE,actvstrat=,-1.000000, actvprof=,1.128584, id=,B06, PRDE,actvstrat=,1.000000, actvprof=,2.393426, id=,B08, PRDE,actvstrat=,1.000000, actvprof=,5.733433, id=,S01, PRDE,actvstrat=,1.000000, actvprof=,5.127916, id=,S02, PRDE,actvstrat=,1.000000, actvprof=,3.462362, id=,S07, PRDE,actvstrat=,-1.000000, actvprof=,0.000000, id=,S08, PRDE,actvstrat=,1.000000, actvprof=,0.000000, id=,S09, PRDE,actvstrat=,1.000000, actvprof=,0.000000, best_B_id=,B08, best_B_prof=,5.733433, best_B_strat=,1.000000, best_S_id=,S01, best_S_prof=,5.127916, best_S_strat=,1.000000, 
t=,2120400, id=,B00, PRDE,actvstrat=,-0.753734, actvprof=,0.000000, id=,B03, PRDE,actvstrat=,-1.000000, actvprof=,0.025890, id=,B05, PRDE,actvstrat=,1.000000, actvprof=,0.919796, id=,B06, PRDE,actvstrat=,-1.000000, actvprof=,2.633000, id=,B08, PRDE,actvstrat=,-0.049878, actvprof=,4.140753, id=,S01, PRDE,actvstrat=,1.000000, actvprof=,5.073077, id=,S02, PRDE,actvstrat=,1.000000, actvprof=,3.375463, id=,S07, PRDE,actvstrat=,1.000000, actvprof=,0.000000, id=,S08, PRDE,actvstrat=,1.000000, actvprof=,0.000000, id=,S09, PRDE,actvstrat=,1.000000, actvprof=,0.000000, best_B_id=,B08, best_B_prof=,4.140753, best_B_strat=,-0.049878, best_S_id=,S01, best_S_prof=,5.073077, best_S_strat=,1.000000, 
t=,2124000, id=,B00, PRDE,actvstrat=,-0.753734, actvprof=,0.000000, id=,B03, PRDE,actvstrat=,-1.000000, actvprof=,0.020578, id=,B05, PRDE,actvstrat=,1.000000, actvprof=,0.987883, id=,B06, PRDE,actvstrat=,-1.000000, actvprof=,2.660818, id=,B08, PRDE,actvstrat=,-0.049878, actvprof=,4.077501, id=,S01, PRDE,actvstrat=,1.000000, actvprof=,4.995029, id=,S02, PRDE,actvstrat=,1.000000, actvprof=,3.348234, id=,S07, PRDE,actvstrat=,1.000000, actvprof=,0.000000, id=,S08, PRDE,actvstrat=,1.000000, actvprof=,0.000000, id=,S09, PRDE,actvstrat=,1.000000, actvprof=,0.000000, best_B_id=,B08, best_B_prof=,4.077501, best_B_strat=,-0.049878, best_S_id=,S01, best_S_prof=,4.995029, best_S_strat=,1.000000, 
t=,2127600, id=,B00, PRDE,actvstrat=,1.000000, actvprof=,0.000000, id=,B03, PRDE,actvstrat=,1.000000, actvprof=,0.001949, id=,B05, PRDE,actvstrat=,1.000000, actvprof=,0.521429, id=,B06, PRDE,actvstrat=,1.000000, actvprof=,1.965173, id=,B08, PRDE,actvstrat=,-0.049878, actvprof=,3.449562, id=,S01, PRDE,actvstrat=,0.203757, actvprof=,2.064281, id=,S02, PRDE,actvstrat=,1.000000, actvprof=,3.866038, id=,S07, PRDE,actvstrat=,0.119997, actvprof=,0.000000, id=,S08, PRDE,actvstrat=,1.000000, actvprof=,0.000000, id=,S09, PRDE,actvstrat=,1.000000, actvprof=,0.000000, best_B_id=,B08, best_B_prof=,3.449562, best_B_strat=,-0.049878, best_S_id=,S02, best_S_prof=,3.866038, best_S_strat=,1.000000, 
t=,2131200, id=,B00, PRDE,actvstrat=,1.000000, actvprof=,0.000000, id=,B03, PRDE,actvstrat=,1.000000, actvprof=,0.003198, id=,B05, PRDE,actvstrat=,1.000000, actvprof=,0.535730, id=,B06, PRDE,actvstrat=,1.000000, actvprof=,1.990948, id=,B08, PRDE,actvstrat=,-0.049878, actvprof=,3.467996, id=,S01, PRDE,actvstrat=,0.203757, actvprof=,2.063807, id=,S02, PRDE,actvstrat=,1.000000, actvprof=,3.811848, id=,S07, PRDE,actvstrat=,0.119997, actvprof=,0.000000, id=,S08, PRDE,actvstrat=,1.000000, actvprof=,0.000000, id=,S09, PRDE,actvstrat=,1.000000, actvprof=,0.000000, best_B_id=,B08, best_B_prof=,3.467996, best_B_strat=,-0.049878, best_S_id=,S02, best_S_prof=,3.811848, best_S_strat=,1.000000, 
t=,2134800, id=,B00, PRDE,actvstrat=,0.123133, actvprof=,0.000000, id=,B03, PRDE,actvstrat=,-1.000000, actvprof=,0.016427, id=,B05, PRDE,actvstrat=,1.000000, actvprof=,0.756734, id=,B06, PRDE,actvstrat=,-1.000000, actvprof=,2.451730, id=,B08, PRDE,actvstrat=,1.000000, actvprof=,5.580567, id=,S01, PRDE,actvstrat=,1.000000, actvprof=,5.270968, id=,S02, PRDE,actvstrat=,1.000000, actvprof=,3.517505, id=,S07, PRDE,actvstrat=,1.000000, actvprof=,0.000835, id=,S08, PRDE,actvstrat=,1.000000, actvprof=,0.000000, id=,S09, PRDE,actvstrat=,-1.000000, actvprof=,0.000000, best_B_id=,B08, best_B_prof=,5.580567, best_B_strat=,1.000000, best_S_id=,S01, best_S_prof=,5.270968, best_S_strat=,1.000000, 
t=,2138400, id=,B00, PRDE,actvstrat=,0.123133, actvprof=,0.000000, id=,B03, PRDE,actvstrat=,-1.000000, actvprof=,0.015156, id=,B05, PRDE,actvstrat=,1.000000, actvprof=,0.821624, id=,B06, PRDE,actvstrat=,-1.000000, actvprof=,2.500191, id=,B08, PRDE,actvstrat=,1.000000, actvprof=,5.635963, id=,S01, PRDE,actvstrat=,1.000000, actvprof=,5.157922, id=,S02, PRDE,actvstrat=,1.000000, actvprof=,3.466007, id=,S07, PRDE,actvstrat=,1.000000, actvprof=,0.000556, id=,S08, PRDE,actvstrat=,1.000000, actvprof=,0.000000, id=,S09, PRDE,actvstrat=,-1.000000, actvprof=,0.000000, best_B_id=,B08, best_B_prof=,5.635963, best_B_strat=,1.000000, best_S_id=,S01, best_S_prof=,5.157922, best_S_strat=,1.000000, 
t=,2142000, id=,B00, PRDE,actvstrat=,-1.000000, actvprof=,0.000000, id=,B03, PRDE,actvstrat=,-1.000000, actvprof=,0.035359, id=,B05, PRDE,actvstrat=,1.000000, actvprof=,0.606390, id=,B06, PRDE,actvstrat=,1.000000, actvprof=,2.014338, id=,B08, PRDE,actvstrat=,1.000000, actvprof=,5.289900, id=,S01, PRDE,actvstrat=,1.000000, actvprof=,4.977240, id=,S02, PRDE,actvstrat=,1.000000, actvprof=,3.414492, id=,S07, PRDE,actvstrat=,-1.000000, actvprof=,0.004733, id=,S08, PRDE,actvstrat=,1.000000, actvprof=,0.000000, id=,S09, PRDE,actvstrat=,1.000000, actvprof=,0.000000, best_B_id=,B08, best_B_prof=,5.289900, best_B_strat=,1.000000, best_S_id=,S01, best_S_prof=,4.977240, best_S_strat=,1.000000, 
t=,2145600, id=,B00, PRDE,actvstrat=,-1.000000, actvprof=,0.000000, id=,B03, PRDE,actvstrat=,-1.000000, actvprof=,0.039907, id=,B05, PRDE,actvstrat=,1.000000, actvprof=,0.639904, id=,B06, PRDE,actvstrat=,1.000000, actvprof=,2.054730, id=,B08, PRDE,actvstrat=,1.000000, actvprof=,5.339906, id=,S01, PRDE,actvstrat=,1.000000, actvprof=,4.910244, id=,S02, PRDE,actvstrat=,1.000000, actvprof=,3.318131, id=,S07, PRDE,actvstrat=,-1.000000, actvprof=,0.004728, id=,S08, PRDE,actvstrat=,1.000000, actvprof=,0.000000, id=,S09, PRDE,actvstrat=,1.000000, actvprof=,0.000000, best_B_id=,B08, best_B_prof=,5.339906, best_B_strat=,1.000000, best_S_id=,S01, best_S_prof=,4.910244, best_S_strat=,1.000000, 
t=,2149200, id=,B00, PRDE,actvstrat=,-1.000000, actvprof=,0.000000, id=,B03, PRDE,actvstrat=,-1.000000, actvprof=,0.014478, id=,B05, PRDE,actvstrat=,1.000000, actvprof=,1.208358, id=,B06, PRDE,actvstrat=,1.000000, actvprof=,2.723818, id=,B08, PRDE,actvstrat=,1.000000, actvprof=,6.077708, id=,S01, PRDE,actvstrat=,1.000000, actvprof=,4.734593, id=,S02, PRDE,actvstrat=,-1.000000, actvprof=,3.053471, id=,S07, PRDE,actvstrat=,-1.000000, actvprof=,0.002506, id=,S08, PRDE,actvstrat=,1.000000, actvprof=,0.000000, id=,S09, PRDE,actvstrat=,1.000000, actvprof=,0.000000, best_B_id=,B08, best_B_prof=,6.077708, best_B_strat=,1.000000, best_S_id=,S01, best_S_prof=,4.734593, best_S_strat=,1.000000, 
t=,2152800, id=,B00, PRDE,actvstrat=,-1.000000, actvprof=,0.000000, id=,B03, PRDE,actvstrat=,-1.000000, actvprof=,0.018493, id=,B05, PRDE,actvstrat=,1.000000, actvprof=,1.172316, id=,B06, PRDE,actvstrat=,1.000000, actvprof=,2.696701, id=,B08, PRDE,actvstrat=,1.000000, actvprof=,6.129941, id=,S01, PRDE,actvstrat=,1.000000, actvprof=,4.744881, id=,S02, PRDE,actvstrat=,-1.000000, actvprof=,3.077971, id=,S07, PRDE,actvstrat=,-1.000000, actvprof=,0.001251, id=,S08, PRDE,actvstrat=,1.000000, actvprof=,0.000000, id=,S09, PRDE,actvstrat=,1.000000, actvprof=,0.000000, best_B_id=,B08, best_B_prof=,6.129941, best_B_strat=,1.000000, best_S_id=,S01, best_S_prof=,4.744881, best_S_strat=,1.000000, 
t=,2156400, id=,B00, PRDE,actvstrat=,-1.000000, actvprof=,0.000000, id=,B03, PRDE,actvstrat=,1.000000, actvprof=,0.019768, id=,B05, PRDE,actvstrat=,1.000000, actvprof=,0.721127, id=,B06, PRDE,actvstrat=,1.000000, actvprof=,2.247466, id=,B08, PRDE,actvstrat=,-1.000000, actvprof=,5.249193, id=,S01, PRDE,actvstrat=,1.000000, actvprof=,5.307105, id=,S02, PRDE,actvstrat=,1.000000, actvprof=,3.668838, id=,S07, PRDE,actvstrat=,-1.000000, actvprof=,0.000000, id=,S08, PRDE,actvstrat=,-1.000000, actvprof=,0.000000, id=,S09, PRDE,actvstrat=,1.000000, actvprof=,0.000000, best_B_id=,B08, best_B_prof=,5.249193, best_B_strat=,-1.000000, best_S_id=,S01, best_S_prof=,5.307105, best_S_strat=,1.000000, 
t=,2160000, id=,B00, PRDE,actvstrat=,-1.000000, actvprof=,0.000000, id=,B03, PRDE,actvstrat=,1.000000, actvprof=,0.013905, id=,B05, PRDE,actvstrat=,1.000000, actvprof=,0.647005, id=,B06, PRDE,actvstrat=,1.000000, actvprof=,2.150426, id=,B08, PRDE,actvstrat=,-1.000000, actvprof=,5.174509, id=,S01, PRDE,actvstrat=,1.000000, actvprof=,5.422576, id=,S02, PRDE,actvstrat=,1.000000, actvprof=,3.753129, id=,S07, PRDE,actvstrat=,-1.000000, actvprof=,0.000000, id=,S08, PRDE,actvstrat=,-1.000000, actvprof=,0.000000, id=,S09, PRDE,actvstrat=,1.000000, actvprof=,0.000000, best_B_id=,B08, best_B_prof=,5.174509, best_B_strat=,-1.000000, best_S_id=,S01, best_S_prof=,5.422576, best_S_strat=,1.000000, 
t=,2163600, id=,B00, PRDE,actvstrat=,-1.000000, actvprof=,0.000000, id=,B03, PRDE,actvstrat=,1.000000, actvprof=,0.009467, id=,B05, PRDE,actvstrat=,1.000000, actvprof=,0.894043, id=,B06, PRDE,actvstrat=,-1.000000, actvprof=,2.562682, id=,B08, PRDE,actvstrat=,-0.049878, actvprof=,4.036419, id=,S01, PRDE,actvstrat=,1.000000, actvprof=,5.110885, id=,S02, PRDE,actvstrat=,1.000000, actvprof=,3.460344, id=,S07, PRDE,actvstrat=,-0.559998, actvprof=,0.000000, id=,S08, PRDE,actvstrat=,1.000000, actvprof=,0.000000, id=,S09, PRDE,actvstrat=,1.000000, actvprof=,0.000000, best_B_id=,B08, best_B_prof=,4.036419, best_B_strat=,-0.049878, best_S_id=,S01, best_S_prof=,5.110885, best_S_strat=,1.000000, 
t=,2167200, id=,B00, PRDE,actvstrat=,-1.000000, actvprof=,0.000000, id=,B03, PRDE,actvstrat=,1.000000, actvprof=,0.008899, id=,B05, PRDE,actvstrat=,1.000000, actvprof=,0.927477, id=,B06, PRDE,actvstrat=,-1.000000, actvprof=,2.618212, id=,B08, PRDE,actvstrat=,-0.049878, actvprof=,4.027505, id=,S01, PRDE,actvstrat=,1.000000, actvprof=,5.118924, id=,S02, PRDE,actvstrat=,1.000000, actvprof=,3.439592, id=,S07, PRDE,actvstrat=,-0.559998, actvprof=,0.000000, id=,S08, PRDE,actvstrat=,1.000000, actvprof=,0.000000, id=,S09, PRDE,actvstrat=,1.000000, actvprof=,0.000000, best_B_id=,B08, best_B_prof=,4.027505, best_B_strat=,-0.049878, best_S_id=,S01, best_S_prof=,5.118924, best_S_strat=,1.000000, 
t=,2170800, id=,B00, PRDE,actvstrat=,1.000000, actvprof=,0.000000, id=,B03, PRDE,actvstrat=,1.000000, actvprof=,0.005012, id=,B05, PRDE,actvstrat=,1.000000, actvprof=,0.974537, id=,B06, PRDE,actvstrat=,1.000000, actvprof=,2.547718, id=,B08, PRDE,actvstrat=,-1.000000, actvprof=,5.395592, id=,S01, PRDE,actvstrat=,1.000000, actvprof=,5.187877, id=,S02, PRDE,actvstrat=,-1.000000, actvprof=,3.393894, id=,S07, PRDE,actvstrat=,0.760007, actvprof=,0.000000, id=,S08, PRDE,actvstrat=,1.000000, actvprof=,0.000000, id=,S09, PRDE,actvstrat=,1.000000, actvprof=,0.000000, best_B_id=,B08, best_B_prof=,5.395592, best_B_strat=,-1.000000, best_S_id=,S01, best_S_prof=,5.187877, best_S_strat=,1.000000, 
t=,2174400, id=,B00, PRDE,actvstrat=,1.000000, actvprof=,0.000000, id=,B03, PRDE,actvstrat=,1.000000, actvprof=,0.004172, id=,B05, PRDE,actvstrat=,1.000000, actvprof=,0.984502, id=,B06, PRDE,actvstrat=,1.000000, actvprof=,2.568745, id=,B08, PRDE,actvstrat=,-1.000000, actvprof=,5.419213, id=,S01, PRDE,actvstrat=,1.000000, actvprof=,5.162519, id=,S02, PRDE,actvstrat=,-1.000000, actvprof=,3.448679, id=,S07, PRDE,actvstrat=,0.760007, actvprof=,0.000000, id=,S08, PRDE,actvstrat=,1.000000, actvprof=,0.000000, id=,S09, PRDE,actvstrat=,1.000000, actvprof=,0.000000, best_B_id=,B08, best_B_prof=,5.419213, best_B_strat=,-1.000000, best_S_id=,S01, best_S_prof=,5.162519, best_S_strat=,1.000000, 
t=,2178000, id=,B00, PRDE,actvstrat=,1.000000, actvprof=,0.000000, id=,B03, PRDE,actvstrat=,1.000000, actvprof=,0.003620, id=,B05, PRDE,actvstrat=,-1.000000, actvprof=,1.320432, id=,B06, PRDE,actvstrat=,1.000000, actvprof=,2.755587, id=,B08, PRDE,actvstrat=,1.000000, actvprof=,6.130178, id=,S01, PRDE,actvstrat=,1.000000, actvprof=,4.922520, id=,S02, PRDE,actvstrat=,-1.000000, actvprof=,3.158232, id=,S07, PRDE,actvstrat=,-1.000000, actvprof=,0.001114, id=,S08, PRDE,actvstrat=,1.000000, actvprof=,0.000000, id=,S09, PRDE,actvstrat=,1.000000, actvprof=,0.000000, best_B_id=,B08, best_B_prof=,6.130178, best_B_strat=,1.000000, best_S_id=,S01, best_S_prof=,4.922520, best_S_strat=,1.000000, 
t=,2181600, id=,B00, PRDE,actvstrat=,1.000000, actvprof=,0.000000, id=,B03, PRDE,actvstrat=,1.000000, actvprof=,0.002642, id=,B05, PRDE,actvstrat=,-1.000000, actvprof=,1.285164, id=,B06, PRDE,actvstrat=,1.000000, actvprof=,2.731773, id=,B08, PRDE,actvstrat=,1.000000, actvprof=,6.090554, id=,S01, PRDE,actvstrat=,1.000000, actvprof=,5.015644, id=,S02, PRDE,actvstrat=,-1.000000, actvprof=,3.168551, id=,S07, PRDE,actvstrat=,-1.000000, actvprof=,0.000556, id=,S08, PRDE,actvstrat=,1.000000, actvprof=,0.000000, id=,S09, PRDE,actvstrat=,1.000000, actvprof=,0.000000, best_B_id=,B08, best_B_prof=,6.090554, best_B_strat=,1.000000, best_S_id=,S01, best_S_prof=,5.015644, best_S_strat=,1.000000, 
t=,2185200, id=,B00, PRDE,actvstrat=,1.000000, actvprof=,0.000000, id=,B03, PRDE,actvstrat=,-1.000000, actvprof=,0.011138, id=,B05, PRDE,actvstrat=,-0.592406, actvprof=,0.686122, id=,B06, PRDE,actvstrat=,1.000000, actvprof=,4.066886, id=,B08, PRDE,actvstrat=,-0.900245, actvprof=,3.117064, id=,S01, PRDE,actvstrat=,1.000000, actvprof=,3.719927, id=,S02, PRDE,actvstrat=,-1.000000, actvprof=,1.844787, id=,S07, PRDE,actvstrat=,-0.520013, actvprof=,0.000000, id=,S08, PRDE,actvstrat=,1.000000, actvprof=,0.000000, id=,S09, PRDE,actvstrat=,-1.000000, actvprof=,0.000000, best_B_id=,B06, best_B_prof=,4.066886, best_B_strat=,1.000000, best_S_id=,S01, best_S_prof=,3.719927, best_S_strat=,1.000000, 
t=,2188800, id=,B00, PRDE,actvstrat=,1.000000, actvprof=,0.000000, id=,B03, PRDE,actvstrat=,-1.000000, actvprof=,0.020859, id=,B05, PRDE,actvstrat=,-0.592406, actvprof=,0.701274, id=,B06, PRDE,actvstrat=,1.000000, actvprof=,4.051341, id=,B08, PRDE,actvstrat=,-0.900245, actvprof=,3.028424, id=,S01, PRDE,actvstrat=,1.000000, actvprof=,3.660307, id=,S02, PRDE,actvstrat=,-1.000000, actvprof=,1.846702, id=,S07, PRDE,actvstrat=,-0.520013, actvprof=,0.000000, id=,S08, PRDE,actvstrat=,1.000000, actvprof=,0.000000, id=,S09, PRDE,actvstrat=,-1.000000, actvprof=,0.000000, best_B_id=,B06, best_B_prof=,4.051341, best_B_strat=,1.000000, best_S_id=,S01, best_S_prof=,3.660307, best_S_strat=,1.000000, 
t=,2192400, id=,B00, PRDE,actvstrat=,1.000000, actvprof=,0.000000, id=,B03, PRDE,actvstrat=,-1.000000, actvprof=,0.023391, id=,B05, PRDE,actvstrat=,1.000000, actvprof=,1.081284, id=,B06, PRDE,actvstrat=,1.000000, actvprof=,2.547687, id=,B08, PRDE,actvstrat=,1.000000, actvprof=,5.952494, id=,S01, PRDE,actvstrat=,1.000000, actvprof=,4.902119, id=,S02, PRDE,actvstrat=,-1.000000, actvprof=,3.196235, id=,S07, PRDE,actvstrat=,-1.000000, actvprof=,0.000000, id=,S08, PRDE,actvstrat=,-1.000000, actvprof=,0.000000, id=,S09, PRDE,actvstrat=,1.000000, actvprof=,0.000000, best_B_id=,B08, best_B_prof=,5.952494, best_B_strat=,1.000000, best_S_id=,S01, best_S_prof=,4.902119, best_S_strat=,1.000000, 
t=,2196000, id=,B00, PRDE,actvstrat=,1.000000, actvprof=,0.000000, id=,B03, PRDE,actvstrat=,-1.000000, actvprof=,0.016409, id=,B05, PRDE,actvstrat=,1.000000, actvprof=,1.110261, id=,B06, PRDE,actvstrat=,1.000000, actvprof=,2.577492, id=,B08, PRDE,actvstrat=,1.000000, actvprof=,6.010902, id=,S01, PRDE,actvstrat=,1.000000, actvprof=,4.814423, id=,S02, PRDE,actvstrat=,-1.000000, actvprof=,3.193809, id=,S07, PRDE,actvstrat=,-1.000000, actvprof=,0.001112, id=,S08, PRDE,actvstrat=,-1.000000, actvprof=,0.000000, id=,S09, PRDE,actvstrat=,1.000000, actvprof=,0.000000, best_B_id=,B08, best_B_prof=,6.010902, best_B_strat=,1.000000, best_S_id=,S01, best_S_prof=,4.814423, best_S_strat=,1.000000, 
t=,2199600, id=,B00, PRDE,actvstrat=,0.298506, actvprof=,0.000000, id=,B03, PRDE,actvstrat=,1.000000, actvprof=,0.005569, id=,B05, PRDE,actvstrat=,-1.000000, actvprof=,0.913939, id=,B06, PRDE,actvstrat=,-1.000000, actvprof=,2.416563, id=,B08, PRDE,actvstrat=,-1.000000, actvprof=,5.420699, id=,S01, PRDE,actvstrat=,1.000000, actvprof=,5.440749, id=,S02, PRDE,actvstrat=,0.994032, actvprof=,3.773548, id=,S07, PRDE,actvstrat=,0.280020, actvprof=,0.000000, id=,S08, PRDE,actvstrat=,-1.000000, actvprof=,0.000000, id=,S09, PRDE,actvstrat=,1.000000, actvprof=,0.000000, best_B_id=,B08, best_B_prof=,5.420699, best_B_strat=,-1.000000, best_S_id=,S01, best_S_prof=,5.440749, best_S_strat=,1.000000, 
t=,2203200, id=,B00, PRDE,actvstrat=,0.298506, actvprof=,0.000000, id=,B03, PRDE,actvstrat=,1.000000, actvprof=,0.005841, id=,B05, PRDE,actvstrat=,-1.000000, actvprof=,0.929767, id=,B06, PRDE,actvstrat=,-1.000000, actvprof=,2.434276, id=,B08, PRDE,actvstrat=,-1.000000, actvprof=,5.433699, id=,S01, PRDE,actvstrat=,1.000000, actvprof=,5.466239, id=,S02, PRDE,actvstrat=,0.994032, actvprof=,3.758005, id=,S07, PRDE,actvstrat=,0.280020, actvprof=,0.000000, id=,S08, PRDE,actvstrat=,-1.000000, actvprof=,0.000000, id=,S09, PRDE,actvstrat=,1.000000, actvprof=,0.000000, best_B_id=,B08, best_B_prof=,5.433699, best_B_strat=,-1.000000, best_S_id=,S01, best_S_prof=,5.466239, best_S_strat=,1.000000, 
t=,2206800, id=,B00, PRDE,actvstrat=,1.000000, actvprof=,0.000000, id=,B03, PRDE,actvstrat=,1.000000, actvprof=,0.008633, id=,B05, PRDE,actvstrat=,-1.000000, actvprof=,0.951811, id=,B06, PRDE,actvstrat=,1.000000, actvprof=,2.302112, id=,B08, PRDE,actvstrat=,-1.000000, actvprof=,5.226048, id=,S01, PRDE,actvstrat=,1.000000, actvprof=,5.348575, id=,S02, PRDE,actvstrat=,1.000000, actvprof=,3.718133, id=,S07, PRDE,actvstrat=,0.119997, actvprof=,0.000000, id=,S08, PRDE,actvstrat=,-1.000000, actvprof=,0.000000, id=,S09, PRDE,actvstrat=,1.000000, actvprof=,0.000000, best_B_id=,B08, best_B_prof=,5.226048, best_B_strat=,-1.000000, best_S_id=,S01, best_S_prof=,5.348575, best_S_strat=,1.000000, 
t=,2210400, id=,B00, PRDE,actvstrat=,1.000000, actvprof=,0.000000, id=,B03, PRDE,actvstrat=,1.000000, actvprof=,0.010151, id=,B05, PRDE,actvstrat=,-1.000000, actvprof=,0.973704, id=,B06, PRDE,actvstrat=,1.000000, actvprof=,2.324262, id=,B08, PRDE,actvstrat=,-1.000000, actvprof=,5.296825, id=,S01, PRDE,actvstrat=,1.000000, actvprof=,5.323664, id=,S02, PRDE,actvstrat=,1.000000, actvprof=,3.681078, id=,S07, PRDE,actvstrat=,0.119997, actvprof=,0.000000, id=,S08, PRDE,actvstrat=,-1.000000, actvprof=,0.000000, id=,S09, PRDE,actvstrat=,1.000000, actvprof=,0.000000, best_B_id=,B08, best_B_prof=,5.296825, best_B_strat=,-1.000000, best_S_id=,S01, best_S_prof=,5.323664, best_S_strat=,1.000000, 
t=,2214000, id=,B00, PRDE,actvstrat=,0.753734, actvprof=,0.000000, id=,B03, PRDE,actvstrat=,1.000000, actvprof=,0.004734, id=,B05, PRDE,actvstrat=,-1.000000, actvprof=,1.074089, id=,B06, PRDE,actvstrat=,-1.000000, actvprof=,2.433896, id=,B08, PRDE,actvstrat=,0.049878, actvprof=,4.258762, id=,S01, PRDE,actvstrat=,1.000000, actvprof=,5.270750, id=,S02, PRDE,actvstrat=,1.000000, actvprof=,3.601275, id=,S07, PRDE,actvstrat=,1.000000, actvprof=,0.000557, id=,S08, PRDE,actvstrat=,-1.000000, actvprof=,0.000000, id=,S09, PRDE,actvstrat=,-1.000000, actvprof=,0.000000, best_B_id=,B08, best_B_prof=,4.258762, best_B_strat=,0.049878, best_S_id=,S01, best_S_prof=,5.270750, best_S_strat=,1.000000, 
t=,2217600, id=,B00, PRDE,actvstrat=,0.753734, actvprof=,0.000000, id=,B03, PRDE,actvstrat=,1.000000, actvprof=,0.004450, id=,B05, PRDE,actvstrat=,-1.000000, actvprof=,1.092206, id=,B06, PRDE,actvstrat=,-1.000000, actvprof=,2.527204, id=,B08, PRDE,actvstrat=,0.049878, actvprof=,4.317649, id=,S01, PRDE,actvstrat=,1.000000, actvprof=,5.226709, id=,S02, PRDE,actvstrat=,1.000000, actvprof=,3.557805, id=,S07, PRDE,actvstrat=,1.000000, actvprof=,0.000278, id=,S08, PRDE,actvstrat=,-1.000000, actvprof=,0.000000, id=,S09, PRDE,actvstrat=,-1.000000, actvprof=,0.000000, best_B_id=,B08, best_B_prof=,4.317649, best_B_strat=,0.049878, best_S_id=,S01, best_S_prof=,5.226709, best_S_strat=,1.000000, 
t=,2221200, id=,B00, PRDE,actvstrat=,0.298506, actvprof=,0.000000, id=,B03, PRDE,actvstrat=,-1.000000, actvprof=,0.008633, id=,B05, PRDE,actvstrat=,-1.000000, actvprof=,1.000306, id=,B06, PRDE,actvstrat=,1.000000, actvprof=,2.384082, id=,B08, PRDE,actvstrat=,-1.000000, actvprof=,5.322621, id=,S01, PRDE,actvstrat=,1.000000, actvprof=,5.379988, id=,S02, PRDE,actvstrat=,0.994032, actvprof=,3.680971, id=,S07, PRDE,actvstrat=,1.000000, actvprof=,0.000000, id=,S08, PRDE,actvstrat=,1.000000, actvprof=,0.000000, id=,S09, PRDE,actvstrat=,1.000000, actvprof=,0.000000, best_B_id=,B08, best_B_prof=,5.322621, best_B_strat=,-1.000000, best_S_id=,S01, best_S_prof=,5.379988, best_S_strat=,1.000000, 
t=,2224800, id=,B00, PRDE,actvstrat=,0.298506, actvprof=,0.000000, id=,B03, PRDE,actvstrat=,-1.000000, actvprof=,0.009317, id=,B05, PRDE,actvstrat=,-1.000000, actvprof=,1.002934, id=,B06, PRDE,actvstrat=,1.000000, actvprof=,2.385237, id=,B08, PRDE,actvstrat=,-1.000000, actvprof=,5.318667, id=,S01, PRDE,actvstrat=,1.000000, actvprof=,5.364836, id=,S02, PRDE,actvstrat=,0.994032, actvprof=,3.678399, id=,S07, PRDE,actvstrat=,1.000000, actvprof=,0.000000, id=,S08, PRDE,actvstrat=,1.000000, actvprof=,0.000000, id=,S09, PRDE,actvstrat=,1.000000, actvprof=,0.000000, best_B_id=,B08, best_B_prof=,5.318667, best_B_strat=,-1.000000, best_S_id=,S01, best_S_prof=,5.364836, best_S_strat=,1.000000, 
t=,2228400, id=,B00, PRDE,actvstrat=,1.000000, actvprof=,0.000000, id=,B03, PRDE,actvstrat=,1.000000, actvprof=,0.000835, id=,B05, PRDE,actvstrat=,0.469198, actvprof=,0.538862, id=,B06, PRDE,actvstrat=,-1.000000, actvprof=,2.551728, id=,B08, PRDE,actvstrat=,-1.000000, actvprof=,5.701913, id=,S01, PRDE,actvstrat=,0.203757, actvprof=,1.822106, id=,S02, PRDE,actvstrat=,-1.000000, actvprof=,3.371021, id=,S07, PRDE,actvstrat=,-1.000000, actvprof=,0.000000, id=,S08, PRDE,actvstrat=,1.000000, actvprof=,0.000000, id=,S09, PRDE,actvstrat=,1.000000, actvprof=,0.000000, best_B_id=,B08, best_B_prof=,5.701913, best_B_strat=,-1.000000, best_S_id=,S02, best_S_prof=,3.371021, best_S_strat=,-1.000000, 
t=,2232000, id=,B00, PRDE,actvstrat=,1.000000, actvprof=,0.000000, id=,B03, PRDE,actvstrat=,1.000000, actvprof=,0.000973, id=,B05, PRDE,actvstrat=,0.469198, actvprof=,0.567114, id=,B06, PRDE,actvstrat=,-1.000000, actvprof=,2.550481, id=,B08, PRDE,actvstrat=,-1.000000, actvprof=,5.729265, id=,S01, PRDE,actvstrat=,0.203757, actvprof=,1.869472, id=,S02, PRDE,actvstrat=,-1.000000, actvprof=,3.335512, id=,S07, PRDE,actvstrat=,-1.000000, actvprof=,0.000000, id=,S08, PRDE,actvstrat=,1.000000, actvprof=,0.000000, id=,S09, PRDE,actvstrat=,1.000000, actvprof=,0.000000, best_B_id=,B08, best_B_prof=,5.729265, best_B_strat=,-1.000000, best_S_id=,S02, best_S_prof=,3.335512, best_S_strat=,-1.000000, 
t=,2235600, id=,B00, PRDE,actvstrat=,1.000000, actvprof=,0.000000, id=,B03, PRDE,actvstrat=,-1.000000, actvprof=,0.013925, id=,B05, PRDE,actvstrat=,-0.592406, actvprof=,0.430278, id=,B06, PRDE,actvstrat=,-1.000000, actvprof=,3.509065, id=,B08, PRDE,actvstrat=,0.475061, actvprof=,6.239173, id=,S01, PRDE,actvstrat=,1.000000, actvprof=,4.205587, id=,S02, PRDE,actvstrat=,-1.000000, actvprof=,2.381430, id=,S07, PRDE,actvstrat=,-1.000000, actvprof=,0.000000, id=,S08, PRDE,actvstrat=,1.000000, actvprof=,0.000000, id=,S09, PRDE,actvstrat=,1.000000, actvprof=,0.000000, best_B_id=,B08, best_B_prof=,6.239173, best_B_strat=,0.475061, best_S_id=,S01, best_S_prof=,4.205587, best_S_strat=,1.000000, 
t=,2239200, id=,B00, PRDE,actvstrat=,1.000000, actvprof=,0.000000, id=,B03, PRDE,actvstrat=,-1.000000, actvprof=,0.014324, id=,B05, PRDE,actvstrat=,-0.592406, actvprof=,0.419013, id=,B06, PRDE,actvstrat=,-1.000000, actvprof=,3.507030, id=,B08, PRDE,actvstrat=,0.475061, actvprof=,6.349173, id=,S01, PRDE,actvstrat=,1.000000, actvprof=,4.192916, id=,S02, PRDE,actvstrat=,-1.000000, actvprof=,2.400740, id=,S07, PRDE,actvstrat=,-1.000000, actvprof=,0.000000, id=,S08, PRDE,actvstrat=,1.000000, actvprof=,0.000000, id=,S09, PRDE,actvstrat=,1.000000, actvprof=,0.000000, best_B_id=,B08, best_B_prof=,6.349173, best_B_strat=,0.475061, best_S_id=,S01, best_S_prof=,4.192916, best_S_strat=,1.000000, 
t=,2242800, id=,B00, PRDE,actvstrat=,-0.507469, actvprof=,0.000000, id=,B03, PRDE,actvstrat=,1.000000, actvprof=,0.001114, id=,B05, PRDE,actvstrat=,1.000000, actvprof=,0.902344, id=,B06, PRDE,actvstrat=,-1.000000, actvprof=,2.462785, id=,B08, PRDE,actvstrat=,-1.000000, actvprof=,5.584504, id=,S01, PRDE,actvstrat=,1.000000, actvprof=,5.297927, id=,S02, PRDE,actvstrat=,-1.000000, actvprof=,3.479314, id=,S07, PRDE,actvstrat=,1.000000, actvprof=,0.000000, id=,S08, PRDE,actvstrat=,1.000000, actvprof=,0.000000, id=,S09, PRDE,actvstrat=,-1.000000, actvprof=,0.000000, best_B_id=,B08, best_B_prof=,5.584504, best_B_strat=,-1.000000, best_S_id=,S01, best_S_prof=,5.297927, best_S_strat=,1.000000, 
t=,2246400, id=,B00, PRDE,actvstrat=,-0.507469, actvprof=,0.000000, id=,B03, PRDE,actvstrat=,1.000000, actvprof=,0.004172, id=,B05, PRDE,actvstrat=,1.000000, actvprof=,0.925786, id=,B06, PRDE,actvstrat=,-1.000000, actvprof=,2.541217, id=,B08, PRDE,actvstrat=,-1.000000, actvprof=,5.653175, id=,S01, PRDE,actvstrat=,1.000000, actvprof=,5.281303, id=,S02, PRDE,actvstrat=,-1.000000, actvprof=,3.393156, id=,S07, PRDE,actvstrat=,1.000000, actvprof=,0.000000, id=,S08, PRDE,actvstrat=,1.000000, actvprof=,0.000000, id=,S09, PRDE,actvstrat=,-1.000000, actvprof=,0.000000, best_B_id=,B08, best_B_prof=,5.653175, best_B_strat=,-1.000000, best_S_id=,S01, best_S_prof=,5.281303, best_S_strat=,1.000000, 
t=,2250000, id=,B00, PRDE,actvstrat=,-1.000000, actvprof=,0.000000, id=,B03, PRDE,actvstrat=,1.000000, actvprof=,0.005849, id=,B05, PRDE,actvstrat=,0.469198, actvprof=,0.665618, id=,B06, PRDE,actvstrat=,-1.000000, actvprof=,2.800050, id=,B08, PRDE,actvstrat=,-1.000000, actvprof=,5.820395, id=,S01, PRDE,actvstrat=,1.000000, actvprof=,5.082924, id=,S02, PRDE,actvstrat=,1.000000, actvprof=,3.345355, id=,S07, PRDE,actvstrat=,-1.000000, actvprof=,0.000000, id=,S08, PRDE,actvstrat=,1.000000, actvprof=,0.000000, id=,S09, PRDE,actvstrat=,1.000000, actvprof=,0.000000, best_B_id=,B08, best_B_prof=,5.820395, best_B_strat=,-1.000000, best_S_id=,S01, best_S_prof=,5.082924, best_S_strat=,1.000000, 
t=,2253600, id=,B00, PRDE,actvstrat=,-1.000000, actvprof=,0.000000, id=,B03, PRDE,actvstrat=,1.000000, actvprof=,0.009040, id=,B05, PRDE,actvstrat=,0.469198, actvprof=,0.703135, id=,B06, PRDE,actvstrat=,-1.000000, actvprof=,2.804892, id=,B08, PRDE,actvstrat=,-1.000000, actvprof=,5.861501, id=,S01, PRDE,actvstrat=,1.000000, actvprof=,5.025137, id=,S02, PRDE,actvstrat=,1.000000, actvprof=,3.346290, id=,S07, PRDE,actvstrat=,-1.000000, actvprof=,0.000000, id=,S08, PRDE,actvstrat=,1.000000, actvprof=,0.000000, id=,S09, PRDE,actvstrat=,1.000000, actvprof=,0.000000, best_B_id=,B08, best_B_prof=,5.861501, best_B_strat=,-1.000000, best_S_id=,S01, best_S_prof=,5.025137, best_S_strat=,1.000000, 
t=,2257200, id=,B00, PRDE,actvstrat=,1.000000, actvprof=,0.000000, id=,B03, PRDE,actvstrat=,1.000000, actvprof=,0.000279, id=,B05, PRDE,actvstrat=,-1.000000, actvprof=,0.453691, id=,B06, PRDE,actvstrat=,-1.000000, actvprof=,1.861553, id=,B08, PRDE,actvstrat=,-1.000000, actvprof=,4.874462, id=,S01, PRDE,actvstrat=,0.203757, actvprof=,2.292406, id=,S02, PRDE,actvstrat=,1.000000, actvprof=,4.283188, id=,S07, PRDE,actvstrat=,-1.000000, actvprof=,0.000000, id=,S08, PRDE,actvstrat=,1.000000, actvprof=,0.000000, id=,S09, PRDE,actvstrat=,1.000000, actvprof=,0.000000, best_B_id=,B08, best_B_prof=,4.874462, best_B_strat=,-1.000000, best_S_id=,S02, best_S_prof=,4.283188, best_S_strat=,1.000000, 
t=,2260800, id=,B00, PRDE,actvstrat=,1.000000, actvprof=,0.000000, id=,B03, PRDE,actvstrat=,1.000000, actvprof=,0.002642, id=,B05, PRDE,actvstrat=,-1.000000, actvprof=,0.450452, id=,B06, PRDE,actvstrat=,-1.000000, actvprof=,1.885252, id=,B08, PRDE,actvstrat=,-1.000000, actvprof=,4.831063, id=,S01, PRDE,actvstrat=,0.203757, actvprof=,2.242666, id=,S02, PRDE,actvstrat=,1.000000, actvprof=,4.277420, id=,S07, PRDE,actvstrat=,-1.000000, actvprof=,0.000000, id=,S08, PRDE,actvstrat=,1.000000, actvprof=,0.000000, id=,S09, PRDE,actvstrat=,1.000000, actvprof=,0.000000, best_B_id=,B08, best_B_prof=,4.831063, best_B_strat=,-1.000000, best_S_id=,S02, best_S_prof=,4.277420, best_S_strat=,1.000000, 
t=,2264400, id=,B00, PRDE,actvstrat=,0.753734, actvprof=,0.000000, id=,B03, PRDE,actvstrat=,-1.000000, actvprof=,0.008634, id=,B05, PRDE,actvstrat=,1.000000, actvprof=,1.335190, id=,B06, PRDE,actvstrat=,-1.000000, actvprof=,2.918814, id=,B08, PRDE,actvstrat=,-0.049878, actvprof=,4.657012, id=,S01, PRDE,actvstrat=,1.000000, actvprof=,4.825790, id=,S02, PRDE,actvstrat=,-1.000000, actvprof=,3.045815, id=,S07, PRDE,actvstrat=,-1.000000, actvprof=,0.000000, id=,S08, PRDE,actvstrat=,-1.000000, actvprof=,0.000000, id=,S09, PRDE,actvstrat=,1.000000, actvprof=,0.000000, best_B_id=,B08, best_B_prof=,4.657012, best_B_strat=,-0.049878, best_S_id=,S01, best_S_prof=,4.825790, best_S_strat=,1.000000, 
t=,2268000, id=,B00, PRDE,actvstrat=,0.753734, actvprof=,0.000000, id=,B03, PRDE,actvstrat=,-1.000000, actvprof=,0.017384, id=,B05, PRDE,actvstrat=,1.000000, actvprof=,1.340658, id=,B06, PRDE,actvstrat=,-1.000000, actvprof=,2.959878, id=,B08, PRDE,actvstrat=,-0.049878, actvprof=,4.542382, id=,S01, PRDE,actvstrat=,1.000000, actvprof=,4.821779, id=,S02, PRDE,actvstrat=,-1.000000, actvprof=,2.990752, id=,S07, PRDE,actvstrat=,-1.000000, actvprof=,0.000000, id=,S08, PRDE,actvstrat=,-1.000000, actvprof=,0.000000, id=,S09, PRDE,actvstrat=,1.000000, actvprof=,0.000000, best_B_id=,B08, best_B_prof=,4.542382, best_B_strat=,-0.049878, best_S_id=,S01, best_S_prof=,4.821779, best_S_strat=,1.000000, 
t=,2271600, id=,B00, PRDE,actvstrat=,1.000000, actvprof=,0.000000, id=,B03, PRDE,actvstrat=,1.000000, actvprof=,0.004735, id=,B05, PRDE,actvstrat=,-1.000000, actvprof=,1.275363, id=,B06, PRDE,actvstrat=,0.638112, actvprof=,2.219282, id=,B08, PRDE,actvstrat=,1.000000, actvprof=,5.938140, id=,S01, PRDE,actvstrat=,1.000000, actvprof=,4.962747, id=,S02, PRDE,actvstrat=,1.000000, actvprof=,3.333658, id=,S07, PRDE,actvstrat=,-1.000000, actvprof=,0.002228, id=,S08, PRDE,actvstrat=,-1.000000, actvprof=,0.000000, id=,S09, PRDE,actvstrat=,-1.000000, actvprof=,0.000000, best_B_id=,B08, best_B_prof=,5.938140, best_B_strat=,1.000000, best_S_id=,S01, best_S_prof=,4.962747, best_S_strat=,1.000000, 
t=,2275200, id=,B00, PRDE,actvstrat=,1.000000, actvprof=,0.000000, id=,B03, PRDE,actvstrat=,1.000000, actvprof=,0.004868, id=,B05, PRDE,actvstrat=,-1.000000, actvprof=,1.245280, id=,B06, PRDE,actvstrat=,0.638112, actvprof=,2.222979, id=,B08, PRDE,actvstrat=,1.000000, actvprof=,5.874401, id=,S01, PRDE,actvstrat=,1.000000, actvprof=,4.961650, id=,S02, PRDE,actvstrat=,1.000000, actvprof=,3.365205, id=,S07, PRDE,actvstrat=,-1.000000, actvprof=,0.002225, id=,S08, PRDE,actvstrat=,-1.000000, actvprof=,0.000000, id=,S09, PRDE,actvstrat=,-1.000000, actvprof=,0.000000, best_B_id=,B08, best_B_prof=,5.874401, best_B_strat=,1.000000, best_S_id=,S01, best_S_prof=,4.961650, best_S_strat=,1.000000, 
t=,2278800, id=,B00, PRDE,actvstrat=,1.000000, actvprof=,0.000000, id=,B03, PRDE,actvstrat=,-1.000000, actvprof=,0.001114, id=,B05, PRDE,actvstrat=,-0.265401, actvprof=,0.414189, id=,B06, PRDE,actvstrat=,-1.000000, actvprof=,3.461694, id=,B08, PRDE,actvstrat=,-1.000000, actvprof=,6.681058, id=,S01, PRDE,actvstrat=,1.000000, actvprof=,4.511232, id=,S02, PRDE,actvstrat=,-1.000000, actvprof=,2.547526, id=,S07, PRDE,actvstrat=,-1.000000, actvprof=,0.000000, id=,S08, PRDE,actvstrat=,1.000000, actvprof=,0.000000, id=,S09, PRDE,actvstrat=,-1.000000, actvprof=,0.000000, best_B_id=,B08, best_B_prof=,6.681058, best_B_strat=,-1.000000, best_S_id=,S01, best_S_prof=,4.511232, best_S_strat=,1.000000, 
t=,2282400, id=,B00, PRDE,actvstrat=,1.000000, actvprof=,0.000000, id=,B03, PRDE,actvstrat=,-1.000000, actvprof=,0.009457, id=,B05, PRDE,actvstrat=,-0.265401, actvprof=,0.406250, id=,B06, PRDE,actvstrat=,-1.000000, actvprof=,3.439706, id=,B08, PRDE,actvstrat=,-1.000000, actvprof=,6.606260, id=,S01, PRDE,actvstrat=,1.000000, actvprof=,4.448586, id=,S02, PRDE,actvstrat=,-1.000000, actvprof=,2.564620, id=,S07, PRDE,actvstrat=,-1.000000, actvprof=,0.000000, id=,S08, PRDE,actvstrat=,1.000000, actvprof=,0.000000, id=,S09, PRDE,actvstrat=,-1.000000, actvprof=,0.000000, best_B_id=,B08, best_B_prof=,6.606260, best_B_strat=,-1.000000, best_S_id=,S01, best_S_prof=,4.448586, best_S_strat=,1.000000, 
t=,2286000, id=,B00, PRDE,actvstrat=,1.000000, actvprof=,0.000000, id=,B03, PRDE,actvstrat=,1.000000, actvprof=,0.004178, id=,B05, PRDE,actvstrat=,1.000000, actvprof=,0.600819, id=,B06, PRDE,actvstrat=,-1.000000, actvprof=,2.159828, id=,B08, PRDE,actvstrat=,1.000000, actvprof=,5.439960, id=,S01, PRDE,actvstrat=,0.601879, actvprof=,3.217738, id=,S02, PRDE,actvstrat=,1.000000, actvprof=,3.854489, id=,S07, PRDE,actvstrat=,-0.520013, actvprof=,0.000000, id=,S08, PRDE,actvstrat=,-1.000000, actvprof=,0.000000, id=,S09, PRDE,actvstrat=,1.000000, actvprof=,0.000000, best_B_id=,B08, best_B_prof=,5.439960, best_B_strat=,1.000000, best_S_id=,S02, best_S_prof=,3.854489, best_S_strat=,1.000000, 
t=,2289600, id=,B00, PRDE,actvstrat=,1.000000, actvprof=,0.000000, id=,B03, PRDE,actvstrat=,1.000000, actvprof=,0.005007, id=,B05, PRDE,actvstrat=,1.000000, actvprof=,0.585110, id=,B06, PRDE,actvstrat=,-1.000000, actvprof=,2.140860, id=,B08, PRDE,actvstrat=,1.000000, actvprof=,5.415085, id=,S01, PRDE,actvstrat=,0.601879, actvprof=,3.317200, id=,S02, PRDE,actvstrat=,1.000000, actvprof=,3.902032, id=,S07, PRDE,actvstrat=,-0.520013, actvprof=,0.000000, id=,S08, PRDE,actvstrat=,-1.000000, actvprof=,0.000000, id=,S09, PRDE,actvstrat=,1.000000, actvprof=,0.000000, best_B_id=,B08, best_B_prof=,5.415085, best_B_strat=,1.000000, best_S_id=,S02, best_S_prof=,3.902032, best_S_strat=,1.000000, 
t=,2293200, id=,B00, PRDE,actvstrat=,-0.507469, actvprof=,0.000000, id=,B03, PRDE,actvstrat=,1.000000, actvprof=,0.005849, id=,B05, PRDE,actvstrat=,-1.000000, actvprof=,0.842583, id=,B06, PRDE,actvstrat=,-1.000000, actvprof=,2.361740, id=,B08, PRDE,actvstrat=,-1.000000, actvprof=,5.316212, id=,S01, PRDE,actvstrat=,1.000000, actvprof=,5.530410, id=,S02, PRDE,actvstrat=,1.000000, actvprof=,3.786471, id=,S07, PRDE,actvstrat=,0.760007, actvprof=,0.000000, id=,S08, PRDE,actvstrat=,-1.000000, actvprof=,0.000000, id=,S09, PRDE,actvstrat=,1.000000, actvprof=,0.000000, best_B_id=,B08, best_B_prof=,5.316212, best_B_strat=,-1.000000, best_S_id=,S01, best_S_prof=,5.530410, best_S_strat=,1.000000, 
t=,2296800, id=,B00, PRDE,actvstrat=,-0.507469, actvprof=,0.000000, id=,B03, PRDE,actvstrat=,1.000000, actvprof=,0.006954, id=,B05, PRDE,actvstrat=,-1.000000, actvprof=,0.836996, id=,B06, PRDE,actvstrat=,-1.000000, actvprof=,2.332962, id=,B08, PRDE,actvstrat=,-1.000000, actvprof=,5.324618, id=,S01, PRDE,actvstrat=,1.000000, actvprof=,5.526287, id=,S02, PRDE,actvstrat=,1.000000, actvprof=,3.831433, id=,S07, PRDE,actvstrat=,0.760007, actvprof=,0.000000, id=,S08, PRDE,actvstrat=,-1.000000, actvprof=,0.000000, id=,S09, PRDE,actvstrat=,1.000000, actvprof=,0.000000, best_B_id=,B08, best_B_prof=,5.324618, best_B_strat=,-1.000000, best_S_id=,S01, best_S_prof=,5.526287, best_S_strat=,1.000000, 
t=,2300400, id=,B00, PRDE,actvstrat=,1.000000, actvprof=,0.000000, id=,B03, PRDE,actvstrat=,1.000000, actvprof=,0.003343, id=,B05, PRDE,actvstrat=,-1.000000, actvprof=,0.649591, id=,B06, PRDE,actvstrat=,1.000000, actvprof=,2.212566, id=,B08, PRDE,actvstrat=,-1.000000, actvprof=,5.073608, id=,S01, PRDE,actvstrat=,1.000000, actvprof=,5.774454, id=,S02, PRDE,actvstrat=,-0.997016, actvprof=,2.637084, id=,S07, PRDE,actvstrat=,-1.000000, actvprof=,0.000000, id=,S08, PRDE,actvstrat=,-1.000000, actvprof=,0.000000, id=,S09, PRDE,actvstrat=,-1.000000, actvprof=,0.000000, best_B_id=,B08, best_B_prof=,5.073608, best_B_strat=,-1.000000, best_S_id=,S01, best_S_prof=,5.774454, best_S_strat=,1.000000, 
t=,2304000, id=,B00, PRDE,actvstrat=,1.000000, actvprof=,0.000000, id=,B03, PRDE,actvstrat=,1.000000, actvprof=,0.002364, id=,B05, PRDE,actvstrat=,-1.000000, actvprof=,0.709880, id=,B06, PRDE,actvstrat=,1.000000, actvprof=,2.305579, id=,B08, PRDE,actvstrat=,-1.000000, actvprof=,5.222429, id=,S01, PRDE,actvstrat=,1.000000, actvprof=,5.733420, id=,S02, PRDE,actvstrat=,-0.997016, actvprof=,2.658989, id=,S07, PRDE,actvstrat=,-1.000000, actvprof=,0.000000, id=,S08, PRDE,actvstrat=,-1.000000, actvprof=,0.000000, id=,S09, PRDE,actvstrat=,-1.000000, actvprof=,0.000000, best_B_id=,B08, best_B_prof=,5.222429, best_B_strat=,-1.000000, best_S_id=,S01, best_S_prof=,5.733420, best_S_strat=,1.000000, 
t=,2307600, id=,B00, PRDE,actvstrat=,-0.649253, actvprof=,0.000000, id=,B03, PRDE,actvstrat=,1.000000, actvprof=,0.000557, id=,B05, PRDE,actvstrat=,1.000000, actvprof=,0.730661, id=,B06, PRDE,actvstrat=,-1.000000, actvprof=,2.224296, id=,B08, PRDE,actvstrat=,1.000000, actvprof=,5.827182, id=,S01, PRDE,actvstrat=,1.000000, actvprof=,5.545837, id=,S02, PRDE,actvstrat=,-0.997016, actvprof=,2.695897, id=,S07, PRDE,actvstrat=,-1.000000, actvprof=,0.000000, id=,S08, PRDE,actvstrat=,-1.000000, actvprof=,0.000000, id=,S09, PRDE,actvstrat=,1.000000, actvprof=,0.000000, best_B_id=,B08, best_B_prof=,5.827182, best_B_strat=,1.000000, best_S_id=,S01, best_S_prof=,5.545837, best_S_strat=,1.000000, 
t=,2311200, id=,B00, PRDE,actvstrat=,-0.649253, actvprof=,0.000000, id=,B03, PRDE,actvstrat=,1.000000, actvprof=,0.000695, id=,B05, PRDE,actvstrat=,1.000000, actvprof=,0.686653, id=,B06, PRDE,actvstrat=,-1.000000, actvprof=,2.172755, id=,B08, PRDE,actvstrat=,1.000000, actvprof=,5.737175, id=,S01, PRDE,actvstrat=,1.000000, actvprof=,5.633975, id=,S02, PRDE,actvstrat=,-0.997016, actvprof=,2.660519, id=,S07, PRDE,actvstrat=,-1.000000, actvprof=,0.000000, id=,S08, PRDE,actvstrat=,-1.000000, actvprof=,0.000000, id=,S09, PRDE,actvstrat=,1.000000, actvprof=,0.000000, best_B_id=,B08, best_B_prof=,5.737175, best_B_strat=,1.000000, best_S_id=,S01, best_S_prof=,5.633975, best_S_strat=,1.000000, 
t=,2314800, id=,B00, PRDE,actvstrat=,1.000000, actvprof=,0.000000, id=,B03, PRDE,actvstrat=,-1.000000, actvprof=,0.010585, id=,B05, PRDE,actvstrat=,1.000000, actvprof=,0.376617, id=,B06, PRDE,actvstrat=,1.000000, actvprof=,1.764419, id=,B08, PRDE,actvstrat=,0.900245, actvprof=,5.116927, id=,S01, PRDE,actvstrat=,0.203757, actvprof=,2.263883, id=,S02, PRDE,actvstrat=,1.000000, actvprof=,4.026909, id=,S07, PRDE,actvstrat=,-1.000000, actvprof=,0.002229, id=,S08, PRDE,actvstrat=,-1.000000, actvprof=,0.000000, id=,S09, PRDE,actvstrat=,-1.000000, actvprof=,0.000000, best_B_id=,B08, best_B_prof=,5.116927, best_B_strat=,0.900245, best_S_id=,S02, best_S_prof=,4.026909, best_S_strat=,1.000000, 
t=,2318400, id=,B00, PRDE,actvstrat=,1.000000, actvprof=,0.000000, id=,B03, PRDE,actvstrat=,-1.000000, actvprof=,0.007232, id=,B05, PRDE,actvstrat=,1.000000, actvprof=,0.353554, id=,B06, PRDE,actvstrat=,1.000000, actvprof=,1.717838, id=,B08, PRDE,actvstrat=,0.900245, actvprof=,5.073124, id=,S01, PRDE,actvstrat=,0.203757, actvprof=,2.192953, id=,S02, PRDE,actvstrat=,1.000000, actvprof=,4.095078, id=,S07, PRDE,actvstrat=,-1.000000, actvprof=,0.001113, id=,S08, PRDE,actvstrat=,-1.000000, actvprof=,0.000000, id=,S09, PRDE,actvstrat=,-1.000000, actvprof=,0.000000, best_B_id=,B08, best_B_prof=,5.073124, best_B_strat=,0.900245, best_S_id=,S02, best_S_prof=,4.095078, best_S_strat=,1.000000, 
t=,2322000, id=,B00, PRDE,actvstrat=,0.177626, actvprof=,0.000000, id=,B03, PRDE,actvstrat=,1.000000, actvprof=,0.013092, id=,B05, PRDE,actvstrat=,1.000000, actvprof=,0.688310, id=,B06, PRDE,actvstrat=,1.000000, actvprof=,2.139306, id=,B08, PRDE,actvstrat=,-1.000000, actvprof=,5.447708, id=,S01, PRDE,actvstrat=,1.000000, actvprof=,5.366927, id=,S02, PRDE,actvstrat=,1.000000, actvprof=,3.709244, id=,S07, PRDE,actvstrat=,-0.520013, actvprof=,0.000000, id=,S08, PRDE,actvstrat=,-1.000000, actvprof=,0.000000, id=,S09, PRDE,actvstrat=,-1.000000, actvprof=,0.000000, best_B_id=,B08, best_B_prof=,5.447708, best_B_strat=,-1.000000, best_S_id=,S01, best_S_prof=,5.366927, best_S_strat=,1.000000, 
t=,2325600, id=,B00, PRDE,actvstrat=,0.177626, actvprof=,0.000000, id=,B03, PRDE,actvstrat=,1.000000, actvprof=,0.013491, id=,B05, PRDE,actvstrat=,1.000000, actvprof=,0.722690, id=,B06, PRDE,actvstrat=,1.000000, actvprof=,2.214387, id=,B08, PRDE,actvstrat=,-1.000000, actvprof=,5.356616, id=,S01, PRDE,actvstrat=,1.000000, actvprof=,5.301956, id=,S02, PRDE,actvstrat=,1.000000, actvprof=,3.641409, id=,S07, PRDE,actvstrat=,-0.520013, actvprof=,0.000000, id=,S08, PRDE,actvstrat=,-1.000000, actvprof=,0.000000, id=,S09, PRDE,actvstrat=,-1.000000, actvprof=,0.000000, best_B_id=,B08, best_B_prof=,5.356616, best_B_strat=,-1.000000, best_S_id=,S01, best_S_prof=,5.301956, best_S_strat=,1.000000, 
t=,2329200, id=,B00, PRDE,actvstrat=,1.000000, actvprof=,0.000000, id=,B03, PRDE,actvstrat=,1.000000, actvprof=,0.023678, id=,B05, PRDE,actvstrat=,-0.061604, actvprof=,0.556298, id=,B06, PRDE,actvstrat=,1.000000, actvprof=,3.279291, id=,B08, PRDE,actvstrat=,-0.149633, actvprof=,4.588278, id=,S01, PRDE,actvstrat=,1.000000, actvprof=,4.060672, id=,S02, PRDE,actvstrat=,1.000000, actvprof=,2.289543, id=,S07, PRDE,actvstrat=,-1.000000, actvprof=,0.000000, id=,S08, PRDE,actvstrat=,1.000000, actvprof=,0.000000, id=,S09, PRDE,actvstrat=,-1.000000, actvprof=,0.000000, best_B_id=,B08, best_B_prof=,4.588278, best_B_strat=,-0.149633, best_S_id=,S01, best_S_prof=,4.060672, best_S_strat=,1.000000, 
t=,2332800, id=,B00, PRDE,actvstrat=,1.000000, actvprof=,0.000000, id=,B03, PRDE,actvstrat=,1.000000, actvprof=,0.022810, id=,B05, PRDE,actvstrat=,-0.061604, actvprof=,0.581796, id=,B06, PRDE,actvstrat=,1.000000, actvprof=,3.260591, id=,B08, PRDE,actvstrat=,-0.149633, actvprof=,4.468135, id=,S01, PRDE,actvstrat=,1.000000, actvprof=,4.041698, id=,S02, PRDE,actvstrat=,1.000000, actvprof=,2.342068, id=,S07, PRDE,actvstrat=,-1.000000, actvprof=,0.000000, id=,S08, PRDE,actvstrat=,1.000000, actvprof=,0.000000, id=,S09, PRDE,actvstrat=,-1.000000, actvprof=,0.000000, best_B_id=,B08, best_B_prof=,4.468135, best_B_strat=,-0.149633, best_S_id=,S01, best_S_prof=,4.041698, best_S_strat=,1.000000, 
t=,2336400, id=,B00, PRDE,actvstrat=,1.000000, actvprof=,0.000000, id=,B03, PRDE,actvstrat=,-1.000000, actvprof=,0.006965, id=,B05, PRDE,actvstrat=,-1.000000, actvprof=,0.886450, id=,B06, PRDE,actvstrat=,0.638112, actvprof=,1.918320, id=,B08, PRDE,actvstrat=,1.000000, actvprof=,5.592824, id=,S01, PRDE,actvstrat=,0.601879, actvprof=,3.118732, id=,S02, PRDE,actvstrat=,1.000000, actvprof=,3.680076, id=,S07, PRDE,actvstrat=,1.000000, actvprof=,0.011143, id=,S08, PRDE,actvstrat=,1.000000, actvprof=,0.000000, id=,S09, PRDE,actvstrat=,-1.000000, actvprof=,0.000000, best_B_id=,B08, best_B_prof=,5.592824, best_B_strat=,1.000000, best_S_id=,S02, best_S_prof=,3.680076, best_S_strat=,1.000000, 
t=,2340000, id=,B00, PRDE,actvstrat=,1.000000, actvprof=,0.000000, id=,B03, PRDE,actvstrat=,-1.000000, actvprof=,0.006537, id=,B05, PRDE,actvstrat=,-1.000000, actvprof=,0.910482, id=,B06, PRDE,actvstrat=,0.638112, actvprof=,1.887449, id=,B08, PRDE,actvstrat=,1.000000, actvprof=,5.594609, id=,S01, PRDE,actvstrat=,0.601879, actvprof=,3.059836, id=,S02, PRDE,actvstrat=,1.000000, actvprof=,3.716201, id=,S07, PRDE,actvstrat=,1.000000, actvprof=,0.006537, id=,S08, PRDE,actvstrat=,1.000000, actvprof=,0.000000, id=,S09, PRDE,actvstrat=,-1.000000, actvprof=,0.000000, best_B_id=,B08, best_B_prof=,5.594609, best_B_strat=,1.000000, best_S_id=,S02, best_S_prof=,3.716201, best_S_strat=,1.000000, 
t=,2343600, id=,B00, PRDE,actvstrat=,1.000000, actvprof=,0.000000, id=,B03, PRDE,actvstrat=,-1.000000, actvprof=,0.000000, id=,B05, PRDE,actvstrat=,1.000000, actvprof=,0.278865, id=,B06, PRDE,actvstrat=,1.000000, actvprof=,1.804404, id=,B08, PRDE,actvstrat=,-1.000000, actvprof=,4.676909, id=,S01, PRDE,actvstrat=,0.203757, actvprof=,2.244571, id=,S02, PRDE,actvstrat=,-0.997016, actvprof=,3.166135, id=,S07, PRDE,actvstrat=,-1.000000, actvprof=,0.000000, id=,S08, PRDE,actvstrat=,-1.000000, actvprof=,0.000000, id=,S09, PRDE,actvstrat=,-1.000000, actvprof=,0.000000, best_B_id=,B08, best_B_prof=,4.676909, best_B_strat=,-1.000000, best_S_id=,S02, best_S_prof=,3.166135, best_S_strat=,-0.997016, 
t=,2347200, id=,B00, PRDE,actvstrat=,1.000000, actvprof=,0.000000, id=,B03, PRDE,actvstrat=,-1.000000, actvprof=,0.000000, id=,B05, PRDE,actvstrat=,1.000000, actvprof=,0.272896, id=,B06, PRDE,actvstrat=,1.000000, actvprof=,1.760750, id=,B08, PRDE,actvstrat=,-1.000000, actvprof=,4.702102, id=,S01, PRDE,actvstrat=,0.203757, actvprof=,2.293885, id=,S02, PRDE,actvstrat=,-0.997016, actvprof=,3.107566, id=,S07, PRDE,actvstrat=,-1.000000, actvprof=,0.000000, id=,S08, PRDE,actvstrat=,-1.000000, actvprof=,0.000000, id=,S09, PRDE,actvstrat=,-1.000000, actvprof=,0.000000, best_B_id=,B08, best_B_prof=,4.702102, best_B_strat=,-1.000000, best_S_id=,S02, best_S_prof=,3.107566, best_S_strat=,-0.997016, 
t=,2350800, id=,B00, PRDE,actvstrat=,0.247751, actvprof=,0.000000, id=,B03, PRDE,actvstrat=,-1.000000, actvprof=,0.040674, id=,B05, PRDE,actvstrat=,-0.061604, actvprof=,0.596740, id=,B06, PRDE,actvstrat=,1.000000, actvprof=,3.219111, id=,B08, PRDE,actvstrat=,0.049878, actvprof=,5.122440, id=,S01, PRDE,actvstrat=,1.000000, actvprof=,4.006129, id=,S02, PRDE,actvstrat=,1.000000, actvprof=,2.373868, id=,S07, PRDE,actvstrat=,-1.000000, actvprof=,0.000000, id=,S08, PRDE,actvstrat=,-1.000000, actvprof=,0.000000, id=,S09, PRDE,actvstrat=,-1.000000, actvprof=,0.000000, best_B_id=,B08, best_B_prof=,5.122440, best_B_strat=,0.049878, best_S_id=,S01, best_S_prof=,4.006129, best_S_strat=,1.000000, 
t=,2354400, id=,B00, PRDE,actvstrat=,0.247751, actvprof=,0.000000, id=,B03, PRDE,actvstrat=,-1.000000, actvprof=,0.031435, id=,B05, PRDE,actvstrat=,-0.061604, actvprof=,0.608387, id=,B06, PRDE,actvstrat=,1.000000, actvprof=,3.230684, id=,B08, PRDE,actvstrat=,0.049878, actvprof=,5.082273, id=,S01, PRDE,actvstrat=,1.000000, actvprof=,3.998331, id=,S02, PRDE,actvstrat=,1.000000, actvprof=,2.364559, id=,S07, PRDE,actvstrat=,-1.000000, actvprof=,0.000000, id=,S08, PRDE,actvstrat=,-1.000000, actvprof=,0.000000, id=,S09, PRDE,actvstrat=,-1.000000, actvprof=,0.000000, best_B_id=,B08, best_B_prof=,5.082273, best_B_strat=,0.049878, best_S_id=,S01, best_S_prof=,3.998331, best_S_strat=,1.000000, 
t=,2358000, id=,B00, PRDE,actvstrat=,1.000000, actvprof=,0.000000, id=,B03, PRDE,actvstrat=,-1.000000, actvprof=,0.000000, id=,B05, PRDE,actvstrat=,1.000000, actvprof=,0.464974, id=,B06, PRDE,actvstrat=,-1.000000, actvprof=,1.974397, id=,B08, PRDE,actvstrat=,1.000000, actvprof=,5.242865, id=,S01, PRDE,actvstrat=,0.203757, actvprof=,2.294502, id=,S02, PRDE,actvstrat=,1.000000, actvprof=,4.045745, id=,S07, PRDE,actvstrat=,-1.000000, actvprof=,0.000000, id=,S08, PRDE,actvstrat=,-1.000000, actvprof=,0.000000, id=,S09, PRDE,actvstrat=,-1.000000, actvprof=,0.000000, best_B_id=,B08, best_B_prof=,5.242865, best_B_strat=,1.000000, best_S_id=,S02, best_S_prof=,4.045745, best_S_strat=,1.000000, 
t=,2361600, id=,B00, PRDE,actvstrat=,1.000000, actvprof=,0.000000, id=,B03, PRDE,actvstrat=,-1.000000, actvprof=,0.001252, id=,B05, PRDE,actvstrat=,1.000000, actvprof=,0.405177, id=,B06, PRDE,actvstrat=,-1.000000, actvprof=,1.903901, id=,B08, PRDE,actvstrat=,1.000000, actvprof=,5.216254, id=,S01, PRDE,actvstrat=,0.203757, actvprof=,2.285015, id=,S02, PRDE,actvstrat=,1.000000, actvprof=,4.138842, id=,S07, PRDE,actvstrat=,-1.000000, actvprof=,0.003199, id=,S08, PRDE,actvstrat=,-1.000000, actvprof=,0.000000, id=,S09, PRDE,actvstrat=,-1.000000, actvprof=,0.000000, best_B_id=,B08, best_B_prof=,5.216254, best_B_strat=,1.000000, best_S_id=,S02, best_S_prof=,4.138842, best_S_strat=,1.000000, 
t=,2365200, id=,B00, PRDE,actvstrat=,1.000000, actvprof=,0.000000, id=,B03, PRDE,actvstrat=,1.000000, actvprof=,0.000000, id=,B05, PRDE,actvstrat=,-1.000000, actvprof=,0.779796, id=,B06, PRDE,actvstrat=,-0.180944, actvprof=,0.751658, id=,B08, PRDE,actvstrat=,1.000000, actvprof=,5.771995, id=,S01, PRDE,actvstrat=,0.203757, actvprof=,2.053268, id=,S02, PRDE,actvstrat=,-0.997016, actvprof=,2.335209, id=,S07, PRDE,actvstrat=,-1.000000, actvprof=,0.000000, id=,S08, PRDE,actvstrat=,-1.000000, actvprof=,0.000000, id=,S09, PRDE,actvstrat=,-1.000000, actvprof=,0.000000, best_B_id=,B08, best_B_prof=,5.771995, best_B_strat=,1.000000, best_S_id=,S02, best_S_prof=,2.335209, best_S_strat=,-0.997016, 
t=,2368800, id=,B00, PRDE,actvstrat=,1.000000, actvprof=,0.000000, id=,B03, PRDE,actvstrat=,1.000000, actvprof=,0.000974, id=,B05, PRDE,actvstrat=,-1.000000, actvprof=,0.774201, id=,B06, PRDE,actvstrat=,-0.180944, actvprof=,0.788388, id=,B08, PRDE,actvstrat=,1.000000, actvprof=,5.776044, id=,S01, PRDE,actvstrat=,0.203757, actvprof=,2.029808, id=,S02, PRDE,actvstrat=,-0.997016, actvprof=,2.409258, id=,S07, PRDE,actvstrat=,-1.000000, actvprof=,0.000000, id=,S08, PRDE,actvstrat=,-1.000000, actvprof=,0.000000, id=,S09, PRDE,actvstrat=,-1.000000, actvprof=,0.000000, best_B_id=,B08, best_B_prof=,5.776044, best_B_strat=,1.000000, best_S_id=,S02, best_S_prof=,2.409258, best_S_strat=,-0.997016, 
t=,2372400, id=,B00, PRDE,actvstrat=,1.000000, actvprof=,0.000000, id=,B03, PRDE,actvstrat=,1.000000, actvprof=,0.007244, id=,B05, PRDE,actvstrat=,-0.061604, actvprof=,0.451063, id=,B06, PRDE,actvstrat=,1.000000, actvprof=,3.103391, id=,B08, PRDE,actvstrat=,-1.000000, actvprof=,5.962444, id=,S01, PRDE,actvstrat=,1.000000, actvprof=,4.637394, id=,S02, PRDE,actvstrat=,1.000000, actvprof=,2.946814, id=,S07, PRDE,actvstrat=,-1.000000, actvprof=,0.000000, id=,S08, PRDE,actvstrat=,1.000000, actvprof=,0.000000, id=,S09, PRDE,actvstrat=,-1.000000, actvprof=,0.000000, best_B_id=,B08, best_B_prof=,5.962444, best_B_strat=,-1.000000, best_S_id=,S01, best_S_prof=,4.637394, best_S_strat=,1.000000, 
t=,2376000, id=,B00, PRDE,actvstrat=,1.000000, actvprof=,0.000000, id=,B03, PRDE,actvstrat=,1.000000, actvprof=,0.009041, id=,B05, PRDE,actvstrat=,-0.061604, actvprof=,0.453034, id=,B06, PRDE,actvstrat=,1.000000, actvprof=,3.111290, id=,B08, PRDE,actvstrat=,-1.000000, actvprof=,5.962472, id=,S01, PRDE,actvstrat=,1.000000, actvprof=,4.598501, id=,S02, PRDE,actvstrat=,1.000000, actvprof=,2.915583, id=,S07, PRDE,actvstrat=,-1.000000, actvprof=,0.000000, id=,S08, PRDE,actvstrat=,1.000000, actvprof=,0.000000, id=,S09, PRDE,actvstrat=,-1.000000, actvprof=,0.000000, best_B_id=,B08, best_B_prof=,5.962472, best_B_strat=,-1.000000, best_S_id=,S01, best_S_prof=,4.598501, best_S_strat=,1.000000, 
t=,2379600, id=,B00, PRDE,actvstrat=,1.000000, actvprof=,0.000000, id=,B03, PRDE,actvstrat=,1.000000, actvprof=,0.003065, id=,B05, PRDE,actvstrat=,-1.000000, actvprof=,0.626054, id=,B06, PRDE,actvstrat=,1.000000, actvprof=,1.902122, id=,B08, PRDE,actvstrat=,1.000000, actvprof=,5.245253, id=,S01, PRDE,actvstrat=,0.203757, actvprof=,2.224482, id=,S02, PRDE,actvstrat=,1.000000, actvprof=,4.063358, id=,S07, PRDE,actvstrat=,1.000000, actvprof=,0.000279, id=,S08, PRDE,actvstrat=,-1.000000, actvprof=,0.000000, id=,S09, PRDE,actvstrat=,-1.000000, actvprof=,0.000000, best_B_id=,B08, best_B_prof=,5.245253, best_B_strat=,1.000000, best_S_id=,S02, best_S_prof=,4.063358, best_S_strat=,1.000000, 
t=,2383200, id=,B00, PRDE,actvstrat=,1.000000, actvprof=,0.000000, id=,B03, PRDE,actvstrat=,1.000000, actvprof=,0.001808, id=,B05, PRDE,actvstrat=,-1.000000, actvprof=,0.631924, id=,B06, PRDE,actvstrat=,1.000000, actvprof=,1.928462, id=,B08, PRDE,actvstrat=,1.000000, actvprof=,5.279484, id=,S01, PRDE,actvstrat=,0.203757, actvprof=,2.192192, id=,S02, PRDE,actvstrat=,1.000000, actvprof=,4.054165, id=,S07, PRDE,actvstrat=,1.000000, actvprof=,0.002504, id=,S08, PRDE,actvstrat=,-1.000000, actvprof=,0.000000, id=,S09, PRDE,actvstrat=,-1.000000, actvprof=,0.000000, best_B_id=,B08, best_B_prof=,5.279484, best_B_strat=,1.000000, best_S_id=,S02, best_S_prof=,4.054165, best_S_strat=,1.000000, 
t=,2386800, id=,B00, PRDE,actvstrat=,1.000000, actvprof=,0.000000, id=,B03, PRDE,actvstrat=,1.000000, actvprof=,0.008080, id=,B05, PRDE,actvstrat=,1.000000, actvprof=,0.708265, id=,B06, PRDE,actvstrat=,1.000000, actvprof=,2.215907, id=,B08, PRDE,actvstrat=,-1.000000, actvprof=,5.291094, id=,S01, PRDE,actvstrat=,1.000000, actvprof=,5.286914, id=,S02, PRDE,actvstrat=,1.000000, actvprof=,3.717140, id=,S07, PRDE,actvstrat=,1.000000, actvprof=,0.000000, id=,S08, PRDE,actvstrat=,1.000000, actvprof=,0.000000, id=,S09, PRDE,actvstrat=,-0.168919, actvprof=,0.000000, best_B_id=,B08, best_B_prof=,5.291094, best_B_strat=,-1.000000, best_S_id=,S01, best_S_prof=,5.286914, best_S_strat=,1.000000, 
t=,2390400, id=,B00, PRDE,actvstrat=,1.000000, actvprof=,0.000000, id=,B03, PRDE,actvstrat=,1.000000, actvprof=,0.006120, id=,B05, PRDE,actvstrat=,1.000000, actvprof=,0.719984, id=,B06, PRDE,actvstrat=,1.000000, actvprof=,2.224355, id=,B08, PRDE,actvstrat=,-1.000000, actvprof=,5.280253, id=,S01, PRDE,actvstrat=,1.000000, actvprof=,5.310994, id=,S02, PRDE,actvstrat=,1.000000, actvprof=,3.643180, id=,S07, PRDE,actvstrat=,1.000000, actvprof=,0.000000, id=,S08, PRDE,actvstrat=,1.000000, actvprof=,0.000000, id=,S09, PRDE,actvstrat=,-0.168919, actvprof=,0.000000, best_B_id=,B08, best_B_prof=,5.280253, best_B_strat=,-1.000000, best_S_id=,S01, best_S_prof=,5.310994, best_S_strat=,1.000000, 
t=,2394000, id=,B00, PRDE,actvstrat=,0.259578, actvprof=,0.000000, id=,B03, PRDE,actvstrat=,-1.000000, actvprof=,0.011703, id=,B05, PRDE,actvstrat=,-0.469198, actvprof=,0.213433, id=,B06, PRDE,actvstrat=,1.000000, actvprof=,3.009237, id=,B08, PRDE,actvstrat=,-1.000000, actvprof=,5.915658, id=,S01, PRDE,actvstrat=,0.601879, actvprof=,2.655930, id=,S02, PRDE,actvstrat=,1.000000, actvprof=,3.084746, id=,S07, PRDE,actvstrat=,1.000000, actvprof=,0.000000, id=,S08, PRDE,actvstrat=,1.000000, actvprof=,0.000000, id=,S09, PRDE,actvstrat=,-1.000000, actvprof=,0.000000, best_B_id=,B08, best_B_prof=,5.915658, best_B_strat=,-1.000000, best_S_id=,S02, best_S_prof=,3.084746, best_S_strat=,1.000000, 
t=,2397600, id=,B00, PRDE,actvstrat=,0.259578, actvprof=,0.000000, id=,B03, PRDE,actvstrat=,-1.000000, actvprof=,0.009598, id=,B05, PRDE,actvstrat=,-0.469198, actvprof=,0.196273, id=,B06, PRDE,actvstrat=,1.000000, actvprof=,3.046898, id=,B08, PRDE,actvstrat=,-1.000000, actvprof=,5.837292, id=,S01, PRDE,actvstrat=,0.601879, actvprof=,2.627087, id=,S02, PRDE,actvstrat=,1.000000, actvprof=,3.070268, id=,S07, PRDE,actvstrat=,1.000000, actvprof=,0.000000, id=,S08, PRDE,actvstrat=,1.000000, actvprof=,0.000000, id=,S09, PRDE,actvstrat=,-1.000000, actvprof=,0.000000, best_B_id=,B08, best_B_prof=,5.837292, best_B_strat=,-1.000000, best_S_id=,S02, best_S_prof=,3.070268, best_S_strat=,1.000000, 
t=,2401200, id=,B00, PRDE,actvstrat=,1.000000, actvprof=,0.000000, id=,B03, PRDE,actvstrat=,1.000000, actvprof=,0.006130, id=,B05, PRDE,actvstrat=,-0.061604, actvprof=,0.487893, id=,B06, PRDE,actvstrat=,-1.000000, actvprof=,3.143860, id=,B08, PRDE,actvstrat=,1.000000, actvprof=,6.577503, id=,S01, PRDE,actvstrat=,1.000000, actvprof=,4.559057, id=,S02, PRDE,actvstrat=,1.000000, actvprof=,2.818412, id=,S07, PRDE,actvstrat=,1.000000, actvprof=,0.000557, id=,S08, PRDE,actvstrat=,-1.000000, actvprof=,0.000000, id=,S09, PRDE,actvstrat=,-0.168919, actvprof=,0.000000, best_B_id=,B08, best_B_prof=,6.577503, best_B_strat=,1.000000, best_S_id=,S01, best_S_prof=,4.559057, best_S_strat=,1.000000, 
t=,2404800, id=,B00, PRDE,actvstrat=,1.000000, actvprof=,0.000000, id=,B03, PRDE,actvstrat=,1.000000, actvprof=,0.010989, id=,B05, PRDE,actvstrat=,-0.061604, actvprof=,0.479907, id=,B06, PRDE,actvstrat=,-1.000000, actvprof=,3.174895, id=,B08, PRDE,actvstrat=,1.000000, actvprof=,6.615755, id=,S01, PRDE,actvstrat=,1.000000, actvprof=,4.541446, id=,S02, PRDE,actvstrat=,1.000000, actvprof=,2.820598, id=,S07, PRDE,actvstrat=,1.000000, actvprof=,0.000278, id=,S08, PRDE,actvstrat=,-1.000000, actvprof=,0.000000, id=,S09, PRDE,actvstrat=,-0.168919, actvprof=,0.000000, best_B_id=,B08, best_B_prof=,6.615755, best_B_strat=,1.000000, best_S_id=,S01, best_S_prof=,4.541446, best_S_strat=,1.000000, 
t=,2408400, id=,B00, PRDE,actvstrat=,1.000000, actvprof=,0.000000, id=,B03, PRDE,actvstrat=,1.000000, actvprof=,0.005294, id=,B05, PRDE,actvstrat=,1.000000, actvprof=,0.628344, id=,B06, PRDE,actvstrat=,-1.000000, actvprof=,2.260366, id=,B08, PRDE,actvstrat=,-1.000000, actvprof=,5.282824, id=,S01, PRDE,actvstrat=,1.000000, actvprof=,5.640325, id=,S02, PRDE,actvstrat=,1.000000, actvprof=,3.889044, id=,S07, PRDE,actvstrat=,-1.000000, actvprof=,0.000000, id=,S08, PRDE,actvstrat=,1.000000, actvprof=,0.000000, id=,S09, PRDE,actvstrat=,-0.168919, actvprof=,0.000000, best_B_id=,B08, best_B_prof=,5.282824, best_B_strat=,-1.000000, best_S_id=,S01, best_S_prof=,5.640325, best_S_strat=,1.000000, 
t=,2412000, id=,B00, PRDE,actvstrat=,1.000000, actvprof=,0.000000, id=,B03, PRDE,actvstrat=,1.000000, actvprof=,0.009737, id=,B05, PRDE,actvstrat=,1.000000, actvprof=,0.681889, id=,B06, PRDE,actvstrat=,-1.000000, actvprof=,2.348915, id=,B08, PRDE,actvstrat=,-1.000000, actvprof=,5.272192, id=,S01, PRDE,actvstrat=,1.000000, actvprof=,5.522302, id=,S02, PRDE,actvstrat=,1.000000, actvprof=,3.817300, id=,S07, PRDE,actvstrat=,-1.000000, actvprof=,0.000000, id=,S08, PRDE,actvstrat=,1.000000, actvprof=,0.000000, id=,S09, PRDE,actvstrat=,-0.168919, actvprof=,0.000000, best_B_id=,B08, best_B_prof=,5.272192, best_B_strat=,-1.000000, best_S_id=,S01, best_S_prof=,5.522302, best_S_strat=,1.000000, 
t=,2415600, id=,B00, PRDE,actvstrat=,1.000000, actvprof=,0.000000, id=,B03, PRDE,actvstrat=,1.000000, actvprof=,0.005573, id=,B05, PRDE,actvstrat=,-1.000000, actvprof=,1.150835, id=,B06, PRDE,actvstrat=,1.000000, actvprof=,2.442946, id=,B08, PRDE,actvstrat=,1.000000, actvprof=,5.742748, id=,S01, PRDE,actvstrat=,1.000000, actvprof=,5.160086, id=,S02, PRDE,actvstrat=,1.000000, actvprof=,3.415164, id=,S07, PRDE,actvstrat=,1.000000, actvprof=,0.005294, id=,S08, PRDE,actvstrat=,1.000000, actvprof=,0.000000, id=,S09, PRDE,actvstrat=,-0.584460, actvprof=,0.000000, best_B_id=,B08, best_B_prof=,5.742748, best_B_strat=,1.000000, best_S_id=,S01, best_S_prof=,5.160086, best_S_strat=,1.000000, 
t=,2419200, id=,B00, PRDE,actvstrat=,1.000000, actvprof=,0.000000, id=,B03, PRDE,actvstrat=,1.000000, actvprof=,0.006538, id=,B05, PRDE,actvstrat=,-1.000000, actvprof=,1.104372, id=,B06, PRDE,actvstrat=,1.000000, actvprof=,2.356615, id=,B08, PRDE,actvstrat=,1.000000, actvprof=,5.683225, id=,S01, PRDE,actvstrat=,1.000000, actvprof=,5.190786, id=,S02, PRDE,actvstrat=,1.000000, actvprof=,3.473090, id=,S07, PRDE,actvstrat=,1.000000, actvprof=,0.005008, id=,S08, PRDE,actvstrat=,1.000000, actvprof=,0.000000, id=,S09, PRDE,actvstrat=,-0.584460, actvprof=,0.000000, best_B_id=,B08, best_B_prof=,5.683225, best_B_strat=,1.000000, best_S_id=,S01, best_S_prof=,5.190786, best_S_strat=,1.000000, 
t=,2422800, id=,B00, PRDE,actvstrat=,1.000000, actvprof=,0.000000, id=,B03, PRDE,actvstrat=,1.000000, actvprof=,0.019228, id=,B05, PRDE,actvstrat=,-0.061604, actvprof=,0.556484, id=,B06, PRDE,actvstrat=,1.000000, actvprof=,3.096194, id=,B08, PRDE,actvstrat=,1.000000, actvprof=,6.455442, id=,S01, PRDE,actvstrat=,1.000000, actvprof=,4.019116, id=,S02, PRDE,actvstrat=,1.000000, actvprof=,2.357465, id=,S07, PRDE,actvstrat=,-1.000000, actvprof=,0.002229, id=,S08, PRDE,actvstrat=,-1.000000, actvprof=,0.000000, id=,S09, PRDE,actvstrat=,-1.000000, actvprof=,0.000000, best_B_id=,B08, best_B_prof=,6.455442, best_B_strat=,1.000000, best_S_id=,S01, best_S_prof=,4.019116, best_S_strat=,1.000000, 
t=,2426400, id=,B00, PRDE,actvstrat=,1.000000, actvprof=,0.000000, id=,B03, PRDE,actvstrat=,1.000000, actvprof=,0.015719, id=,B05, PRDE,actvstrat=,-0.061604, actvprof=,0.536540, id=,B06, PRDE,actvstrat=,1.000000, actvprof=,3.094044, id=,B08, PRDE,actvstrat=,1.000000, actvprof=,6.411079, id=,S01, PRDE,actvstrat=,1.000000, actvprof=,4.023148, id=,S02, PRDE,actvstrat=,1.000000, actvprof=,2.362892, id=,S07, PRDE,actvstrat=,-1.000000, actvprof=,0.001113, id=,S08, PRDE,actvstrat=,-1.000000, actvprof=,0.000000, id=,S09, PRDE,actvstrat=,-1.000000, actvprof=,0.000000, best_B_id=,B08, best_B_prof=,6.411079, best_B_strat=,1.000000, best_S_id=,S01, best_S_prof=,4.023148, best_S_strat=,1.000000, 
t=,2430000, id=,B00, PRDE,actvstrat=,-0.067023, actvprof=,0.000000, id=,B03, PRDE,actvstrat=,-1.000000, actvprof=,0.000000, id=,B05, PRDE,actvstrat=,-1.000000, actvprof=,1.121344, id=,B06, PRDE,actvstrat=,-1.000000, actvprof=,2.660127, id=,B08, PRDE,actvstrat=,-0.700734, actvprof=,3.321676, id=,S01, PRDE,actvstrat=,1.000000, actvprof=,5.267309, id=,S02, PRDE,actvstrat=,-0.997016, actvprof=,2.040657, id=,S07, PRDE,actvstrat=,-1.000000, actvprof=,0.000000, id=,S08, PRDE,actvstrat=,1.000000, actvprof=,0.000000, id=,S09, PRDE,actvstrat=,-0.168919, actvprof=,0.000000, best_B_id=,B08, best_B_prof=,3.321676, best_B_strat=,-0.700734, best_S_id=,S01, best_S_prof=,5.267309, best_S_strat=,1.000000, 
t=,2433600, id=,B00, PRDE,actvstrat=,-0.067023, actvprof=,0.000000, id=,B03, PRDE,actvstrat=,-1.000000, actvprof=,0.000000, id=,B05, PRDE,actvstrat=,-1.000000, actvprof=,1.072122, id=,B06, PRDE,actvstrat=,-1.000000, actvprof=,2.577432, id=,B08, PRDE,actvstrat=,-0.700734, actvprof=,3.140828, id=,S01, PRDE,actvstrat=,1.000000, actvprof=,5.311920, id=,S02, PRDE,actvstrat=,-0.997016, actvprof=,2.047979, id=,S07, PRDE,actvstrat=,-1.000000, actvprof=,0.000000, id=,S08, PRDE,actvstrat=,1.000000, actvprof=,0.000000, id=,S09, PRDE,actvstrat=,-0.168919, actvprof=,0.000000, best_B_id=,B08, best_B_prof=,3.140828, best_B_strat=,-0.700734, best_S_id=,S01, best_S_prof=,5.311920, best_S_strat=,1.000000, 
t=,2437200, id=,B00, PRDE,actvstrat=,1.000000, actvprof=,0.000000, id=,B03, PRDE,actvstrat=,1.000000, actvprof=,0.012540, id=,B05, PRDE,actvstrat=,-1.000000, actvprof=,0.975617, id=,B06, PRDE,actvstrat=,-1.000000, actvprof=,2.482932, id=,B08, PRDE,actvstrat=,1.000000, actvprof=,5.799080, id=,S01, PRDE,actvstrat=,1.000000, actvprof=,5.290790, id=,S02, PRDE,actvstrat=,1.000000, actvprof=,3.597882, id=,S07, PRDE,actvstrat=,1.000000, actvprof=,0.000000, id=,S08, PRDE,actvstrat=,-1.000000, actvprof=,0.000000, id=,S09, PRDE,actvstrat=,-0.584460, actvprof=,0.000000, best_B_id=,B08, best_B_prof=,5.799080, best_B_strat=,1.000000, best_S_id=,S01, best_S_prof=,5.290790, best_S_strat=,1.000000, 
t=,2440800, id=,B00, PRDE,actvstrat=,1.000000, actvprof=,0.000000, id=,B03, PRDE,actvstrat=,1.000000, actvprof=,0.009599, id=,B05, PRDE,actvstrat=,-1.000000, actvprof=,0.965431, id=,B06, PRDE,actvstrat=,-1.000000, actvprof=,2.453641, id=,B08, PRDE,actvstrat=,1.000000, actvprof=,5.749600, id=,S01, PRDE,actvstrat=,1.000000, actvprof=,5.332128, id=,S02, PRDE,actvstrat=,1.000000, actvprof=,3.635390, id=,S07, PRDE,actvstrat=,1.000000, actvprof=,0.001948, id=,S08, PRDE,actvstrat=,-1.000000, actvprof=,0.000000, id=,S09, PRDE,actvstrat=,-0.584460, actvprof=,0.000000, best_B_id=,B08, best_B_prof=,5.749600, best_B_strat=,1.000000, best_S_id=,S01, best_S_prof=,5.332128, best_S_strat=,1.000000, 
t=,2444400, id=,B00, PRDE,actvstrat=,-1.000000, actvprof=,0.000000, id=,B03, PRDE,actvstrat=,1.000000, actvprof=,0.001672, id=,B05, PRDE,actvstrat=,-1.000000, actvprof=,0.731792, id=,B06, PRDE,actvstrat=,-1.000000, actvprof=,2.143544, id=,B08, PRDE,actvstrat=,1.000000, actvprof=,5.706642, id=,S01, PRDE,actvstrat=,1.000000, actvprof=,5.534702, id=,S02, PRDE,actvstrat=,-0.997016, actvprof=,2.653792, id=,S07, PRDE,actvstrat=,-1.000000, actvprof=,0.000000, id=,S08, PRDE,actvstrat=,1.000000, actvprof=,0.000000, id=,S09, PRDE,actvstrat=,0.662162, actvprof=,0.000000, best_B_id=,B08, best_B_prof=,5.706642, best_B_strat=,1.000000, best_S_id=,S01, best_S_prof=,5.534702, best_S_strat=,1.000000, 
t=,2448000, id=,B00, PRDE,actvstrat=,-1.000000, actvprof=,0.000000, id=,B03, PRDE,actvstrat=,1.000000, actvprof=,0.000835, id=,B05, PRDE,actvstrat=,-1.000000, actvprof=,0.697647, id=,B06, PRDE,actvstrat=,-1.000000, actvprof=,2.151924, id=,B08, PRDE,actvstrat=,1.000000, actvprof=,5.591191, id=,S01, PRDE,actvstrat=,1.000000, actvprof=,5.627221, id=,S02, PRDE,actvstrat=,-0.997016, actvprof=,2.647441, id=,S07, PRDE,actvstrat=,-1.000000, actvprof=,0.000000, id=,S08, PRDE,actvstrat=,1.000000, actvprof=,0.000000, id=,S09, PRDE,actvstrat=,0.662162, actvprof=,0.000000, best_B_id=,B08, best_B_prof=,5.591191, best_B_strat=,1.000000, best_S_id=,S01, best_S_prof=,5.627221, best_S_strat=,1.000000, 
t=,2451600, id=,B00, PRDE,actvstrat=,1.000000, actvprof=,0.000000, id=,B03, PRDE,actvstrat=,-1.000000, actvprof=,0.000000, id=,B05, PRDE,actvstrat=,-0.061604, actvprof=,0.302084, id=,B06, PRDE,actvstrat=,1.000000, actvprof=,2.956192, id=,B08, PRDE,actvstrat=,0.900245, actvprof=,6.356593, id=,S01, PRDE,actvstrat=,-0.445924, actvprof=,0.358656, id=,S02, PRDE,actvstrat=,-0.997016, actvprof=,2.190391, id=,S07, PRDE,actvstrat=,-1.000000, actvprof=,0.000000, id=,S08, PRDE,actvstrat=,1.000000, actvprof=,0.000000, id=,S09, PRDE,actvstrat=,-0.584460, actvprof=,0.000000, best_B_id=,B08, best_B_prof=,6.356593, best_B_strat=,0.900245, best_S_id=,S02, best_S_prof=,2.190391, best_S_strat=,-0.997016, 
t=,2455200, id=,B00, PRDE,actvstrat=,1.000000, actvprof=,0.000000, id=,B03, PRDE,actvstrat=,-1.000000, actvprof=,0.000000, id=,B05, PRDE,actvstrat=,-0.061604, actvprof=,0.320238, id=,B06, PRDE,actvstrat=,1.000000, actvprof=,2.983696, id=,B08, PRDE,actvstrat=,0.900245, actvprof=,6.332146, id=,S01, PRDE,actvstrat=,-0.445924, actvprof=,0.336793, id=,S02, PRDE,actvstrat=,-0.997016, actvprof=,2.181570, id=,S07, PRDE,actvstrat=,-1.000000, actvprof=,0.000000, id=,S08, PRDE,actvstrat=,1.000000, actvprof=,0.000000, id=,S09, PRDE,actvstrat=,-0.584460, actvprof=,0.000000, best_B_id=,B08, best_B_prof=,6.332146, best_B_strat=,0.900245, best_S_id=,S02, best_S_prof=,2.181570, best_S_strat=,-0.997016, 
t=,2458800, id=,B00, PRDE,actvstrat=,-1.000000, actvprof=,0.000000, id=,B03, PRDE,actvstrat=,1.000000, actvprof=,0.004737, id=,B05, PRDE,actvstrat=,-1.000000, actvprof=,1.028592, id=,B06, PRDE,actvstrat=,-1.000000, actvprof=,2.528704, id=,B08, PRDE,actvstrat=,1.000000, actvprof=,5.847174, id=,S01, PRDE,actvstrat=,1.000000, actvprof=,5.229907, id=,S02, PRDE,actvstrat=,1.000000, actvprof=,3.577360, id=,S07, PRDE,actvstrat=,1.000000, actvprof=,0.002229, id=,S08, PRDE,actvstrat=,-1.000000, actvprof=,0.000000, id=,S09, PRDE,actvstrat=,1.000000, actvprof=,0.000000, best_B_id=,B08, best_B_prof=,5.847174, best_B_strat=,1.000000, best_S_id=,S01, best_S_prof=,5.229907, best_S_strat=,1.000000, 
t=,2462400, id=,B00, PRDE,actvstrat=,-1.000000, actvprof=,0.000000, id=,B03, PRDE,actvstrat=,1.000000, actvprof=,0.006677, id=,B05, PRDE,actvstrat=,-1.000000, actvprof=,0.982840, id=,B06, PRDE,actvstrat=,-1.000000, actvprof=,2.460370, id=,B08, PRDE,actvstrat=,1.000000, actvprof=,5.773369, id=,S01, PRDE,actvstrat=,1.000000, actvprof=,5.300382, id=,S02, PRDE,actvstrat=,1.000000, actvprof=,3.623085, id=,S07, PRDE,actvstrat=,1.000000, actvprof=,0.001948, id=,S08, PRDE,actvstrat=,-1.000000, actvprof=,0.000000, id=,S09, PRDE,actvstrat=,1.000000, actvprof=,0.000000, best_B_id=,B08, best_B_prof=,5.773369, best_B_strat=,1.000000, best_S_id=,S01, best_S_prof=,5.300382, best_S_strat=,1.000000, 
t=,2466000, id=,B00, PRDE,actvstrat=,-0.067023, actvprof=,0.000000, id=,B03, PRDE,actvstrat=,0.937830, actvprof=,0.042082, id=,B05, PRDE,actvstrat=,1.000000, actvprof=,0.843587, id=,B06, PRDE,actvstrat=,-1.000000, actvprof=,2.443531, id=,B08, PRDE,actvstrat=,1.000000, actvprof=,5.686059, id=,S01, PRDE,actvstrat=,1.000000, actvprof=,5.082700, id=,S02, PRDE,actvstrat=,1.000000, actvprof=,3.411412, id=,S07, PRDE,actvstrat=,1.000000, actvprof=,0.004180, id=,S08, PRDE,actvstrat=,1.000000, actvprof=,0.000000, id=,S09, PRDE,actvstrat=,-1.000000, actvprof=,0.000000, best_B_id=,B08, best_B_prof=,5.686059, best_B_strat=,1.000000, best_S_id=,S01, best_S_prof=,5.082700, best_S_strat=,1.000000, 
t=,2469600, id=,B00, PRDE,actvstrat=,-0.067023, actvprof=,0.000000, id=,B03, PRDE,actvstrat=,0.937830, actvprof=,0.040761, id=,B05, PRDE,actvstrat=,1.000000, actvprof=,0.833020, id=,B06, PRDE,actvstrat=,-1.000000, actvprof=,2.475411, id=,B08, PRDE,actvstrat=,1.000000, actvprof=,5.699818, id=,S01, PRDE,actvstrat=,1.000000, actvprof=,5.145166, id=,S02, PRDE,actvstrat=,1.000000, actvprof=,3.448799, id=,S07, PRDE,actvstrat=,1.000000, actvprof=,0.004869, id=,S08, PRDE,actvstrat=,1.000000, actvprof=,0.000000, id=,S09, PRDE,actvstrat=,-1.000000, actvprof=,0.000000, best_B_id=,B08, best_B_prof=,5.699818, best_B_strat=,1.000000, best_S_id=,S01, best_S_prof=,5.145166, best_S_strat=,1.000000, 
t=,2473200, id=,B00, PRDE,actvstrat=,1.000000, actvprof=,0.000000, id=,B03, PRDE,actvstrat=,1.000000, actvprof=,0.000557, id=,B05, PRDE,actvstrat=,-1.000000, actvprof=,1.128963, id=,B06, PRDE,actvstrat=,-1.000000, actvprof=,2.625793, id=,B08, PRDE,actvstrat=,-0.700734, actvprof=,3.221626, id=,S01, PRDE,actvstrat=,1.000000, actvprof=,5.257995, id=,S02, PRDE,actvstrat=,-0.997016, actvprof=,2.146729, id=,S07, PRDE,actvstrat=,1.000000, actvprof=,0.000000, id=,S08, PRDE,actvstrat=,-1.000000, actvprof=,0.000000, id=,S09, PRDE,actvstrat=,-1.000000, actvprof=,0.000000, best_B_id=,B08, best_B_prof=,3.221626, best_B_strat=,-0.700734, best_S_id=,S01, best_S_prof=,5.257995, best_S_strat=,1.000000, 
t=,2476800, id=,B00, PRDE,actvstrat=,1.000000, actvprof=,0.000000, id=,B03, PRDE,actvstrat=,1.000000, actvprof=,0.000556, id=,B05, PRDE,actvstrat=,-1.000000, actvprof=,1.100809, id=,B06, PRDE,actvstrat=,-1.000000, actvprof=,2.614091, id=,B08, PRDE,actvstrat=,-0.700734, actvprof=,3.200874, id=,S01, PRDE,actvstrat=,1.000000, actvprof=,5.283827, id=,S02, PRDE,actvstrat=,-0.997016, actvprof=,2.157380, id=,S07, PRDE,actvstrat=,1.000000, actvprof=,0.000000, id=,S08, PRDE,actvstrat=,-1.000000, actvprof=,0.000000, id=,S09, PRDE,actvstrat=,-1.000000, actvprof=,0.000000, best_B_id=,B08, best_B_prof=,3.200874, best_B_strat=,-0.700734, best_S_id=,S01, best_S_prof=,5.283827, best_S_strat=,1.000000, 
t=,2480400, id=,B00, PRDE,actvstrat=,1.000000, actvprof=,0.000000, id=,B03, PRDE,actvstrat=,1.000000, actvprof=,0.005574, id=,B05, PRDE,actvstrat=,-1.000000, actvprof=,0.864222, id=,B06, PRDE,actvstrat=,-1.000000, actvprof=,2.274399, id=,B08, PRDE,actvstrat=,-1.000000, actvprof=,5.425562, id=,S01, PRDE,actvstrat=,1.000000, actvprof=,5.521431, id=,S02, PRDE,actvstrat=,1.000000, actvprof=,3.854022, id=,S07, PRDE,actvstrat=,-1.000000, actvprof=,0.000000, id=,S08, PRDE,actvstrat=,1.000000, actvprof=,0.000000, id=,S09, PRDE,actvstrat=,0.662162, actvprof=,0.000000, best_B_id=,B08, best_B_prof=,5.425562, best_B_strat=,-1.000000, best_S_id=,S01, best_S_prof=,5.521431, best_S_strat=,1.000000, 
t=,2484000, id=,B00, PRDE,actvstrat=,1.000000, actvprof=,0.000000, id=,B03, PRDE,actvstrat=,1.000000, actvprof=,0.005286, id=,B05, PRDE,actvstrat=,-1.000000, actvprof=,0.842190, id=,B06, PRDE,actvstrat=,-1.000000, actvprof=,2.347532, id=,B08, PRDE,actvstrat=,-1.000000, actvprof=,5.411635, id=,S01, PRDE,actvstrat=,1.000000, actvprof=,5.523065, id=,S02, PRDE,actvstrat=,1.000000, actvprof=,3.838128, id=,S07, PRDE,actvstrat=,-1.000000, actvprof=,0.000000, id=,S08, PRDE,actvstrat=,1.000000, actvprof=,0.000000, id=,S09, PRDE,actvstrat=,0.662162, actvprof=,0.000000, best_B_id=,B08, best_B_prof=,5.411635, best_B_strat=,-1.000000, best_S_id=,S01, best_S_prof=,5.523065, best_S_strat=,1.000000, 
t=,2487600, id=,B00, PRDE,actvstrat=,1.000000, actvprof=,0.000000, id=,B03, PRDE,actvstrat=,0.875660, actvprof=,0.004738, id=,B05, PRDE,actvstrat=,-1.000000, actvprof=,0.592235, id=,B06, PRDE,actvstrat=,-1.000000, actvprof=,2.082439, id=,B08, PRDE,actvstrat=,-1.000000, actvprof=,5.346841, id=,S01, PRDE,actvstrat=,1.000000, actvprof=,5.816449, id=,S02, PRDE,actvstrat=,-0.997016, actvprof=,2.548981, id=,S07, PRDE,actvstrat=,1.000000, actvprof=,0.000000, id=,S08, PRDE,actvstrat=,1.000000, actvprof=,0.000000, id=,S09, PRDE,actvstrat=,1.000000, actvprof=,0.000000, best_B_id=,B08, best_B_prof=,5.346841, best_B_strat=,-1.000000, best_S_id=,S01, best_S_prof=,5.816449, best_S_strat=,1.000000, 
t=,2491200, id=,B00, PRDE,actvstrat=,1.000000, actvprof=,0.000000, id=,B03, PRDE,actvstrat=,0.875660, actvprof=,0.006817, id=,B05, PRDE,actvstrat=,-1.000000, actvprof=,0.610175, id=,B06, PRDE,actvstrat=,-1.000000, actvprof=,2.092764, id=,B08, PRDE,actvstrat=,-1.000000, actvprof=,5.282620, id=,S01, PRDE,actvstrat=,1.000000, actvprof=,5.780804, id=,S02, PRDE,actvstrat=,-0.997016, actvprof=,2.586914, id=,S07, PRDE,actvstrat=,1.000000, actvprof=,0.000000, id=,S08, PRDE,actvstrat=,1.000000, actvprof=,0.000000, id=,S09, PRDE,actvstrat=,1.000000, actvprof=,0.000000, best_B_id=,B08, best_B_prof=,5.282620, best_B_strat=,-1.000000, best_S_id=,S01, best_S_prof=,5.780804, best_S_strat=,1.000000, 
t=,2494800, id=,B00, PRDE,actvstrat=,-1.000000, actvprof=,0.000000, id=,B03, PRDE,actvstrat=,0.937830, actvprof=,0.004181, id=,B05, PRDE,actvstrat=,-1.000000, actvprof=,0.544864, id=,B06, PRDE,actvstrat=,1.000000, actvprof=,2.055155, id=,B08, PRDE,actvstrat=,-0.700734, actvprof=,2.505539, id=,S01, PRDE,actvstrat=,-0.941412, actvprof=,0.000000, id=,S02, PRDE,actvstrat=,1.000000, actvprof=,4.082998, id=,S07, PRDE,actvstrat=,-0.182629, actvprof=,0.000000, id=,S08, PRDE,actvstrat=,-1.000000, actvprof=,0.000000, id=,S09, PRDE,actvstrat=,-1.000000, actvprof=,0.000000, best_B_id=,B08, best_B_prof=,2.505539, best_B_strat=,-0.700734, best_S_id=,S02, best_S_prof=,4.082998, best_S_strat=,1.000000, 
t=,2498400, id=,B00, PRDE,actvstrat=,-1.000000, actvprof=,0.000000, id=,B03, PRDE,actvstrat=,0.937830, actvprof=,0.006400, id=,B05, PRDE,actvstrat=,-1.000000, actvprof=,0.580686, id=,B06, PRDE,actvstrat=,1.000000, actvprof=,2.067320, id=,B08, PRDE,actvstrat=,-0.700734, actvprof=,2.464368, id=,S01, PRDE,actvstrat=,-0.941412, actvprof=,0.005147, id=,S02, PRDE,actvstrat=,1.000000, actvprof=,4.067724, id=,S07, PRDE,actvstrat=,-0.182629, actvprof=,0.000000, id=,S08, PRDE,actvstrat=,-1.000000, actvprof=,0.000000, id=,S09, PRDE,actvstrat=,-1.000000, actvprof=,0.000000, best_B_id=,B08, best_B_prof=,2.464368, best_B_strat=,-0.700734, best_S_id=,S02, best_S_prof=,4.067724, best_S_strat=,1.000000, 
t=,2502000, id=,B00, PRDE,actvstrat=,-0.865954, actvprof=,0.000000, id=,B03, PRDE,actvstrat=,0.875660, actvprof=,0.048495, id=,B05, PRDE,actvstrat=,-1.000000, actvprof=,1.188685, id=,B06, PRDE,actvstrat=,1.000000, actvprof=,2.470457, id=,B08, PRDE,actvstrat=,1.000000, actvprof=,5.813545, id=,S01, PRDE,actvstrat=,1.000000, actvprof=,4.887124, id=,S02, PRDE,actvstrat=,1.000000, actvprof=,3.301003, id=,S07, PRDE,actvstrat=,1.000000, actvprof=,0.002230, id=,S08, PRDE,actvstrat=,1.000000, actvprof=,0.000000, id=,S09, PRDE,actvstrat=,-0.662162, actvprof=,0.000000, best_B_id=,B08, best_B_prof=,5.813545, best_B_strat=,1.000000, best_S_id=,S01, best_S_prof=,4.887124, best_S_strat=,1.000000, 
t=,2505600, id=,B00, PRDE,actvstrat=,-0.865954, actvprof=,0.000000, id=,B03, PRDE,actvstrat=,0.875660, actvprof=,0.045492, id=,B05, PRDE,actvstrat=,-1.000000, actvprof=,1.190456, id=,B06, PRDE,actvstrat=,1.000000, actvprof=,2.428492, id=,B08, PRDE,actvstrat=,1.000000, actvprof=,5.832360, id=,S01, PRDE,actvstrat=,1.000000, actvprof=,4.964107, id=,S02, PRDE,actvstrat=,1.000000, actvprof=,3.326516, id=,S07, PRDE,actvstrat=,1.000000, actvprof=,0.003756, id=,S08, PRDE,actvstrat=,1.000000, actvprof=,0.000000, id=,S09, PRDE,actvstrat=,-0.662162, actvprof=,0.000000, best_B_id=,B08, best_B_prof=,5.832360, best_B_strat=,1.000000, best_S_id=,S01, best_S_prof=,4.964107, best_S_strat=,1.000000, 
t=,2509200, id=,B00, PRDE,actvstrat=,-1.000000, actvprof=,0.000000, id=,B03, PRDE,actvstrat=,1.000000, actvprof=,0.002508, id=,B05, PRDE,actvstrat=,-1.000000, actvprof=,0.953483, id=,B06, PRDE,actvstrat=,1.000000, actvprof=,2.466345, id=,B08, PRDE,actvstrat=,-1.000000, actvprof=,5.480922, id=,S01, PRDE,actvstrat=,1.000000, actvprof=,5.247638, id=,S02, PRDE,actvstrat=,1.000000, actvprof=,3.586499, id=,S07, PRDE,actvstrat=,1.000000, actvprof=,0.000000, id=,S08, PRDE,actvstrat=,-1.000000, actvprof=,0.000000, id=,S09, PRDE,actvstrat=,1.000000, actvprof=,0.000000, best_B_id=,B08, best_B_prof=,5.480922, best_B_strat=,-1.000000, best_S_id=,S01, best_S_prof=,5.247638, best_S_strat=,1.000000, 
t=,2512800, id=,B00, PRDE,actvstrat=,-1.000000, actvprof=,0.000000, id=,B03, PRDE,actvstrat=,1.000000, actvprof=,0.003061, id=,B05, PRDE,actvstrat=,-1.000000, actvprof=,0.926835, id=,B06, PRDE,actvstrat=,1.000000, actvprof=,2.367033, id=,B08, PRDE,actvstrat=,-1.000000, actvprof=,5.447488, id=,S01, PRDE,actvstrat=,1.000000, actvprof=,5.356502, id=,S02, PRDE,actvstrat=,1.000000, actvprof=,3.694542, id=,S07, PRDE,actvstrat=,1.000000, actvprof=,0.000000, id=,S08, PRDE,actvstrat=,-1.000000, actvprof=,0.000000, id=,S09, PRDE,actvstrat=,1.000000, actvprof=,0.000000, best_B_id=,B08, best_B_prof=,5.447488, best_B_strat=,-1.000000, best_S_id=,S01, best_S_prof=,5.356502, best_S_strat=,1.000000, 
t=,2516400, id=,B00, PRDE,actvstrat=,-1.000000, actvprof=,0.000000, id=,B03, PRDE,actvstrat=,1.000000, actvprof=,0.004738, id=,B05, PRDE,actvstrat=,1.000000, actvprof=,0.806890, id=,B06, PRDE,actvstrat=,1.000000, actvprof=,2.269047, id=,B08, PRDE,actvstrat=,-1.000000, actvprof=,5.469013, id=,S01, PRDE,actvstrat=,1.000000, actvprof=,5.305684, id=,S02, PRDE,actvstrat=,1.000000, actvprof=,3.612749, id=,S07, PRDE,actvstrat=,1.000000, actvprof=,0.000000, id=,S08, PRDE,actvstrat=,1.000000, actvprof=,0.000000, id=,S09, PRDE,actvstrat=,-0.662162, actvprof=,0.000000, best_B_id=,B08, best_B_prof=,5.469013, best_B_strat=,-1.000000, best_S_id=,S01, best_S_prof=,5.305684, best_S_strat=,1.000000, 
t=,2520000, id=,B00, PRDE,actvstrat=,-1.000000, actvprof=,0.000000, id=,B03, PRDE,actvstrat=,1.000000, actvprof=,0.007652, id=,B05, PRDE,actvstrat=,1.000000, actvprof=,0.774084, id=,B06, PRDE,actvstrat=,1.000000, actvprof=,2.262568, id=,B08, PRDE,actvstrat=,-1.000000, actvprof=,5.407041, id=,S01, PRDE,actvstrat=,1.000000, actvprof=,5.301307, id=,S02, PRDE,actvstrat=,1.000000, actvprof=,3.619719, id=,S07, PRDE,actvstrat=,1.000000, actvprof=,0.000000, id=,S08, PRDE,actvstrat=,1.000000, actvprof=,0.000000, id=,S09, PRDE,actvstrat=,-0.662162, actvprof=,0.000000, best_B_id=,B08, best_B_prof=,5.407041, best_B_strat=,-1.000000, best_S_id=,S01, best_S_prof=,5.301307, best_S_strat=,1.000000, 
t=,2523600, id=,B00, PRDE,actvstrat=,-0.865954, actvprof=,0.000000, id=,B03, PRDE,actvstrat=,0.875660, actvprof=,0.034840, id=,B05, PRDE,actvstrat=,-1.000000, actvprof=,1.022354, id=,B06, PRDE,actvstrat=,-1.000000, actvprof=,2.509616, id=,B08, PRDE,actvstrat=,1.000000, actvprof=,5.783489, id=,S01, PRDE,actvstrat=,1.000000, actvprof=,5.226323, id=,S02, PRDE,actvstrat=,1.000000, actvprof=,3.547020, id=,S07, PRDE,actvstrat=,1.000000, actvprof=,0.000836, id=,S08, PRDE,actvstrat=,1.000000, actvprof=,0.000000, id=,S09, PRDE,actvstrat=,-0.662162, actvprof=,0.000000, best_B_id=,B08, best_B_prof=,5.783489, best_B_strat=,1.000000, best_S_id=,S01, best_S_prof=,5.226323, best_S_strat=,1.000000, 
t=,2527200, id=,B00, PRDE,actvstrat=,-0.865954, actvprof=,0.000000, id=,B03, PRDE,actvstrat=,0.875660, actvprof=,0.031442, id=,B05, PRDE,actvstrat=,-1.000000, actvprof=,1.043991, id=,B06, PRDE,actvstrat=,-1.000000, actvprof=,2.516208, id=,B08, PRDE,actvstrat=,1.000000, actvprof=,5.792732, id=,S01, PRDE,actvstrat=,1.000000, actvprof=,5.196166, id=,S02, PRDE,actvstrat=,1.000000, actvprof=,3.544756, id=,S07, PRDE,actvstrat=,1.000000, actvprof=,0.000417, id=,S08, PRDE,actvstrat=,1.000000, actvprof=,0.000000, id=,S09, PRDE,actvstrat=,-0.662162, actvprof=,0.000000, best_B_id=,B08, best_B_prof=,5.792732, best_B_strat=,1.000000, best_S_id=,S01, best_S_prof=,5.196166, best_S_strat=,1.000000, 
t=,2530800, id=,B00, PRDE,actvstrat=,-0.865954, actvprof=,0.000000, id=,B03, PRDE,actvstrat=,0.875660, actvprof=,0.027873, id=,B05, PRDE,actvstrat=,1.000000, actvprof=,1.054700, id=,B06, PRDE,actvstrat=,-1.000000, actvprof=,2.646227, id=,B08, PRDE,actvstrat=,-1.000000, actvprof=,5.617448, id=,S01, PRDE,actvstrat=,1.000000, actvprof=,5.060275, id=,S02, PRDE,actvstrat=,-1.000000, actvprof=,3.307087, id=,S07, PRDE,actvstrat=,1.000000, actvprof=,0.000000, id=,S08, PRDE,actvstrat=,1.000000, actvprof=,0.000000, id=,S09, PRDE,actvstrat=,1.000000, actvprof=,0.000000, best_B_id=,B08, best_B_prof=,5.617448, best_B_strat=,-1.000000, best_S_id=,S01, best_S_prof=,5.060275, best_S_strat=,1.000000, 
t=,2534400, id=,B00, PRDE,actvstrat=,-0.865954, actvprof=,0.000000, id=,B03, PRDE,actvstrat=,0.875660, actvprof=,0.022538, id=,B05, PRDE,actvstrat=,1.000000, actvprof=,0.984870, id=,B06, PRDE,actvstrat=,-1.000000, actvprof=,2.586762, id=,B08, PRDE,actvstrat=,-1.000000, actvprof=,5.668533, id=,S01, PRDE,actvstrat=,1.000000, actvprof=,5.197176, id=,S02, PRDE,actvstrat=,-1.000000, actvprof=,3.293103, id=,S07, PRDE,actvstrat=,1.000000, actvprof=,0.000000, id=,S08, PRDE,actvstrat=,1.000000, actvprof=,0.000000, id=,S09, PRDE,actvstrat=,1.000000, actvprof=,0.000000, best_B_id=,B08, best_B_prof=,5.668533, best_B_strat=,-1.000000, best_S_id=,S01, best_S_prof=,5.197176, best_S_strat=,1.000000, 
t=,2538000, id=,B00, PRDE,actvstrat=,-0.067023, actvprof=,0.000000, id=,B03, PRDE,actvstrat=,1.000000, actvprof=,0.000836, id=,B05, PRDE,actvstrat=,-1.000000, actvprof=,0.745593, id=,B06, PRDE,actvstrat=,1.000000, actvprof=,2.322068, id=,B08, PRDE,actvstrat=,-1.000000, actvprof=,5.219706, id=,S01, PRDE,actvstrat=,1.000000, actvprof=,5.728939, id=,S02, PRDE,actvstrat=,-0.997016, actvprof=,2.581841, id=,S07, PRDE,actvstrat=,1.000000, actvprof=,0.000000, id=,S08, PRDE,actvstrat=,-1.000000, actvprof=,0.000000, id=,S09, PRDE,actvstrat=,-0.168919, actvprof=,0.000000, best_B_id=,B08, best_B_prof=,5.219706, best_B_strat=,-1.000000, best_S_id=,S01, best_S_prof=,5.728939, best_S_strat=,1.000000, 
t=,2541600, id=,B00, PRDE,actvstrat=,-0.067023, actvprof=,0.000000, id=,B03, PRDE,actvstrat=,1.000000, actvprof=,0.001113, id=,B05, PRDE,actvstrat=,-1.000000, actvprof=,0.676150, id=,B06, PRDE,actvstrat=,1.000000, actvprof=,2.235053, id=,B08, PRDE,actvstrat=,-1.000000, actvprof=,5.165733, id=,S01, PRDE,actvstrat=,1.000000, actvprof=,5.728496, id=,S02, PRDE,actvstrat=,-0.997016, actvprof=,2.636987, id=,S07, PRDE,actvstrat=,1.000000, actvprof=,0.000000, id=,S08, PRDE,actvstrat=,-1.000000, actvprof=,0.000000, id=,S09, PRDE,actvstrat=,-0.168919, actvprof=,0.000000, best_B_id=,B08, best_B_prof=,5.165733, best_B_strat=,-1.000000, best_S_id=,S01, best_S_prof=,5.728496, best_S_strat=,1.000000, 
t=,2545200, id=,B00, PRDE,actvstrat=,1.000000, actvprof=,0.000000, id=,B03, PRDE,actvstrat=,0.626980, actvprof=,0.009756, id=,B05, PRDE,actvstrat=,-1.000000, actvprof=,0.995359, id=,B06, PRDE,actvstrat=,1.000000, actvprof=,2.352515, id=,B08, PRDE,actvstrat=,-1.000000, actvprof=,5.382075, id=,S01, PRDE,actvstrat=,1.000000, actvprof=,5.249676, id=,S02, PRDE,actvstrat=,1.000000, actvprof=,3.648628, id=,S07, PRDE,actvstrat=,-1.000000, actvprof=,0.000000, id=,S08, PRDE,actvstrat=,1.000000, actvprof=,0.000000, id=,S09, PRDE,actvstrat=,1.000000, actvprof=,0.000000, best_B_id=,B08, best_B_prof=,5.382075, best_B_strat=,-1.000000, best_S_id=,S01, best_S_prof=,5.249676, best_S_strat=,1.000000, 
t=,2548800, id=,B00, PRDE,actvstrat=,1.000000, actvprof=,0.000000, id=,B03, PRDE,actvstrat=,0.626980, actvprof=,0.011548, id=,B05, PRDE,actvstrat=,-1.000000, actvprof=,0.977927, id=,B06, PRDE,actvstrat=,1.000000, actvprof=,2.328299, id=,B08, PRDE,actvstrat=,-1.000000, actvprof=,5.334428, id=,S01, PRDE,actvstrat=,1.000000, actvprof=,5.267786, id=,S02, PRDE,actvstrat=,1.000000, actvprof=,3.666984, id=,S07, PRDE,actvstrat=,-1.000000, actvprof=,0.000000, id=,S08, PRDE,actvstrat=,1.000000, actvprof=,0.000000, id=,S09, PRDE,actvstrat=,1.000000, actvprof=,0.000000, best_B_id=,B08, best_B_prof=,5.334428, best_B_strat=,-1.000000, best_S_id=,S01, best_S_prof=,5.267786, best_S_strat=,1.000000, 
t=,2552400, id=,B00, PRDE,actvstrat=,1.000000, actvprof=,0.000000, id=,B03, PRDE,actvstrat=,0.626980, actvprof=,0.005853, id=,B05, PRDE,actvstrat=,-1.000000, actvprof=,1.258780, id=,B06, PRDE,actvstrat=,-1.000000, actvprof=,2.653863, id=,B08, PRDE,actvstrat=,1.000000, actvprof=,6.038856, id=,S01, PRDE,actvstrat=,1.000000, actvprof=,4.965158, id=,S02, PRDE,actvstrat=,-1.000000, actvprof=,3.105697, id=,S07, PRDE,actvstrat=,1.000000, actvprof=,0.001394, id=,S08, PRDE,actvstrat=,1.000000, actvprof=,0.000000, id=,S09, PRDE,actvstrat=,1.000000, actvprof=,0.000000, best_B_id=,B08, best_B_prof=,6.038856, best_B_strat=,1.000000, best_S_id=,S01, best_S_prof=,4.965158, best_S_strat=,1.000000, 
t=,2556000, id=,B00, PRDE,actvstrat=,1.000000, actvprof=,0.000000, id=,B03, PRDE,actvstrat=,0.626980, actvprof=,0.006122, id=,B05, PRDE,actvstrat=,-1.000000, actvprof=,1.313234, id=,B06, PRDE,actvstrat=,-1.000000, actvprof=,2.731510, id=,B08, PRDE,actvstrat=,1.000000, actvprof=,6.059881, id=,S01, PRDE,actvstrat=,1.000000, actvprof=,4.945183, id=,S02, PRDE,actvstrat=,-1.000000, actvprof=,3.122044, id=,S07, PRDE,actvstrat=,1.000000, actvprof=,0.001948, id=,S08, PRDE,actvstrat=,1.000000, actvprof=,0.000000, id=,S09, PRDE,actvstrat=,1.000000, actvprof=,0.000000, best_B_id=,B08, best_B_prof=,6.059881, best_B_strat=,1.000000, best_S_id=,S01, best_S_prof=,4.945183, best_S_strat=,1.000000, 
t=,2559600, id=,B00, PRDE,actvstrat=,1.000000, actvprof=,0.000000, id=,B03, PRDE,actvstrat=,0.875660, actvprof=,0.000000, id=,B05, PRDE,actvstrat=,-1.000000, actvprof=,0.142156, id=,B06, PRDE,actvstrat=,-1.000000, actvprof=,1.485115, id=,B08, PRDE,actvstrat=,-1.000000, actvprof=,4.676943, id=,S01, PRDE,actvstrat=,-0.811227, actvprof=,0.357342, id=,S02, PRDE,actvstrat=,-0.997016, actvprof=,3.127718, id=,S07, PRDE,actvstrat=,1.000000, actvprof=,0.000000, id=,S08, PRDE,actvstrat=,1.000000, actvprof=,0.000000, id=,S09, PRDE,actvstrat=,0.013514, actvprof=,0.000000, best_B_id=,B08, best_B_prof=,4.676943, best_B_strat=,-1.000000, best_S_id=,S02, best_S_prof=,3.127718, best_S_strat=,-0.997016, 
t=,2563200, id=,B00, PRDE,actvstrat=,1.000000, actvprof=,0.000000, id=,B03, PRDE,actvstrat=,0.875660, actvprof=,0.000000, id=,B05, PRDE,actvstrat=,-1.000000, actvprof=,0.117982, id=,B06, PRDE,actvstrat=,-1.000000, actvprof=,1.462390, id=,B08, PRDE,actvstrat=,-1.000000, actvprof=,4.700628, id=,S01, PRDE,actvstrat=,-0.811227, actvprof=,0.313876, id=,S02, PRDE,actvstrat=,-0.997016, actvprof=,3.168674, id=,S07, PRDE,actvstrat=,1.000000, actvprof=,0.000000, id=,S08, PRDE,actvstrat=,1.000000, actvprof=,0.000000, id=,S09, PRDE,actvstrat=,0.013514, actvprof=,0.000000, best_B_id=,B08, best_B_prof=,4.700628, best_B_strat=,-1.000000, best_S_id=,S02, best_S_prof=,3.168674, best_S_strat=,-0.997016, 
t=,2566800, id=,B00, PRDE,actvstrat=,-1.000000, actvprof=,0.000000, id=,B03, PRDE,actvstrat=,0.875660, actvprof=,0.016446, id=,B05, PRDE,actvstrat=,-1.000000, actvprof=,1.222021, id=,B06, PRDE,actvstrat=,-1.000000, actvprof=,2.653659, id=,B08, PRDE,actvstrat=,-0.149633, actvprof=,4.132683, id=,S01, PRDE,actvstrat=,1.000000, actvprof=,5.080976, id=,S02, PRDE,actvstrat=,1.000000, actvprof=,3.404321, id=,S07, PRDE,actvstrat=,1.000000, actvprof=,0.000000, id=,S08, PRDE,actvstrat=,1.000000, actvprof=,0.000000, id=,S09, PRDE,actvstrat=,-0.168919, actvprof=,0.000000, best_B_id=,B08, best_B_prof=,4.132683, best_B_strat=,-0.149633, best_S_id=,S01, best_S_prof=,5.080976, best_S_strat=,1.000000, 
t=,2570400, id=,B00, PRDE,actvstrat=,-1.000000, actvprof=,0.000000, id=,B03, PRDE,actvstrat=,0.875660, actvprof=,0.017670, id=,B05, PRDE,actvstrat=,-1.000000, actvprof=,1.260939, id=,B06, PRDE,actvstrat=,-1.000000, actvprof=,2.724035, id=,B08, PRDE,actvstrat=,-0.149633, actvprof=,4.032000, id=,S01, PRDE,actvstrat=,1.000000, actvprof=,4.959304, id=,S02, PRDE,actvstrat=,1.000000, actvprof=,3.343165, id=,S07, PRDE,actvstrat=,1.000000, actvprof=,0.000278, id=,S08, PRDE,actvstrat=,1.000000, actvprof=,0.000000, id=,S09, PRDE,actvstrat=,-0.168919, actvprof=,0.000000, best_B_id=,B08, best_B_prof=,4.032000, best_B_strat=,-0.149633, best_S_id=,S01, best_S_prof=,4.959304, best_S_strat=,1.000000, 
t=,2574000, id=,B00, PRDE,actvstrat=,1.000000, actvprof=,0.000000, id=,B03, PRDE,actvstrat=,0.751320, actvprof=,0.023973, id=,B05, PRDE,actvstrat=,-1.000000, actvprof=,1.065689, id=,B06, PRDE,actvstrat=,-1.000000, actvprof=,2.600806, id=,B08, PRDE,actvstrat=,-1.000000, actvprof=,5.589641, id=,S01, PRDE,actvstrat=,1.000000, actvprof=,5.232275, id=,S02, PRDE,actvstrat=,1.000000, actvprof=,3.491156, id=,S07, PRDE,actvstrat=,1.000000, actvprof=,0.000000, id=,S08, PRDE,actvstrat=,0.083351, actvprof=,0.000000, id=,S09, PRDE,actvstrat=,-1.000000, actvprof=,0.000000, best_B_id=,B08, best_B_prof=,5.589641, best_B_strat=,-1.000000, best_S_id=,S01, best_S_prof=,5.232275, best_S_strat=,1.000000, 
t=,2577600, id=,B00, PRDE,actvstrat=,1.000000, actvprof=,0.000000, id=,B03, PRDE,actvstrat=,0.751320, actvprof=,0.022957, id=,B05, PRDE,actvstrat=,-1.000000, actvprof=,0.989377, id=,B06, PRDE,actvstrat=,-1.000000, actvprof=,2.492435, id=,B08, PRDE,actvstrat=,-1.000000, actvprof=,5.520115, id=,S01, PRDE,actvstrat=,1.000000, actvprof=,5.319068, id=,S02, PRDE,actvstrat=,1.000000, actvprof=,3.600632, id=,S07, PRDE,actvstrat=,1.000000, actvprof=,0.000000, id=,S08, PRDE,actvstrat=,0.083351, actvprof=,0.000000, id=,S09, PRDE,actvstrat=,-1.000000, actvprof=,0.000000, best_B_id=,B08, best_B_prof=,5.520115, best_B_strat=,-1.000000, best_S_id=,S01, best_S_prof=,5.319068, best_S_strat=,1.000000, 
t=,2581200, id=,B00, PRDE,actvstrat=,1.000000, actvprof=,0.000000, id=,B03, PRDE,actvstrat=,1.000000, actvprof=,0.002788, id=,B05, PRDE,actvstrat=,-1.000000, actvprof=,0.561983, id=,B06, PRDE,actvstrat=,-1.000000, actvprof=,2.119421, id=,B08, PRDE,actvstrat=,-1.000000, actvprof=,5.143980, id=,S01, PRDE,actvstrat=,1.000000, actvprof=,5.842834, id=,S02, PRDE,actvstrat=,-0.997016, actvprof=,2.528921, id=,S07, PRDE,actvstrat=,1.000000, actvprof=,0.000000, id=,S08, PRDE,actvstrat=,1.000000, actvprof=,0.000000, id=,S09, PRDE,actvstrat=,1.000000, actvprof=,0.000000, best_B_id=,B08, best_B_prof=,5.143980, best_B_strat=,-1.000000, best_S_id=,S01, best_S_prof=,5.842834, best_S_strat=,1.000000, 
t=,2584800, id=,B00, PRDE,actvstrat=,1.000000, actvprof=,0.000000, id=,B03, PRDE,actvstrat=,1.000000, actvprof=,0.002087, id=,B05, PRDE,actvstrat=,-1.000000, actvprof=,0.554029, id=,B06, PRDE,actvstrat=,-1.000000, actvprof=,2.061260, id=,B08, PRDE,actvstrat=,-1.000000, actvprof=,5.150577, id=,S01, PRDE,actvstrat=,1.000000, actvprof=,5.838313, id=,S02, PRDE,actvstrat=,-0.997016, actvprof=,2.501617, id=,S07, PRDE,actvstrat=,1.000000, actvprof=,0.000000, id=,S08, PRDE,actvstrat=,1.000000, actvprof=,0.000000, id=,S09, PRDE,actvstrat=,1.000000, actvprof=,0.000000, best_B_id=,B08, best_B_prof=,5.150577, best_B_strat=,-1.000000, best_S_id=,S01, best_S_prof=,5.838313, best_S_strat=,1.000000, 
t=,2588400, id=,B00, PRDE,actvstrat=,1.000000, actvprof=,0.000000, id=,B03, PRDE,actvstrat=,0.129619, actvprof=,0.007526, id=,B05, PRDE,actvstrat=,-1.000000, actvprof=,1.217891, id=,B06, PRDE,actvstrat=,-1.000000, actvprof=,2.624500, id=,B08, PRDE,actvstrat=,1.000000, actvprof=,5.918018, id=,S01, PRDE,actvstrat=,1.000000, actvprof=,5.011778, id=,S02, PRDE,actvstrat=,1.000000, actvprof=,3.420631, id=,S07, PRDE,actvstrat=,1.000000, actvprof=,0.000836, id=,S08, PRDE,actvstrat=,0.541675, actvprof=,0.000000, id=,S09, PRDE,actvstrat=,-0.662162, actvprof=,0.000000, best_B_id=,B08, best_B_prof=,5.918018, best_B_strat=,1.000000, best_S_id=,S01, best_S_prof=,5.011778, best_S_strat=,1.000000, 
t=,2592000, id=,B00, PRDE,actvstrat=,1.000000, actvprof=,0.000000, id=,B03, PRDE,actvstrat=,0.129619, actvprof=,0.009461, id=,B05, PRDE,actvstrat=,-1.000000, actvprof=,1.195172, id=,B06, PRDE,actvstrat=,-1.000000, actvprof=,2.574142, id=,B08, PRDE,actvstrat=,1.000000, actvprof=,5.903092, id=,S01, PRDE,actvstrat=,1.000000, actvprof=,5.020836, id=,S02, PRDE,actvstrat=,1.000000, actvprof=,3.466973, id=,S07, PRDE,actvstrat=,1.000000, actvprof=,0.000696, id=,S08, PRDE,actvstrat=,0.541675, actvprof=,0.000000, id=,S09, PRDE,actvstrat=,-0.662162, actvprof=,0.000000, best_B_id=,B08, best_B_prof=,5.903092, best_B_strat=,1.000000, best_S_id=,S01, best_S_prof=,5.020836, best_S_strat=,1.000000, 
t=,2595600, id=,B00, PRDE,actvstrat=,1.000000, actvprof=,0.000000, id=,B03, PRDE,actvstrat=,1.000000, actvprof=,0.000558, id=,B05, PRDE,actvstrat=,-1.000000, actvprof=,0.517116, id=,B06, PRDE,actvstrat=,-1.000000, actvprof=,2.057315, id=,B08, PRDE,actvstrat=,-1.000000, actvprof=,5.088649, id=,S01, PRDE,actvstrat=,1.000000, actvprof=,5.899866, id=,S02, PRDE,actvstrat=,-0.997016, actvprof=,2.476583, id=,S07, PRDE,actvstrat=,1.000000, actvprof=,0.000000, id=,S08, PRDE,actvstrat=,1.000000, actvprof=,0.000000, id=,S09, PRDE,actvstrat=,0.013514, actvprof=,0.000000, best_B_id=,B08, best_B_prof=,5.088649, best_B_strat=,-1.000000, best_S_id=,S01, best_S_prof=,5.899866, best_S_strat=,1.000000, 
t=,2599200, id=,B00, PRDE,actvstrat=,1.000000, actvprof=,0.000000, id=,B03, PRDE,actvstrat=,1.000000, actvprof=,0.000278, id=,B05, PRDE,actvstrat=,-1.000000, actvprof=,0.539980, id=,B06, PRDE,actvstrat=,-1.000000, actvprof=,2.018004, id=,B08, PRDE,actvstrat=,-1.000000, actvprof=,5.145465, id=,S01, PRDE,actvstrat=,1.000000, actvprof=,5.859502, id=,S02, PRDE,actvstrat=,-0.997016, actvprof=,2.494678, id=,S07, PRDE,actvstrat=,1.000000, actvprof=,0.000000, id=,S08, PRDE,actvstrat=,1.000000, actvprof=,0.000000, id=,S09, PRDE,actvstrat=,0.013514, actvprof=,0.000000, best_B_id=,B08, best_B_prof=,5.145465, best_B_strat=,-1.000000, best_S_id=,S01, best_S_prof=,5.859502, best_S_strat=,1.000000, 
t=,2602800, id=,B00, PRDE,actvstrat=,1.000000, actvprof=,0.000000, id=,B03, PRDE,actvstrat=,0.129619, actvprof=,0.010872, id=,B05, PRDE,actvstrat=,-1.000000, actvprof=,0.989657, id=,B06, PRDE,actvstrat=,-1.000000, actvprof=,2.463550, id=,B08, PRDE,actvstrat=,-1.000000, actvprof=,5.551839, id=,S01, PRDE,actvstrat=,1.000000, actvprof=,5.358646, id=,S02, PRDE,actvstrat=,1.000000, actvprof=,3.643333, id=,S07, PRDE,actvstrat=,1.000000, actvprof=,0.000000, id=,S08, PRDE,actvstrat=,1.000000, actvprof=,0.000000, id=,S09, PRDE,actvstrat=,-1.000000, actvprof=,0.000000, best_B_id=,B08, best_B_prof=,5.551839, best_B_strat=,-1.000000, best_S_id=,S01, best_S_prof=,5.358646, best_S_strat=,1.000000, 
t=,2606400, id=,B00, PRDE,actvstrat=,1.000000, actvprof=,0.000000, id=,B03, PRDE,actvstrat=,0.129619, actvprof=,0.009740, id=,B05, PRDE,actvstrat=,-1.000000, actvprof=,1.026986, id=,B06, PRDE,actvstrat=,-1.000000, actvprof=,2.510766, id=,B08, PRDE,actvstrat=,-1.000000, actvprof=,5.591446, id=,S01, PRDE,actvstrat=,1.000000, actvprof=,5.286035, id=,S02, PRDE,actvstrat=,1.000000, actvprof=,3.621096, id=,S07, PRDE,actvstrat=,1.000000, actvprof=,0.000000, id=,S08, PRDE,actvstrat=,1.000000, actvprof=,0.000000, id=,S09, PRDE,actvstrat=,-1.000000, actvprof=,0.000000, best_B_id=,B08, best_B_prof=,5.591446, best_B_strat=,-1.000000, best_S_id=,S01, best_S_prof=,5.286035, best_S_strat=,1.000000, 
t=,2610000, id=,B00, PRDE,actvstrat=,1.000000, actvprof=,0.000000, id=,B03, PRDE,actvstrat=,0.626980, actvprof=,0.029551, id=,B05, PRDE,actvstrat=,1.000000, actvprof=,0.866462, id=,B06, PRDE,actvstrat=,-1.000000, actvprof=,2.475885, id=,B08, PRDE,actvstrat=,-1.000000, actvprof=,5.566490, id=,S01, PRDE,actvstrat=,1.000000, actvprof=,5.216894, id=,S02, PRDE,actvstrat=,1.000000, actvprof=,3.602175, id=,S07, PRDE,actvstrat=,1.000000, actvprof=,0.000000, id=,S08, PRDE,actvstrat=,0.541675, actvprof=,0.000000, id=,S09, PRDE,actvstrat=,-1.000000, actvprof=,0.000000, best_B_id=,B08, best_B_prof=,5.566490, best_B_strat=,-1.000000, best_S_id=,S01, best_S_prof=,5.216894, best_S_strat=,1.000000, 
t=,2613600, id=,B00, PRDE,actvstrat=,1.000000, actvprof=,0.000000, id=,B03, PRDE,actvstrat=,0.626980, actvprof=,0.024628, id=,B05, PRDE,actvstrat=,1.000000, actvprof=,0.806311, id=,B06, PRDE,actvstrat=,-1.000000, actvprof=,2.439109, id=,B08, PRDE,actvstrat=,-1.000000, actvprof=,5.420583, id=,S01, PRDE,actvstrat=,1.000000, actvprof=,5.308019, id=,S02, PRDE,actvstrat=,1.000000, actvprof=,3.601199, id=,S07, PRDE,actvstrat=,1.000000, actvprof=,0.000000, id=,S08, PRDE,actvstrat=,0.541675, actvprof=,0.000000, id=,S09, PRDE,actvstrat=,-1.000000, actvprof=,0.000000, best_B_id=,B08, best_B_prof=,5.420583, best_B_strat=,-1.000000, best_S_id=,S01, best_S_prof=,5.308019, best_S_strat=,1.000000, 
t=,2617200, id=,B00, PRDE,actvstrat=,1.000000, actvprof=,0.000000, id=,B03, PRDE,actvstrat=,1.000000, actvprof=,0.016727, id=,B05, PRDE,actvstrat=,1.000000, actvprof=,0.699480, id=,B06, PRDE,actvstrat=,-1.000000, actvprof=,2.339871, id=,B08, PRDE,actvstrat=,-1.000000, actvprof=,5.318446, id=,S01, PRDE,actvstrat=,1.000000, actvprof=,5.464531, id=,S02, PRDE,actvstrat=,1.000000, actvprof=,3.802952, id=,S07, PRDE,actvstrat=,1.000000, actvprof=,0.000000, id=,S08, PRDE,actvstrat=,0.541675, actvprof=,0.000000, id=,S09, PRDE,actvstrat=,1.000000, actvprof=,0.000000, best_B_id=,B08, best_B_prof=,5.318446, best_B_strat=,-1.000000, best_S_id=,S01, best_S_prof=,5.464531, best_S_strat=,1.000000, 
t=,2620800, id=,B00, PRDE,actvstrat=,1.000000, actvprof=,0.000000, id=,B03, PRDE,actvstrat=,1.000000, actvprof=,0.009322, id=,B05, PRDE,actvstrat=,1.000000, actvprof=,0.713098, id=,B06, PRDE,actvstrat=,-1.000000, actvprof=,2.308211, id=,B08, PRDE,actvstrat=,-1.000000, actvprof=,5.300023, id=,S01, PRDE,actvstrat=,1.000000, actvprof=,5.464070, id=,S02, PRDE,actvstrat=,1.000000, actvprof=,3.769332, id=,S07, PRDE,actvstrat=,1.000000, actvprof=,0.000000, id=,S08, PRDE,actvstrat=,0.541675, actvprof=,0.000000, id=,S09, PRDE,actvstrat=,1.000000, actvprof=,0.000000, best_B_id=,B08, best_B_prof=,5.300023, best_B_strat=,-1.000000, best_S_id=,S01, best_S_prof=,5.464070, best_S_strat=,1.000000, 
t=,2624400, id=,B00, PRDE,actvstrat=,1.000000, actvprof=,0.000000, id=,B03, PRDE,actvstrat=,0.129619, actvprof=,0.011988, id=,B05, PRDE,actvstrat=,1.000000, actvprof=,0.763065, id=,B06, PRDE,actvstrat=,1.000000, actvprof=,2.277486, id=,B08, PRDE,actvstrat=,-1.000000, actvprof=,5.426488, id=,S01, PRDE,actvstrat=,1.000000, actvprof=,5.009967, id=,S02, PRDE,actvstrat=,1.000000, actvprof=,3.514226, id=,S07, PRDE,actvstrat=,-0.020379, actvprof=,0.000000, id=,S08, PRDE,actvstrat=,0.541675, actvprof=,0.000000, id=,S09, PRDE,actvstrat=,-0.662162, actvprof=,0.000000, best_B_id=,B08, best_B_prof=,5.426488, best_B_strat=,-1.000000, best_S_id=,S01, best_S_prof=,5.009967, best_S_strat=,1.000000, 
t=,2628000, id=,B00, PRDE,actvstrat=,1.000000, actvprof=,0.000000, id=,B03, PRDE,actvstrat=,0.129619, actvprof=,0.013636, id=,B05, PRDE,actvstrat=,1.000000, actvprof=,0.795898, id=,B06, PRDE,actvstrat=,1.000000, actvprof=,2.247160, id=,B08, PRDE,actvstrat=,-1.000000, actvprof=,5.426160, id=,S01, PRDE,actvstrat=,1.000000, actvprof=,5.047830, id=,S02, PRDE,actvstrat=,1.000000, actvprof=,3.480663, id=,S07, PRDE,actvstrat=,-0.020379, actvprof=,0.000000, id=,S08, PRDE,actvstrat=,0.541675, actvprof=,0.000000, id=,S09, PRDE,actvstrat=,-0.662162, actvprof=,0.000000, best_B_id=,B08, best_B_prof=,5.426160, best_B_strat=,-1.000000, best_S_id=,S01, best_S_prof=,5.047830, best_S_strat=,1.000000, 
t=,2631600, id=,B00, PRDE,actvstrat=,-0.865954, actvprof=,0.000000, id=,B03, PRDE,actvstrat=,1.000000, actvprof=,0.004182, id=,B05, PRDE,actvstrat=,-1.000000, actvprof=,1.164285, id=,B06, PRDE,actvstrat=,1.000000, actvprof=,2.692410, id=,B08, PRDE,actvstrat=,-1.000000, actvprof=,5.725239, id=,S01, PRDE,actvstrat=,1.000000, actvprof=,5.121349, id=,S02, PRDE,actvstrat=,-1.000000, actvprof=,3.282637, id=,S07, PRDE,actvstrat=,-1.000000, actvprof=,0.000000, id=,S08, PRDE,actvstrat=,0.083351, actvprof=,0.000000, id=,S09, PRDE,actvstrat=,-1.000000, actvprof=,0.000000, best_B_id=,B08, best_B_prof=,5.725239, best_B_strat=,-1.000000, best_S_id=,S01, best_S_prof=,5.121349, best_S_strat=,1.000000, 
t=,2635200, id=,B00, PRDE,actvstrat=,-0.865954, actvprof=,0.000000, id=,B03, PRDE,actvstrat=,1.000000, actvprof=,0.002505, id=,B05, PRDE,actvstrat=,-1.000000, actvprof=,1.117179, id=,B06, PRDE,actvstrat=,1.000000, actvprof=,2.652901, id=,B08, PRDE,actvstrat=,-1.000000, actvprof=,5.655746, id=,S01, PRDE,actvstrat=,1.000000, actvprof=,5.135491, id=,S02, PRDE,actvstrat=,-1.000000, actvprof=,3.336371, id=,S07, PRDE,actvstrat=,-1.000000, actvprof=,0.000000, id=,S08, PRDE,actvstrat=,0.083351, actvprof=,0.000000, id=,S09, PRDE,actvstrat=,-1.000000, actvprof=,0.000000, best_B_id=,B08, best_B_prof=,5.655746, best_B_strat=,-1.000000, best_S_id=,S01, best_S_prof=,5.135491, best_S_strat=,1.000000, 
t=,2638800, id=,B00, PRDE,actvstrat=,1.000000, actvprof=,0.000000, id=,B03, PRDE,actvstrat=,0.129619, actvprof=,0.000000, id=,B05, PRDE,actvstrat=,1.000000, actvprof=,0.127415, id=,B06, PRDE,actvstrat=,1.000000, actvprof=,1.507514, id=,B08, PRDE,actvstrat=,-1.000000, actvprof=,4.545125, id=,S01, PRDE,actvstrat=,-0.811227, actvprof=,0.339030, id=,S02, PRDE,actvstrat=,-0.997016, actvprof=,3.243650, id=,S07, PRDE,actvstrat=,-1.000000, actvprof=,0.000000, id=,S08, PRDE,actvstrat=,0.083351, actvprof=,0.000000, id=,S09, PRDE,actvstrat=,-1.000000, actvprof=,0.000000, best_B_id=,B08, best_B_prof=,4.545125, best_B_strat=,-1.000000, best_S_id=,S02, best_S_prof=,3.243650, best_S_strat=,-0.997016, 
t=,2642400, id=,B00, PRDE,actvstrat=,1.000000, actvprof=,0.000000, id=,B03, PRDE,actvstrat=,0.129619, actvprof=,0.000000, id=,B05, PRDE,actvstrat=,1.000000, actvprof=,0.111596, id=,B06, PRDE,actvstrat=,1.000000, actvprof=,1.498751, id=,B08, PRDE,actvstrat=,-1.000000, actvprof=,4.460771, id=,S01, PRDE,actvstrat=,-0.811227, actvprof=,0.364008, id=,S02, PRDE,actvstrat=,-0.997016, actvprof=,3.150425, id=,S07, PRDE,actvstrat=,-1.000000, actvprof=,0.000000, id=,S08, PRDE,actvstrat=,0.083351, actvprof=,0.000000, id=,S09, PRDE,actvstrat=,-1.000000, actvprof=,0.000000, best_B_id=,B08, best_B_prof=,4.460771, best_B_strat=,-1.000000, best_S_id=,S02, best_S_prof=,3.150425, best_S_strat=,-0.997016, 
t=,2646000, id=,B00, PRDE,actvstrat=,1.000000, actvprof=,0.000000, id=,B03, PRDE,actvstrat=,1.000000, actvprof=,0.002509, id=,B05, PRDE,actvstrat=,-1.000000, actvprof=,1.137568, id=,B06, PRDE,actvstrat=,-1.000000, actvprof=,2.661016, id=,B08, PRDE,actvstrat=,-1.000000, actvprof=,5.656332, id=,S01, PRDE,actvstrat=,1.000000, actvprof=,5.303909, id=,S02, PRDE,actvstrat=,-1.000000, actvprof=,3.240952, id=,S07, PRDE,actvstrat=,-1.000000, actvprof=,0.000000, id=,S08, PRDE,actvstrat=,1.000000, actvprof=,0.000000, id=,S09, PRDE,actvstrat=,-1.000000, actvprof=,0.000000, best_B_id=,B08, best_B_prof=,5.656332, best_B_strat=,-1.000000, best_S_id=,S01, best_S_prof=,5.303909, best_S_strat=,1.000000, 
t=,2649600, id=,B00, PRDE,actvstrat=,1.000000, actvprof=,0.000000, id=,B03, PRDE,actvstrat=,1.000000, actvprof=,0.001948, id=,B05, PRDE,actvstrat=,-1.000000, actvprof=,1.099392, id=,B06, PRDE,actvstrat=,-1.000000, actvprof=,2.648643, id=,B08, PRDE,actvstrat=,-1.000000, actvprof=,5.656143, id=,S01, PRDE,actvstrat=,1.000000, actvprof=,5.339864, id=,S02, PRDE,actvstrat=,-1.000000, actvprof=,3.233473, id=,S07, PRDE,actvstrat=,-1.000000, actvprof=,0.000000, id=,S08, PRDE,actvstrat=,1.000000, actvprof=,0.000000, id=,S09, PRDE,actvstrat=,-1.000000, actvprof=,0.000000, best_B_id=,B08, best_B_prof=,5.656143, best_B_strat=,-1.000000, best_S_id=,S01, best_S_prof=,5.339864, best_S_strat=,1.000000, 
t=,2653200, id=,B00, PRDE,actvstrat=,-0.865954, actvprof=,0.000000, id=,B03, PRDE,actvstrat=,0.875660, actvprof=,0.022027, id=,B05, PRDE,actvstrat=,-1.000000, actvprof=,1.140388, id=,B06, PRDE,actvstrat=,1.000000, actvprof=,2.622334, id=,B08, PRDE,actvstrat=,-1.000000, actvprof=,5.578977, id=,S01, PRDE,actvstrat=,1.000000, actvprof=,5.098006, id=,S02, PRDE,actvstrat=,-1.000000, actvprof=,3.301269, id=,S07, PRDE,actvstrat=,1.000000, actvprof=,0.000000, id=,S08, PRDE,actvstrat=,0.083351, actvprof=,0.000000, id=,S09, PRDE,actvstrat=,1.000000, actvprof=,0.000000, best_B_id=,B08, best_B_prof=,5.578977, best_B_strat=,-1.000000, best_S_id=,S01, best_S_prof=,5.098006, best_S_strat=,1.000000, 
t=,2656800, id=,B00, PRDE,actvstrat=,-0.865954, actvprof=,0.000000, id=,B03, PRDE,actvstrat=,0.875660, actvprof=,0.025047, id=,B05, PRDE,actvstrat=,-1.000000, actvprof=,1.192792, id=,B06, PRDE,actvstrat=,1.000000, actvprof=,2.671119, id=,B08, PRDE,actvstrat=,-1.000000, actvprof=,5.608154, id=,S01, PRDE,actvstrat=,1.000000, actvprof=,5.056843, id=,S02, PRDE,actvstrat=,-1.000000, actvprof=,3.251374, id=,S07, PRDE,actvstrat=,1.000000, actvprof=,0.000000, id=,S08, PRDE,actvstrat=,0.083351, actvprof=,0.000000, id=,S09, PRDE,actvstrat=,1.000000, actvprof=,0.000000, best_B_id=,B08, best_B_prof=,5.608154, best_B_strat=,-1.000000, best_S_id=,S01, best_S_prof=,5.056843, best_S_strat=,1.000000, 
t=,2660400, id=,B00, PRDE,actvstrat=,-1.000000, actvprof=,0.000000, id=,B03, PRDE,actvstrat=,1.000000, actvprof=,0.004182, id=,B05, PRDE,actvstrat=,-1.000000, actvprof=,1.186639, id=,B06, PRDE,actvstrat=,1.000000, actvprof=,2.377182, id=,B08, PRDE,actvstrat=,1.000000, actvprof=,5.737746, id=,S01, PRDE,actvstrat=,1.000000, actvprof=,5.142196, id=,S02, PRDE,actvstrat=,1.000000, actvprof=,3.410751, id=,S07, PRDE,actvstrat=,-1.000000, actvprof=,0.000000, id=,S08, PRDE,actvstrat=,1.000000, actvprof=,0.000000, id=,S09, PRDE,actvstrat=,1.000000, actvprof=,0.000000, best_B_id=,B08, best_B_prof=,5.737746, best_B_strat=,1.000000, best_S_id=,S01, best_S_prof=,5.142196, best_S_strat=,1.000000, 
t=,2664000, id=,B00, PRDE,actvstrat=,-1.000000, actvprof=,0.000000, id=,B03, PRDE,actvstrat=,1.000000, actvprof=,0.006123, id=,B05, PRDE,actvstrat=,-1.000000, actvprof=,1.185425, id=,B06, PRDE,actvstrat=,1.000000, actvprof=,2.394785, id=,B08, PRDE,actvstrat=,1.000000, actvprof=,5.721323, id=,S01, PRDE,actvstrat=,1.000000, actvprof=,5.090552, id=,S02, PRDE,actvstrat=,1.000000, actvprof=,3.384286, id=,S07, PRDE,actvstrat=,-1.000000, actvprof=,0.000000, id=,S08, PRDE,actvstrat=,1.000000, actvprof=,0.000000, id=,S09, PRDE,actvstrat=,1.000000, actvprof=,0.000000, best_B_id=,B08, best_B_prof=,5.721323, best_B_strat=,1.000000, best_S_id=,S01, best_S_prof=,5.090552, best_S_strat=,1.000000, 
t=,2667600, id=,B00, PRDE,actvstrat=,-0.865954, actvprof=,0.000000, id=,B03, PRDE,actvstrat=,1.000000, actvprof=,0.009480, id=,B05, PRDE,actvstrat=,1.000000, actvprof=,0.800792, id=,B06, PRDE,actvstrat=,-1.000000, actvprof=,2.455353, id=,B08, PRDE,actvstrat=,-1.000000, actvprof=,5.405624, id=,S01, PRDE,actvstrat=,1.000000, actvprof=,5.391683, id=,S02, PRDE,actvstrat=,1.000000, actvprof=,3.684981, id=,S07, PRDE,actvstrat=,-1.000000, actvprof=,0.000000, id=,S08, PRDE,actvstrat=,0.541675, actvprof=,0.000000, id=,S09, PRDE,actvstrat=,-1.000000, actvprof=,0.000000, best_B_id=,B08, best_B_prof=,5.405624, best_B_strat=,-1.000000, best_S_id=,S01, best_S_prof=,5.391683, best_S_strat=,1.000000, 
t=,2671200, id=,B00, PRDE,actvstrat=,-0.865954, actvprof=,0.000000, id=,B03, PRDE,actvstrat=,1.000000, actvprof=,0.009045, id=,B05, PRDE,actvstrat=,1.000000, actvprof=,0.753646, id=,B06, PRDE,actvstrat=,-1.000000, actvprof=,2.378242, id=,B08, PRDE,actvstrat=,-1.000000, actvprof=,5.352332, id=,S01, PRDE,actvstrat=,1.000000, actvprof=,5.446816, id=,S02, PRDE,actvstrat=,1.000000, actvprof=,3.690721, id=,S07, PRDE,actvstrat=,-1.000000, actvprof=,0.000000, id=,S08, PRDE,actvstrat=,0.541675, actvprof=,0.000000, id=,S09, PRDE,actvstrat=,-1.000000, actvprof=,0.000000, best_B_id=,B08, best_B_prof=,5.352332, best_B_strat=,-1.000000, best_S_id=,S01, best_S_prof=,5.446816, best_S_strat=,1.000000, 
t=,2674800, id=,B00, PRDE,actvstrat=,-1.000000, actvprof=,0.000000, id=,B03, PRDE,actvstrat=,1.000000, actvprof=,0.009202, id=,B05, PRDE,actvstrat=,-1.000000, actvprof=,0.903983, id=,B06, PRDE,actvstrat=,-1.000000, actvprof=,2.440364, id=,B08, PRDE,actvstrat=,-1.000000, actvprof=,5.458753, id=,S01, PRDE,actvstrat=,1.000000, actvprof=,5.407448, id=,S02, PRDE,actvstrat=,1.000000, actvprof=,3.712967, id=,S07, PRDE,actvstrat=,-1.000000, actvprof=,0.000000, id=,S08, PRDE,actvstrat=,1.000000, actvprof=,0.000000, id=,S09, PRDE,actvstrat=,-1.000000, actvprof=,0.000000, best_B_id=,B08, best_B_prof=,5.458753, best_B_strat=,-1.000000, best_S_id=,S01, best_S_prof=,5.407448, best_S_strat=,1.000000, 
t=,2678400, id=,B00, PRDE,actvstrat=,-1.000000, actvprof=,0.000000, id=,B03, PRDE,actvstrat=,1.000000, actvprof=,0.005984, id=,B05, PRDE,actvstrat=,-1.000000, actvprof=,0.904493, id=,B06, PRDE,actvstrat=,-1.000000, actvprof=,2.429189, id=,B08, PRDE,actvstrat=,-1.000000, actvprof=,5.460213, id=,S01, PRDE,actvstrat=,1.000000, actvprof=,5.436557, id=,S02, PRDE,actvstrat=,1.000000, actvprof=,3.766724, id=,S07, PRDE,actvstrat=,-1.000000, actvprof=,0.000000, id=,S08, PRDE,actvstrat=,1.000000, actvprof=,0.000000, id=,S09, PRDE,actvstrat=,-1.000000, actvprof=,0.000000, best_B_id=,B08, best_B_prof=,5.460213, best_B_strat=,-1.000000, best_S_id=,S01, best_S_prof=,5.436557, best_S_strat=,1.000000, 
t=,2682000, id=,B00, PRDE,actvstrat=,1.000000, actvprof=,0.000000, id=,B03, PRDE,actvstrat=,0.751320, actvprof=,0.032346, id=,B05, PRDE,actvstrat=,-1.000000, actvprof=,1.015545, id=,B06, PRDE,actvstrat=,-1.000000, actvprof=,2.452701, id=,B08, PRDE,actvstrat=,1.000000, actvprof=,5.899198, id=,S01, PRDE,actvstrat=,1.000000, actvprof=,5.185640, id=,S02, PRDE,actvstrat=,1.000000, actvprof=,3.576159, id=,S07, PRDE,actvstrat=,1.000000, actvprof=,0.003346, id=,S08, PRDE,actvstrat=,-0.555248, actvprof=,0.000000, id=,S09, PRDE,actvstrat=,-1.000000, actvprof=,0.000000, best_B_id=,B08, best_B_prof=,5.899198, best_B_strat=,1.000000, best_S_id=,S01, best_S_prof=,5.185640, best_S_strat=,1.000000, 
t=,2685600, id=,B00, PRDE,actvstrat=,1.000000, actvprof=,0.000000, id=,B03, PRDE,actvstrat=,0.751320, actvprof=,0.028388, id=,B05, PRDE,actvstrat=,-1.000000, actvprof=,1.057436, id=,B06, PRDE,actvstrat=,-1.000000, actvprof=,2.501722, id=,B08, PRDE,actvstrat=,1.000000, actvprof=,5.834615, id=,S01, PRDE,actvstrat=,1.000000, actvprof=,5.183649, id=,S02, PRDE,actvstrat=,1.000000, actvprof=,3.532580, id=,S07, PRDE,actvstrat=,1.000000, actvprof=,0.003479, id=,S08, PRDE,actvstrat=,-0.555248, actvprof=,0.000000, id=,S09, PRDE,actvstrat=,-1.000000, actvprof=,0.000000, best_B_id=,B08, best_B_prof=,5.834615, best_B_strat=,1.000000, best_S_id=,S01, best_S_prof=,5.183649, best_S_strat=,1.000000, 
t=,2689200, id=,B00, PRDE,actvstrat=,-1.000000, actvprof=,0.000000, id=,B03, PRDE,actvstrat=,1.000000, actvprof=,0.008644, id=,B05, PRDE,actvstrat=,-1.000000, actvprof=,1.012171, id=,B06, PRDE,actvstrat=,1.000000, actvprof=,2.362290, id=,B08, PRDE,actvstrat=,-1.000000, actvprof=,5.293125, id=,S01, PRDE,actvstrat=,0.917814, actvprof=,5.121921, id=,S02, PRDE,actvstrat=,0.994032, actvprof=,3.621231, id=,S07, PRDE,actvstrat=,-1.000000, actvprof=,0.000000, id=,S08, PRDE,actvstrat=,1.000000, actvprof=,0.000000, id=,S09, PRDE,actvstrat=,1.000000, actvprof=,0.000000, best_B_id=,B08, best_B_prof=,5.293125, best_B_strat=,-1.000000, best_S_id=,S01, best_S_prof=,5.121921, best_S_strat=,0.917814, 
t=,2692800, id=,B00, PRDE,actvstrat=,-1.000000, actvprof=,0.000000, id=,B03, PRDE,actvstrat=,1.000000, actvprof=,0.005566, id=,B05, PRDE,actvstrat=,-1.000000, actvprof=,0.991066, id=,B06, PRDE,actvstrat=,1.000000, actvprof=,2.368289, id=,B08, PRDE,actvstrat=,-1.000000, actvprof=,5.397428, id=,S01, PRDE,actvstrat=,0.917814, actvprof=,5.128301, id=,S02, PRDE,actvstrat=,0.994032, actvprof=,3.699313, id=,S07, PRDE,actvstrat=,-1.000000, actvprof=,0.000000, id=,S08, PRDE,actvstrat=,1.000000, actvprof=,0.000000, id=,S09, PRDE,actvstrat=,1.000000, actvprof=,0.000000, best_B_id=,B08, best_B_prof=,5.397428, best_B_strat=,-1.000000, best_S_id=,S01, best_S_prof=,5.128301, best_S_strat=,0.917814, 
t=,2696400, id=,B00, PRDE,actvstrat=,1.000000, actvprof=,0.000000, id=,B03, PRDE,actvstrat=,0.129619, actvprof=,0.006414, id=,B05, PRDE,actvstrat=,-1.000000, actvprof=,0.991606, id=,B06, PRDE,actvstrat=,-1.000000, actvprof=,2.509411, id=,B08, PRDE,actvstrat=,-1.000000, actvprof=,5.548925, id=,S01, PRDE,actvstrat=,0.917814, actvprof=,5.085190, id=,S02, PRDE,actvstrat=,0.994032, actvprof=,3.606146, id=,S07, PRDE,actvstrat=,-1.000000, actvprof=,0.000000, id=,S08, PRDE,actvstrat=,1.000000, actvprof=,0.000000, id=,S09, PRDE,actvstrat=,1.000000, actvprof=,0.000000, best_B_id=,B08, best_B_prof=,5.548925, best_B_strat=,-1.000000, best_S_id=,S01, best_S_prof=,5.085190, best_S_strat=,0.917814, 
t=,2700000, id=,B00, PRDE,actvstrat=,1.000000, actvprof=,0.000000, id=,B03, PRDE,actvstrat=,0.129619, actvprof=,0.009602, id=,B05, PRDE,actvstrat=,-1.000000, actvprof=,1.034365, id=,B06, PRDE,actvstrat=,-1.000000, actvprof=,2.569701, id=,B08, PRDE,actvstrat=,-1.000000, actvprof=,5.546441, id=,S01, PRDE,actvstrat=,0.917814, actvprof=,5.076642, id=,S02, PRDE,actvstrat=,0.994032, actvprof=,3.522937, id=,S07, PRDE,actvstrat=,-1.000000, actvprof=,0.000000, id=,S08, PRDE,actvstrat=,1.000000, actvprof=,0.000000, id=,S09, PRDE,actvstrat=,1.000000, actvprof=,0.000000, best_B_id=,B08, best_B_prof=,5.546441, best_B_strat=,-1.000000, best_S_id=,S01, best_S_prof=,5.076642, best_S_strat=,0.917814, 
t=,2703600, id=,B00, PRDE,actvstrat=,1.000000, actvprof=,0.000000, id=,B03, PRDE,actvstrat=,1.000000, actvprof=,0.001952, id=,B05, PRDE,actvstrat=,-0.772351, actvprof=,0.168712, id=,B06, PRDE,actvstrat=,-1.000000, actvprof=,3.153374, id=,B08, PRDE,actvstrat=,-1.000000, actvprof=,6.285834, id=,S01, PRDE,actvstrat=,1.000000, actvprof=,4.757111, id=,S02, PRDE,actvstrat=,-0.997016, actvprof=,1.588678, id=,S07, PRDE,actvstrat=,1.000000, actvprof=,0.000000, id=,S08, PRDE,actvstrat=,1.000000, actvprof=,0.000000, id=,S09, PRDE,actvstrat=,-1.000000, actvprof=,0.000000, best_B_id=,B08, best_B_prof=,6.285834, best_B_strat=,-1.000000, best_S_id=,S01, best_S_prof=,4.757111, best_S_strat=,1.000000, 
t=,2707200, id=,B00, PRDE,actvstrat=,1.000000, actvprof=,0.000000, id=,B03, PRDE,actvstrat=,1.000000, actvprof=,0.001531, id=,B05, PRDE,actvstrat=,-0.772351, actvprof=,0.159477, id=,B06, PRDE,actvstrat=,-1.000000, actvprof=,3.096994, id=,B08, PRDE,actvstrat=,-1.000000, actvprof=,6.291261, id=,S01, PRDE,actvstrat=,1.000000, actvprof=,4.815753, id=,S02, PRDE,actvstrat=,-0.997016, actvprof=,1.623991, id=,S07, PRDE,actvstrat=,1.000000, actvprof=,0.000000, id=,S08, PRDE,actvstrat=,1.000000, actvprof=,0.000000, id=,S09, PRDE,actvstrat=,-1.000000, actvprof=,0.000000, best_B_id=,B08, best_B_prof=,6.291261, best_B_strat=,-1.000000, best_S_id=,S01, best_S_prof=,4.815753, best_S_strat=,1.000000, 
t=,2710800, id=,B00, PRDE,actvstrat=,-1.000000, actvprof=,0.000000, id=,B03, PRDE,actvstrat=,0.626980, actvprof=,0.022309, id=,B05, PRDE,actvstrat=,-1.000000, actvprof=,1.094550, id=,B06, PRDE,actvstrat=,1.000000, actvprof=,2.487486, id=,B08, PRDE,actvstrat=,-1.000000, actvprof=,5.337219, id=,S01, PRDE,actvstrat=,1.000000, actvprof=,5.131137, id=,S02, PRDE,actvstrat=,1.000000, actvprof=,3.440650, id=,S07, PRDE,actvstrat=,1.000000, actvprof=,0.000000, id=,S08, PRDE,actvstrat=,1.000000, actvprof=,0.000000, id=,S09, PRDE,actvstrat=,-0.662162, actvprof=,0.000000, best_B_id=,B08, best_B_prof=,5.337219, best_B_strat=,-1.000000, best_S_id=,S01, best_S_prof=,5.131137, best_S_strat=,1.000000, 
t=,2714400, id=,B00, PRDE,actvstrat=,-1.000000, actvprof=,0.000000, id=,B03, PRDE,actvstrat=,0.626980, actvprof=,0.020178, id=,B05, PRDE,actvstrat=,-1.000000, actvprof=,1.110640, id=,B06, PRDE,actvstrat=,1.000000, actvprof=,2.484849, id=,B08, PRDE,actvstrat=,-1.000000, actvprof=,5.376046, id=,S01, PRDE,actvstrat=,1.000000, actvprof=,5.120130, id=,S02, PRDE,actvstrat=,1.000000, actvprof=,3.459668, id=,S07, PRDE,actvstrat=,1.000000, actvprof=,0.000000, id=,S08, PRDE,actvstrat=,1.000000, actvprof=,0.000000, id=,S09, PRDE,actvstrat=,-0.662162, actvprof=,0.000000, best_B_id=,B08, best_B_prof=,5.376046, best_B_strat=,-1.000000, best_S_id=,S01, best_S_prof=,5.120130, best_S_strat=,1.000000, 
t=,2718000, id=,B00, PRDE,actvstrat=,-1.000000, actvprof=,0.000000, id=,B03, PRDE,actvstrat=,-0.367741, actvprof=,0.002231, id=,B05, PRDE,actvstrat=,-1.000000, actvprof=,1.183491, id=,B06, PRDE,actvstrat=,1.000000, actvprof=,2.558840, id=,B08, PRDE,actvstrat=,-1.000000, actvprof=,5.283045, id=,S01, PRDE,actvstrat=,1.000000, actvprof=,5.105689, id=,S02, PRDE,actvstrat=,1.000000, actvprof=,3.393196, id=,S07, PRDE,actvstrat=,1.000000, actvprof=,0.000000, id=,S08, PRDE,actvstrat=,1.000000, actvprof=,0.000000, id=,S09, PRDE,actvstrat=,1.000000, actvprof=,0.000000, best_B_id=,B08, best_B_prof=,5.283045, best_B_strat=,-1.000000, best_S_id=,S01, best_S_prof=,5.105689, best_S_strat=,1.000000, 
t=,2721600, id=,B00, PRDE,actvstrat=,-1.000000, actvprof=,0.000000, id=,B03, PRDE,actvstrat=,-0.367741, actvprof=,0.003062, id=,B05, PRDE,actvstrat=,-1.000000, actvprof=,1.180924, id=,B06, PRDE,actvstrat=,1.000000, actvprof=,2.560570, id=,B08, PRDE,actvstrat=,-1.000000, actvprof=,5.401411, id=,S01, PRDE,actvstrat=,1.000000, actvprof=,5.069233, id=,S02, PRDE,actvstrat=,1.000000, actvprof=,3.398043, id=,S07, PRDE,actvstrat=,1.000000, actvprof=,0.000000, id=,S08, PRDE,actvstrat=,1.000000, actvprof=,0.000000, id=,S09, PRDE,actvstrat=,1.000000, actvprof=,0.000000, best_B_id=,B08, best_B_prof=,5.401411, best_B_strat=,-1.000000, best_S_id=,S01, best_S_prof=,5.069233, best_S_strat=,1.000000, 
t=,2725200, id=,B00, PRDE,actvstrat=,1.000000, actvprof=,0.000000, id=,B03, PRDE,actvstrat=,0.129619, actvprof=,0.010318, id=,B05, PRDE,actvstrat=,-1.000000, actvprof=,1.126929, id=,B06, PRDE,actvstrat=,-1.000000, actvprof=,2.613327, id=,B08, PRDE,actvstrat=,-1.000000, actvprof=,5.538994, id=,S01, PRDE,actvstrat=,1.000000, actvprof=,5.168649, id=,S02, PRDE,actvstrat=,1.000000, actvprof=,3.438236, id=,S07, PRDE,actvstrat=,1.000000, actvprof=,0.000000, id=,S08, PRDE,actvstrat=,1.000000, actvprof=,0.000000, id=,S09, PRDE,actvstrat=,1.000000, actvprof=,0.000000, best_B_id=,B08, best_B_prof=,5.538994, best_B_strat=,-1.000000, best_S_id=,S01, best_S_prof=,5.168649, best_S_strat=,1.000000, 
t=,2728800, id=,B00, PRDE,actvstrat=,1.000000, actvprof=,0.000000, id=,B03, PRDE,actvstrat=,0.129619, actvprof=,0.008350, id=,B05, PRDE,actvstrat=,-1.000000, actvprof=,1.105220, id=,B06, PRDE,actvstrat=,-1.000000, actvprof=,2.582697, id=,B08, PRDE,actvstrat=,-1.000000, actvprof=,5.619616, id=,S01, PRDE,actvstrat=,1.000000, actvprof=,5.184737, id=,S02, PRDE,actvstrat=,1.000000, actvprof=,3.495596, id=,S07, PRDE,actvstrat=,1.000000, actvprof=,0.000000, id=,S08, PRDE,actvstrat=,1.000000, actvprof=,0.000000, id=,S09, PRDE,actvstrat=,1.000000, actvprof=,0.000000, best_B_id=,B08, best_B_prof=,5.619616, best_B_strat=,-1.000000, best_S_id=,S01, best_S_prof=,5.184737, best_S_strat=,1.000000, 
t=,2732400, id=,B00, PRDE,actvstrat=,-1.000000, actvprof=,0.000000, id=,B03, PRDE,actvstrat=,1.000000, actvprof=,0.011713, id=,B05, PRDE,actvstrat=,-0.544702, actvprof=,0.256289, id=,B06, PRDE,actvstrat=,-1.000000, actvprof=,3.294383, id=,B08, PRDE,actvstrat=,-1.000000, actvprof=,6.282838, id=,S01, PRDE,actvstrat=,1.000000, actvprof=,4.601205, id=,S02, PRDE,actvstrat=,1.000000, actvprof=,2.844554, id=,S07, PRDE,actvstrat=,-1.000000, actvprof=,0.000000, id=,S08, PRDE,actvstrat=,1.000000, actvprof=,0.000000, id=,S09, PRDE,actvstrat=,1.000000, actvprof=,0.000000, best_B_id=,B08, best_B_prof=,6.282838, best_B_strat=,-1.000000, best_S_id=,S01, best_S_prof=,4.601205, best_S_strat=,1.000000, 
t=,2736000, id=,B00, PRDE,actvstrat=,-1.000000, actvprof=,0.000000, id=,B03, PRDE,actvstrat=,1.000000, actvprof=,0.007932, id=,B05, PRDE,actvstrat=,-0.544702, actvprof=,0.266498, id=,B06, PRDE,actvstrat=,-1.000000, actvprof=,3.239027, id=,B08, PRDE,actvstrat=,-1.000000, actvprof=,6.205294, id=,S01, PRDE,actvstrat=,1.000000, actvprof=,4.646525, id=,S02, PRDE,actvstrat=,1.000000, actvprof=,2.917560, id=,S07, PRDE,actvstrat=,-1.000000, actvprof=,0.000000, id=,S08, PRDE,actvstrat=,1.000000, actvprof=,0.000000, id=,S09, PRDE,actvstrat=,1.000000, actvprof=,0.000000, best_B_id=,B08, best_B_prof=,6.205294, best_B_strat=,-1.000000, best_S_id=,S01, best_S_prof=,4.646525, best_S_strat=,1.000000, 
t=,2739600, id=,B00, PRDE,actvstrat=,-1.000000, actvprof=,0.000000, id=,B03, PRDE,actvstrat=,0.751320, actvprof=,0.014223, id=,B05, PRDE,actvstrat=,-1.000000, actvprof=,0.859792, id=,B06, PRDE,actvstrat=,-1.000000, actvprof=,2.379976, id=,B08, PRDE,actvstrat=,-1.000000, actvprof=,5.284250, id=,S01, PRDE,actvstrat=,1.000000, actvprof=,5.454647, id=,S02, PRDE,actvstrat=,1.000000, actvprof=,3.804225, id=,S07, PRDE,actvstrat=,1.000000, actvprof=,0.000000, id=,S08, PRDE,actvstrat=,1.000000, actvprof=,0.000000, id=,S09, PRDE,actvstrat=,1.000000, actvprof=,0.000000, best_B_id=,B08, best_B_prof=,5.284250, best_B_strat=,-1.000000, best_S_id=,S01, best_S_prof=,5.454647, best_S_strat=,1.000000, 
t=,2743200, id=,B00, PRDE,actvstrat=,-1.000000, actvprof=,0.000000, id=,B03, PRDE,actvstrat=,0.751320, actvprof=,0.019205, id=,B05, PRDE,actvstrat=,-1.000000, actvprof=,0.932540, id=,B06, PRDE,actvstrat=,-1.000000, actvprof=,2.420902, id=,B08, PRDE,actvstrat=,-1.000000, actvprof=,5.382180, id=,S01, PRDE,actvstrat=,1.000000, actvprof=,5.332081, id=,S02, PRDE,actvstrat=,1.000000, actvprof=,3.707894, id=,S07, PRDE,actvstrat=,1.000000, actvprof=,0.000000, id=,S08, PRDE,actvstrat=,1.000000, actvprof=,0.000000, id=,S09, PRDE,actvstrat=,1.000000, actvprof=,0.000000, best_B_id=,B08, best_B_prof=,5.382180, best_B_strat=,-1.000000, best_S_id=,S01, best_S_prof=,5.332081, best_S_strat=,1.000000, 
t=,2746800, id=,B00, PRDE,actvstrat=,-1.000000, actvprof=,0.000000, id=,B03, PRDE,actvstrat=,1.000000, actvprof=,0.018128, id=,B05, PRDE,actvstrat=,-0.544702, actvprof=,0.262989, id=,B06, PRDE,actvstrat=,1.000000, actvprof=,3.145272, id=,B08, PRDE,actvstrat=,-1.000000, actvprof=,6.056000, id=,S01, PRDE,actvstrat=,0.835628, actvprof=,3.792286, id=,S02, PRDE,actvstrat=,1.000000, actvprof=,2.922163, id=,S07, PRDE,actvstrat=,-1.000000, actvprof=,0.000000, id=,S08, PRDE,actvstrat=,1.000000, actvprof=,0.000000, id=,S09, PRDE,actvstrat=,1.000000, actvprof=,0.000000, best_B_id=,B08, best_B_prof=,6.056000, best_B_strat=,-1.000000, best_S_id=,S01, best_S_prof=,3.792286, best_S_strat=,0.835628, 
t=,2750400, id=,B00, PRDE,actvstrat=,-1.000000, actvprof=,0.000000, id=,B03, PRDE,actvstrat=,1.000000, actvprof=,0.012803, id=,B05, PRDE,actvstrat=,-0.544702, actvprof=,0.268728, id=,B06, PRDE,actvstrat=,1.000000, actvprof=,3.100603, id=,B08, PRDE,actvstrat=,-1.000000, actvprof=,6.018064, id=,S01, PRDE,actvstrat=,0.835628, actvprof=,3.727681, id=,S02, PRDE,actvstrat=,1.000000, actvprof=,2.945990, id=,S07, PRDE,actvstrat=,-1.000000, actvprof=,0.000000, id=,S08, PRDE,actvstrat=,1.000000, actvprof=,0.000000, id=,S09, PRDE,actvstrat=,1.000000, actvprof=,0.000000, best_B_id=,B08, best_B_prof=,6.018064, best_B_strat=,-1.000000, best_S_id=,S01, best_S_prof=,3.727681, best_S_strat=,0.835628, 
t=,2754000, id=,B00, PRDE,actvstrat=,-1.000000, actvprof=,0.000000, id=,B03, PRDE,actvstrat=,1.000000, actvprof=,0.008088, id=,B05, PRDE,actvstrat=,-0.772351, actvprof=,0.223948, id=,B06, PRDE,actvstrat=,1.000000, actvprof=,3.343606, id=,B08, PRDE,actvstrat=,-1.000000, actvprof=,6.355054, id=,S01, PRDE,actvstrat=,1.000000, actvprof=,4.390836, id=,S02, PRDE,actvstrat=,1.000000, actvprof=,2.658374, id=,S07, PRDE,actvstrat=,-1.000000, actvprof=,0.000000, id=,S08, PRDE,actvstrat=,1.000000, actvprof=,0.000000, id=,S09, PRDE,actvstrat=,-1.000000, actvprof=,0.000000, best_B_id=,B08, best_B_prof=,6.355054, best_B_strat=,-1.000000, best_S_id=,S01, best_S_prof=,4.390836, best_S_strat=,1.000000, 
t=,2757600, id=,B00, PRDE,actvstrat=,-1.000000, actvprof=,0.000000, id=,B03, PRDE,actvstrat=,1.000000, actvprof=,0.010298, id=,B05, PRDE,actvstrat=,-0.772351, actvprof=,0.229068, id=,B06, PRDE,actvstrat=,1.000000, actvprof=,3.318837, id=,B08, PRDE,actvstrat=,-1.000000, actvprof=,6.315086, id=,S01, PRDE,actvstrat=,1.000000, actvprof=,4.430636, id=,S02, PRDE,actvstrat=,1.000000, actvprof=,2.690780, id=,S07, PRDE,actvstrat=,-1.000000, actvprof=,0.000000, id=,S08, PRDE,actvstrat=,1.000000, actvprof=,0.000000, id=,S09, PRDE,actvstrat=,-1.000000, actvprof=,0.000000, best_B_id=,B08, best_B_prof=,6.315086, best_B_strat=,-1.000000, best_S_id=,S01, best_S_prof=,4.430636, best_S_strat=,1.000000, 
t=,2761200, id=,B00, PRDE,actvstrat=,1.000000, actvprof=,0.000000, id=,B03, PRDE,actvstrat=,0.129619, actvprof=,0.014503, id=,B05, PRDE,actvstrat=,-1.000000, actvprof=,0.884383, id=,B06, PRDE,actvstrat=,-1.000000, actvprof=,2.296440, id=,B08, PRDE,actvstrat=,-1.000000, actvprof=,5.358174, id=,S01, PRDE,actvstrat=,0.835628, actvprof=,4.540726, id=,S02, PRDE,actvstrat=,0.988063, actvprof=,3.741406, id=,S07, PRDE,actvstrat=,-1.000000, actvprof=,0.000000, id=,S08, PRDE,actvstrat=,0.688239, actvprof=,0.000000, id=,S09, PRDE,actvstrat=,1.000000, actvprof=,0.000000, best_B_id=,B08, best_B_prof=,5.358174, best_B_strat=,-1.000000, best_S_id=,S01, best_S_prof=,4.540726, best_S_strat=,0.835628, 
t=,2764800, id=,B00, PRDE,actvstrat=,1.000000, actvprof=,0.000000, id=,B03, PRDE,actvstrat=,0.129619, actvprof=,0.009603, id=,B05, PRDE,actvstrat=,-1.000000, actvprof=,0.915031, id=,B06, PRDE,actvstrat=,-1.000000, actvprof=,2.342062, id=,B08, PRDE,actvstrat=,-1.000000, actvprof=,5.411277, id=,S01, PRDE,actvstrat=,0.835628, actvprof=,4.559846, id=,S02, PRDE,actvstrat=,0.988063, actvprof=,3.719270, id=,S07, PRDE,actvstrat=,-1.000000, actvprof=,0.000000, id=,S08, PRDE,actvstrat=,0.688239, actvprof=,0.000000, id=,S09, PRDE,actvstrat=,1.000000, actvprof=,0.000000, best_B_id=,B08, best_B_prof=,5.411277, best_B_strat=,-1.000000, best_S_id=,S01, best_S_prof=,4.559846, best_S_strat=,0.835628, 
t=,2768400, id=,B00, PRDE,actvstrat=,1.000000, actvprof=,0.000000, id=,B03, PRDE,actvstrat=,1.000000, actvprof=,0.003905, id=,B05, PRDE,actvstrat=,-1.000000, actvprof=,1.078292, id=,B06, PRDE,actvstrat=,1.000000, actvprof=,2.367445, id=,B08, PRDE,actvstrat=,1.000000, actvprof=,5.710819, id=,S01, PRDE,actvstrat=,0.835628, actvprof=,4.393496, id=,S02, PRDE,actvstrat=,1.000000, actvprof=,3.535269, id=,S07, PRDE,actvstrat=,-1.000000, actvprof=,0.000000, id=,S08, PRDE,actvstrat=,0.688239, actvprof=,0.000000, id=,S09, PRDE,actvstrat=,1.000000, actvprof=,0.000000, best_B_id=,B08, best_B_prof=,5.710819, best_B_strat=,1.000000, best_S_id=,S01, best_S_prof=,4.393496, best_S_strat=,0.835628, 
t=,2772000, id=,B00, PRDE,actvstrat=,1.000000, actvprof=,0.000000, id=,B03, PRDE,actvstrat=,1.000000, actvprof=,0.007794, id=,B05, PRDE,actvstrat=,-1.000000, actvprof=,1.063143, id=,B06, PRDE,actvstrat=,1.000000, actvprof=,2.372065, id=,B08, PRDE,actvstrat=,1.000000, actvprof=,5.725439, id=,S01, PRDE,actvstrat=,0.835628, actvprof=,4.405244, id=,S02, PRDE,actvstrat=,1.000000, actvprof=,3.499088, id=,S07, PRDE,actvstrat=,-1.000000, actvprof=,0.000000, id=,S08, PRDE,actvstrat=,0.688239, actvprof=,0.000000, id=,S09, PRDE,actvstrat=,1.000000, actvprof=,0.000000, best_B_id=,B08, best_B_prof=,5.725439, best_B_strat=,1.000000, best_S_id=,S01, best_S_prof=,4.405244, best_S_strat=,0.835628, 
t=,2775600, id=,B00, PRDE,actvstrat=,-1.000000, actvprof=,0.000000, id=,B03, PRDE,actvstrat=,-0.492082, actvprof=,0.001395, id=,B05, PRDE,actvstrat=,-1.000000, actvprof=,1.166725, id=,B06, PRDE,actvstrat=,-1.000000, actvprof=,2.755456, id=,B08, PRDE,actvstrat=,-1.000000, actvprof=,5.697232, id=,S01, PRDE,actvstrat=,1.000000, actvprof=,5.121261, id=,S02, PRDE,actvstrat=,-1.000000, actvprof=,3.109964, id=,S07, PRDE,actvstrat=,-1.000000, actvprof=,0.000000, id=,S08, PRDE,actvstrat=,1.000000, actvprof=,0.000000, id=,S09, PRDE,actvstrat=,-1.000000, actvprof=,0.000000, best_B_id=,B08, best_B_prof=,5.697232, best_B_strat=,-1.000000, best_S_id=,S01, best_S_prof=,5.121261, best_S_strat=,1.000000, 
t=,2779200, id=,B00, PRDE,actvstrat=,-1.000000, actvprof=,0.000000, id=,B03, PRDE,actvstrat=,-0.492082, actvprof=,0.001531, id=,B05, PRDE,actvstrat=,-1.000000, actvprof=,1.156536, id=,B06, PRDE,actvstrat=,-1.000000, actvprof=,2.682857, id=,B08, PRDE,actvstrat=,-1.000000, actvprof=,5.656171, id=,S01, PRDE,actvstrat=,1.000000, actvprof=,5.107686, id=,S02, PRDE,actvstrat=,-1.000000, actvprof=,3.109286, id=,S07, PRDE,actvstrat=,-1.000000, actvprof=,0.000000, id=,S08, PRDE,actvstrat=,1.000000, actvprof=,0.000000, id=,S09, PRDE,actvstrat=,-1.000000, actvprof=,0.000000, best_B_id=,B08, best_B_prof=,5.656171, best_B_strat=,-1.000000, best_S_id=,S01, best_S_prof=,5.107686, best_S_strat=,1.000000, 
t=,2782800, id=,B00, PRDE,actvstrat=,-1.000000, actvprof=,0.000000, id=,B03, PRDE,actvstrat=,0.129619, actvprof=,0.002789, id=,B05, PRDE,actvstrat=,0.185821, actvprof=,0.534412, id=,B06, PRDE,actvstrat=,1.000000, actvprof=,2.847779, id=,B08, PRDE,actvstrat=,-1.000000, actvprof=,5.727076, id=,S01, PRDE,actvstrat=,0.835628, actvprof=,4.230667, id=,S02, PRDE,actvstrat=,-0.997016, actvprof=,2.190921, id=,S07, PRDE,actvstrat=,-1.000000, actvprof=,0.000000, id=,S08, PRDE,actvstrat=,1.000000, actvprof=,0.000000, id=,S09, PRDE,actvstrat=,-1.000000, actvprof=,0.000000, best_B_id=,B08, best_B_prof=,5.727076, best_B_strat=,-1.000000, best_S_id=,S01, best_S_prof=,4.230667, best_S_strat=,0.835628, 
t=,2786400, id=,B00, PRDE,actvstrat=,-1.000000, actvprof=,0.000000, id=,B03, PRDE,actvstrat=,0.129619, actvprof=,0.001392, id=,B05, PRDE,actvstrat=,0.185821, actvprof=,0.557952, id=,B06, PRDE,actvstrat=,1.000000, actvprof=,2.924066, id=,B08, PRDE,actvstrat=,-1.000000, actvprof=,5.817235, id=,S01, PRDE,actvstrat=,0.835628, actvprof=,4.167177, id=,S02, PRDE,actvstrat=,-0.997016, actvprof=,2.085676, id=,S07, PRDE,actvstrat=,-1.000000, actvprof=,0.000000, id=,S08, PRDE,actvstrat=,1.000000, actvprof=,0.000000, id=,S09, PRDE,actvstrat=,-1.000000, actvprof=,0.000000, best_B_id=,B08, best_B_prof=,5.817235, best_B_strat=,-1.000000, best_S_id=,S01, best_S_prof=,4.167177, best_S_strat=,0.835628, 
t=,2790000, id=,B00, PRDE,actvstrat=,-1.000000, actvprof=,0.000000, id=,B03, PRDE,actvstrat=,0.875660, actvprof=,0.003626, id=,B05, PRDE,actvstrat=,-1.000000, actvprof=,0.241273, id=,B06, PRDE,actvstrat=,1.000000, actvprof=,1.640099, id=,B08, PRDE,actvstrat=,-1.000000, actvprof=,4.768838, id=,S01, PRDE,actvstrat=,1.000000, actvprof=,6.266404, id=,S02, PRDE,actvstrat=,-0.988063, actvprof=,0.158710, id=,S07, PRDE,actvstrat=,-1.000000, actvprof=,0.000000, id=,S08, PRDE,actvstrat=,1.000000, actvprof=,0.000000, id=,S09, PRDE,actvstrat=,-1.000000, actvprof=,0.000000, best_B_id=,B08, best_B_prof=,4.768838, best_B_strat=,-1.000000, best_S_id=,S01, best_S_prof=,6.266404, best_S_strat=,1.000000, 
t=,2793600, id=,B00, PRDE,actvstrat=,-1.000000, actvprof=,0.000000, id=,B03, PRDE,actvstrat=,0.875660, actvprof=,0.002505, id=,B05, PRDE,actvstrat=,-1.000000, actvprof=,0.270419, id=,B06, PRDE,actvstrat=,1.000000, actvprof=,1.684725, id=,B08, PRDE,actvstrat=,-1.000000, actvprof=,4.646528, id=,S01, PRDE,actvstrat=,1.000000, actvprof=,6.243433, id=,S02, PRDE,actvstrat=,-0.988063, actvprof=,0.163532, id=,S07, PRDE,actvstrat=,-1.000000, actvprof=,0.000000, id=,S08, PRDE,actvstrat=,1.000000, actvprof=,0.000000, id=,S09, PRDE,actvstrat=,-1.000000, actvprof=,0.000000, best_B_id=,B08, best_B_prof=,4.646528, best_B_strat=,-1.000000, best_S_id=,S01, best_S_prof=,6.243433, best_S_strat=,1.000000, 
t=,2797200, id=,B00, PRDE,actvstrat=,-1.000000, actvprof=,0.000000, id=,B03, PRDE,actvstrat=,1.000000, actvprof=,0.005579, id=,B05, PRDE,actvstrat=,0.185821, actvprof=,0.634589, id=,B06, PRDE,actvstrat=,-1.000000, actvprof=,2.812273, id=,B08, PRDE,actvstrat=,-1.000000, actvprof=,6.119665, id=,S01, PRDE,actvstrat=,1.000000, actvprof=,4.894003, id=,S02, PRDE,actvstrat=,0.988063, actvprof=,3.197768, id=,S07, PRDE,actvstrat=,1.000000, actvprof=,0.000000, id=,S08, PRDE,actvstrat=,1.000000, actvprof=,0.000000, id=,S09, PRDE,actvstrat=,1.000000, actvprof=,0.000000, best_B_id=,B08, best_B_prof=,6.119665, best_B_strat=,-1.000000, best_S_id=,S01, best_S_prof=,4.894003, best_S_strat=,1.000000, 
t=,2800800, id=,B00, PRDE,actvstrat=,-1.000000, actvprof=,0.000000, id=,B03, PRDE,actvstrat=,1.000000, actvprof=,0.008490, id=,B05, PRDE,actvstrat=,0.185821, actvprof=,0.591510, id=,B06, PRDE,actvstrat=,-1.000000, actvprof=,2.861239, id=,B08, PRDE,actvstrat=,-1.000000, actvprof=,5.996103, id=,S01, PRDE,actvstrat=,1.000000, actvprof=,4.840223, id=,S02, PRDE,actvstrat=,0.988063, actvprof=,3.197495, id=,S07, PRDE,actvstrat=,1.000000, actvprof=,0.000000, id=,S08, PRDE,actvstrat=,1.000000, actvprof=,0.000000, id=,S09, PRDE,actvstrat=,1.000000, actvprof=,0.000000, best_B_id=,B08, best_B_prof=,5.996103, best_B_strat=,-1.000000, best_S_id=,S01, best_S_prof=,4.840223, best_S_strat=,1.000000, 
t=,2804400, id=,B00, PRDE,actvstrat=,-1.000000, actvprof=,0.000000, id=,B03, PRDE,actvstrat=,0.129619, actvprof=,0.003068, id=,B05, PRDE,actvstrat=,-1.000000, actvprof=,1.213110, id=,B06, PRDE,actvstrat=,1.000000, actvprof=,2.720223, id=,B08, PRDE,actvstrat=,-1.000000, actvprof=,5.803626, id=,S01, PRDE,actvstrat=,0.917814, actvprof=,4.845746, id=,S02, PRDE,actvstrat=,-1.000000, actvprof=,3.160948, id=,S07, PRDE,actvstrat=,-1.000000, actvprof=,0.000000, id=,S08, PRDE,actvstrat=,0.688239, actvprof=,0.000000, id=,S09, PRDE,actvstrat=,1.000000, actvprof=,0.000000, best_B_id=,B08, best_B_prof=,5.803626, best_B_strat=,-1.000000, best_S_id=,S01, best_S_prof=,4.845746, best_S_strat=,0.917814, 
t=,2808000, id=,B00, PRDE,actvstrat=,-1.000000, actvprof=,0.000000, id=,B03, PRDE,actvstrat=,0.129619, actvprof=,0.002784, id=,B05, PRDE,actvstrat=,-1.000000, actvprof=,1.177600, id=,B06, PRDE,actvstrat=,1.000000, actvprof=,2.668355, id=,B08, PRDE,actvstrat=,-1.000000, actvprof=,5.738245, id=,S01, PRDE,actvstrat=,0.917814, actvprof=,4.841091, id=,S02, PRDE,actvstrat=,-1.000000, actvprof=,3.218255, id=,S07, PRDE,actvstrat=,-1.000000, actvprof=,0.000000, id=,S08, PRDE,actvstrat=,0.688239, actvprof=,0.000000, id=,S09, PRDE,actvstrat=,1.000000, actvprof=,0.000000, best_B_id=,B08, best_B_prof=,5.738245, best_B_strat=,-1.000000, best_S_id=,S01, best_S_prof=,4.841091, best_S_strat=,0.917814, 
t=,2811600, id=,B00, PRDE,actvstrat=,1.000000, actvprof=,0.000000, id=,B03, PRDE,actvstrat=,0.875660, actvprof=,0.005579, id=,B05, PRDE,actvstrat=,-1.000000, actvprof=,0.709922, id=,B06, PRDE,actvstrat=,-1.000000, actvprof=,2.271472, id=,B08, PRDE,actvstrat=,-1.000000, actvprof=,5.361098, id=,S01, PRDE,actvstrat=,0.917814, actvprof=,5.442272, id=,S02, PRDE,actvstrat=,-0.997016, actvprof=,2.395046, id=,S07, PRDE,actvstrat=,-1.000000, actvprof=,0.000000, id=,S08, PRDE,actvstrat=,0.688239, actvprof=,0.000000, id=,S09, PRDE,actvstrat=,-1.000000, actvprof=,0.000000, best_B_id=,B08, best_B_prof=,5.361098, best_B_strat=,-1.000000, best_S_id=,S01, best_S_prof=,5.442272, best_S_strat=,0.917814, 
t=,2815200, id=,B00, PRDE,actvstrat=,1.000000, actvprof=,0.000000, id=,B03, PRDE,actvstrat=,0.875660, actvprof=,0.003479, id=,B05, PRDE,actvstrat=,-1.000000, actvprof=,0.633964, id=,B06, PRDE,actvstrat=,-1.000000, actvprof=,2.149771, id=,B08, PRDE,actvstrat=,-1.000000, actvprof=,5.290781, id=,S01, PRDE,actvstrat=,0.917814, actvprof=,5.538939, id=,S02, PRDE,actvstrat=,-0.997016, actvprof=,2.428549, id=,S07, PRDE,actvstrat=,-1.000000, actvprof=,0.000000, id=,S08, PRDE,actvstrat=,0.688239, actvprof=,0.000000, id=,S09, PRDE,actvstrat=,-1.000000, actvprof=,0.000000, best_B_id=,B08, best_B_prof=,5.290781, best_B_strat=,-1.000000, best_S_id=,S01, best_S_prof=,5.538939, best_S_strat=,0.917814, 
t=,2818800, id=,B00, PRDE,actvstrat=,-1.000000, actvprof=,0.000000, id=,B03, PRDE,actvstrat=,1.000000, actvprof=,0.003068, id=,B05, PRDE,actvstrat=,-1.000000, actvprof=,1.170481, id=,B06, PRDE,actvstrat=,1.000000, actvprof=,2.544040, id=,B08, PRDE,actvstrat=,-1.000000, actvprof=,5.619203, id=,S01, PRDE,actvstrat=,1.000000, actvprof=,5.153354, id=,S02, PRDE,actvstrat=,-1.000000, actvprof=,3.399584, id=,S07, PRDE,actvstrat=,-1.000000, actvprof=,0.000000, id=,S08, PRDE,actvstrat=,0.376477, actvprof=,0.000000, id=,S09, PRDE,actvstrat=,-1.000000, actvprof=,0.000000, best_B_id=,B08, best_B_prof=,5.619203, best_B_strat=,-1.000000, best_S_id=,S01, best_S_prof=,5.153354, best_S_strat=,1.000000, 
t=,2822400, id=,B00, PRDE,actvstrat=,-1.000000, actvprof=,0.000000, id=,B03, PRDE,actvstrat=,1.000000, actvprof=,0.003758, id=,B05, PRDE,actvstrat=,-1.000000, actvprof=,1.139203, id=,B06, PRDE,actvstrat=,1.000000, actvprof=,2.519746, id=,B08, PRDE,actvstrat=,-1.000000, actvprof=,5.534562, id=,S01, PRDE,actvstrat=,1.000000, actvprof=,5.209155, id=,S02, PRDE,actvstrat=,-1.000000, actvprof=,3.388658, id=,S07, PRDE,actvstrat=,-1.000000, actvprof=,0.000000, id=,S08, PRDE,actvstrat=,0.376477, actvprof=,0.000000, id=,S09, PRDE,actvstrat=,-1.000000, actvprof=,0.000000, best_B_id=,B08, best_B_prof=,5.534562, best_B_strat=,-1.000000, best_S_id=,S01, best_S_prof=,5.209155, best_S_strat=,1.000000, 
t=,2826000, id=,B00, PRDE,actvstrat=,-1.000000, actvprof=,0.000000, id=,B03, PRDE,actvstrat=,0.875660, actvprof=,0.029290, id=,B05, PRDE,actvstrat=,-1.000000, actvprof=,1.255858, id=,B06, PRDE,actvstrat=,1.000000, actvprof=,2.712285, id=,B08, PRDE,actvstrat=,-1.000000, actvprof=,5.667262, id=,S01, PRDE,actvstrat=,1.000000, actvprof=,5.070018, id=,S02, PRDE,actvstrat=,-1.000000, actvprof=,3.288886, id=,S07, PRDE,actvstrat=,-1.000000, actvprof=,0.000000, id=,S08, PRDE,actvstrat=,0.376477, actvprof=,0.000000, id=,S09, PRDE,actvstrat=,1.000000, actvprof=,0.000000, best_B_id=,B08, best_B_prof=,5.667262, best_B_strat=,-1.000000, best_S_id=,S01, best_S_prof=,5.070018, best_S_strat=,1.000000, 
t=,2829600, id=,B00, PRDE,actvstrat=,-1.000000, actvprof=,0.000000, id=,B03, PRDE,actvstrat=,0.875660, actvprof=,0.021852, id=,B05, PRDE,actvstrat=,-1.000000, actvprof=,1.215753, id=,B06, PRDE,actvstrat=,1.000000, actvprof=,2.708894, id=,B08, PRDE,actvstrat=,-1.000000, actvprof=,5.717308, id=,S01, PRDE,actvstrat=,1.000000, actvprof=,5.076654, id=,S02, PRDE,actvstrat=,-1.000000, actvprof=,3.301252, id=,S07, PRDE,actvstrat=,-1.000000, actvprof=,0.000000, id=,S08, PRDE,actvstrat=,0.376477, actvprof=,0.000000, id=,S09, PRDE,actvstrat=,1.000000, actvprof=,0.000000, best_B_id=,B08, best_B_prof=,5.717308, best_B_strat=,-1.000000, best_S_id=,S01, best_S_prof=,5.076654, best_S_strat=,1.000000, 
t=,2833200, id=,B00, PRDE,actvstrat=,-1.000000, actvprof=,0.000000, id=,B03, PRDE,actvstrat=,0.253959, actvprof=,0.006416, id=,B05, PRDE,actvstrat=,0.804912, actvprof=,0.974936, id=,B06, PRDE,actvstrat=,1.000000, actvprof=,2.535950, id=,B08, PRDE,actvstrat=,-1.000000, actvprof=,5.544723, id=,S01, PRDE,actvstrat=,1.000000, actvprof=,4.865755, id=,S02, PRDE,actvstrat=,1.000000, actvprof=,3.368342, id=,S07, PRDE,actvstrat=,1.000000, actvprof=,0.000000, id=,S08, PRDE,actvstrat=,0.376477, actvprof=,0.000000, id=,S09, PRDE,actvstrat=,1.000000, actvprof=,0.000000, best_B_id=,B08, best_B_prof=,5.544723, best_B_strat=,-1.000000, best_S_id=,S01, best_S_prof=,4.865755, best_S_strat=,1.000000, 
t=,2836800, id=,B00, PRDE,actvstrat=,-1.000000, actvprof=,0.000000, id=,B03, PRDE,actvstrat=,0.253959, actvprof=,0.018651, id=,B05, PRDE,actvstrat=,0.804912, actvprof=,1.006855, id=,B06, PRDE,actvstrat=,1.000000, actvprof=,2.568635, id=,B08, PRDE,actvstrat=,-1.000000, actvprof=,5.520999, id=,S01, PRDE,actvstrat=,1.000000, actvprof=,4.924180, id=,S02, PRDE,actvstrat=,1.000000, actvprof=,3.279864, id=,S07, PRDE,actvstrat=,1.000000, actvprof=,0.000000, id=,S08, PRDE,actvstrat=,0.376477, actvprof=,0.000000, id=,S09, PRDE,actvstrat=,1.000000, actvprof=,0.000000, best_B_id=,B08, best_B_prof=,5.520999, best_B_strat=,-1.000000, best_S_id=,S01, best_S_prof=,4.924180, best_S_strat=,1.000000, 
t=,2840400, id=,B00, PRDE,actvstrat=,-1.000000, actvprof=,0.000000, id=,B03, PRDE,actvstrat=,1.000000, actvprof=,0.002511, id=,B05, PRDE,actvstrat=,-0.097544, actvprof=,0.527512, id=,B06, PRDE,actvstrat=,-1.000000, actvprof=,3.261873, id=,B08, PRDE,actvstrat=,-1.000000, actvprof=,6.375061, id=,S01, PRDE,actvstrat=,1.000000, actvprof=,4.595300, id=,S02, PRDE,actvstrat=,-1.000000, actvprof=,2.647325, id=,S07, PRDE,actvstrat=,-1.000000, actvprof=,0.000000, id=,S08, PRDE,actvstrat=,1.000000, actvprof=,0.000000, id=,S09, PRDE,actvstrat=,1.000000, actvprof=,0.000000, best_B_id=,B08, best_B_prof=,6.375061, best_B_strat=,-1.000000, best_S_id=,S01, best_S_prof=,4.595300, best_S_strat=,1.000000, 
t=,2844000, id=,B00, PRDE,actvstrat=,-1.000000, actvprof=,0.000000, id=,B03, PRDE,actvstrat=,1.000000, actvprof=,0.005428, id=,B05, PRDE,actvstrat=,-0.097544, actvprof=,0.507467, id=,B06, PRDE,actvstrat=,-1.000000, actvprof=,3.302295, id=,B08, PRDE,actvstrat=,-1.000000, actvprof=,6.444667, id=,S01, PRDE,actvstrat=,1.000000, actvprof=,4.527538, id=,S02, PRDE,actvstrat=,-1.000000, actvprof=,2.606372, id=,S07, PRDE,actvstrat=,-1.000000, actvprof=,0.000000, id=,S08, PRDE,actvstrat=,1.000000, actvprof=,0.000000, id=,S09, PRDE,actvstrat=,1.000000, actvprof=,0.000000, best_B_id=,B08, best_B_prof=,6.444667, best_B_strat=,-1.000000, best_S_id=,S01, best_S_prof=,4.527538, best_S_strat=,1.000000, 
t=,2847600, id=,B00, PRDE,actvstrat=,1.000000, actvprof=,0.000000, id=,B03, PRDE,actvstrat=,-0.492082, actvprof=,0.003906, id=,B05, PRDE,actvstrat=,-1.000000, actvprof=,1.354126, id=,B06, PRDE,actvstrat=,1.000000, actvprof=,2.753445, id=,B08, PRDE,actvstrat=,1.000000, actvprof=,6.033588, id=,S01, PRDE,actvstrat=,1.000000, actvprof=,4.772917, id=,S02, PRDE,actvstrat=,-1.000000, actvprof=,3.225743, id=,S07, PRDE,actvstrat=,1.000000, actvprof=,0.010043, id=,S08, PRDE,actvstrat=,0.376477, actvprof=,0.000000, id=,S09, PRDE,actvstrat=,1.000000, actvprof=,0.000000, best_B_id=,B08, best_B_prof=,6.033588, best_B_strat=,1.000000, best_S_id=,S01, best_S_prof=,4.772917, best_S_strat=,1.000000, 
t=,2851200, id=,B00, PRDE,actvstrat=,1.000000, actvprof=,0.000000, id=,B03, PRDE,actvstrat=,-0.492082, actvprof=,0.003201, id=,B05, PRDE,actvstrat=,-1.000000, actvprof=,1.381566, id=,B06, PRDE,actvstrat=,1.000000, actvprof=,2.774267, id=,B08, PRDE,actvstrat=,1.000000, actvprof=,6.120035, id=,S01, PRDE,actvstrat=,1.000000, actvprof=,4.791916, id=,S02, PRDE,actvstrat=,-1.000000, actvprof=,3.185981, id=,S07, PRDE,actvstrat=,1.000000, actvprof=,0.005985, id=,S08, PRDE,actvstrat=,0.376477, actvprof=,0.000000, id=,S09, PRDE,actvstrat=,1.000000, actvprof=,0.000000, best_B_id=,B08, best_B_prof=,6.120035, best_B_strat=,1.000000, best_S_id=,S01, best_S_prof=,4.791916, best_S_strat=,1.000000, 
t=,2854800, id=,B00, PRDE,actvstrat=,-1.000000, actvprof=,0.000000, id=,B03, PRDE,actvstrat=,1.000000, actvprof=,0.008090, id=,B05, PRDE,actvstrat=,-1.000000, actvprof=,0.984238, id=,B06, PRDE,actvstrat=,1.000000, actvprof=,2.421816, id=,B08, PRDE,actvstrat=,-1.000000, actvprof=,5.470777, id=,S01, PRDE,actvstrat=,1.000000, actvprof=,5.267680, id=,S02, PRDE,actvstrat=,1.000000, actvprof=,3.626726, id=,S07, PRDE,actvstrat=,1.000000, actvprof=,0.000000, id=,S08, PRDE,actvstrat=,1.000000, actvprof=,0.000000, id=,S09, PRDE,actvstrat=,1.000000, actvprof=,0.000000, best_B_id=,B08, best_B_prof=,5.470777, best_B_strat=,-1.000000, best_S_id=,S01, best_S_prof=,5.267680, best_S_strat=,1.000000, 
t=,2858400, id=,B00, PRDE,actvstrat=,-1.000000, actvprof=,0.000000, id=,B03, PRDE,actvstrat=,1.000000, actvprof=,0.007655, id=,B05, PRDE,actvstrat=,-1.000000, actvprof=,0.958870, id=,B06, PRDE,actvstrat=,1.000000, actvprof=,2.362308, id=,B08, PRDE,actvstrat=,-1.000000, actvprof=,5.450345, id=,S01, PRDE,actvstrat=,1.000000, actvprof=,5.332452, id=,S02, PRDE,actvstrat=,1.000000, actvprof=,3.674577, id=,S07, PRDE,actvstrat=,1.000000, actvprof=,0.000000, id=,S08, PRDE,actvstrat=,1.000000, actvprof=,0.000000, id=,S09, PRDE,actvstrat=,1.000000, actvprof=,0.000000, best_B_id=,B08, best_B_prof=,5.450345, best_B_strat=,-1.000000, best_S_id=,S01, best_S_prof=,5.332452, best_S_strat=,1.000000, 
t=,2862000, id=,B00, PRDE,actvstrat=,-1.000000, actvprof=,0.000000, id=,B03, PRDE,actvstrat=,-0.492082, actvprof=,0.005859, id=,B05, PRDE,actvstrat=,-1.000000, actvprof=,1.248483, id=,B06, PRDE,actvstrat=,1.000000, actvprof=,2.741641, id=,B08, PRDE,actvstrat=,-1.000000, actvprof=,5.801331, id=,S01, PRDE,actvstrat=,1.000000, actvprof=,5.016809, id=,S02, PRDE,actvstrat=,-1.000000, actvprof=,3.151757, id=,S07, PRDE,actvstrat=,1.000000, actvprof=,0.000000, id=,S08, PRDE,actvstrat=,0.688239, actvprof=,0.000000, id=,S09, PRDE,actvstrat=,1.000000, actvprof=,0.000000, best_B_id=,B08, best_B_prof=,5.801331, best_B_strat=,-1.000000, best_S_id=,S01, best_S_prof=,5.016809, best_S_strat=,1.000000, 
t=,2865600, id=,B00, PRDE,actvstrat=,-1.000000, actvprof=,0.000000, id=,B03, PRDE,actvstrat=,-0.492082, actvprof=,0.008212, id=,B05, PRDE,actvstrat=,-1.000000, actvprof=,1.214576, id=,B06, PRDE,actvstrat=,1.000000, actvprof=,2.695980, id=,B08, PRDE,actvstrat=,-1.000000, actvprof=,5.757335, id=,S01, PRDE,actvstrat=,1.000000, actvprof=,5.049552, id=,S02, PRDE,actvstrat=,-1.000000, actvprof=,3.211124, id=,S07, PRDE,actvstrat=,1.000000, actvprof=,0.000000, id=,S08, PRDE,actvstrat=,0.688239, actvprof=,0.000000, id=,S09, PRDE,actvstrat=,1.000000, actvprof=,0.000000, best_B_id=,B08, best_B_prof=,5.757335, best_B_strat=,-1.000000, best_S_id=,S01, best_S_prof=,5.049552, best_S_strat=,1.000000, 
t=,2869200, id=,B00, PRDE,actvstrat=,1.000000, actvprof=,0.000000, id=,B03, PRDE,actvstrat=,0.253959, actvprof=,0.006138, id=,B05, PRDE,actvstrat=,-1.000000, actvprof=,1.193522, id=,B06, PRDE,actvstrat=,1.000000, actvprof=,2.701745, id=,B08, PRDE,actvstrat=,-1.000000, actvprof=,5.545217, id=,S01, PRDE,actvstrat=,0.917814, actvprof=,4.776877, id=,S02, PRDE,actvstrat=,-1.000000, actvprof=,3.271165, id=,S07, PRDE,actvstrat=,-1.000000, actvprof=,0.000000, id=,S08, PRDE,actvstrat=,1.000000, actvprof=,0.000000, id=,S09, PRDE,actvstrat=,1.000000, actvprof=,0.000000, best_B_id=,B08, best_B_prof=,5.545217, best_B_strat=,-1.000000, best_S_id=,S01, best_S_prof=,4.776877, best_S_strat=,0.917814, 
t=,2872800, id=,B00, PRDE,actvstrat=,1.000000, actvprof=,0.000000, id=,B03, PRDE,actvstrat=,0.253959, actvprof=,0.004733, id=,B05, PRDE,actvstrat=,-1.000000, actvprof=,1.145136, id=,B06, PRDE,actvstrat=,1.000000, actvprof=,2.631432, id=,B08, PRDE,actvstrat=,-1.000000, actvprof=,5.534708, id=,S01, PRDE,actvstrat=,0.917814, actvprof=,4.859485, id=,S02, PRDE,actvstrat=,-1.000000, actvprof=,3.332823, id=,S07, PRDE,actvstrat=,-1.000000, actvprof=,0.000000, id=,S08, PRDE,actvstrat=,1.000000, actvprof=,0.000000, id=,S09, PRDE,actvstrat=,1.000000, actvprof=,0.000000, best_B_id=,B08, best_B_prof=,5.534708, best_B_strat=,-1.000000, best_S_id=,S01, best_S_prof=,4.859485, best_S_strat=,0.917814, 
t=,2876400, id=,B00, PRDE,actvstrat=,1.000000, actvprof=,0.000000, id=,B03, PRDE,actvstrat=,-1.000000, actvprof=,0.012555, id=,B05, PRDE,actvstrat=,-1.000000, actvprof=,0.934658, id=,B06, PRDE,actvstrat=,1.000000, actvprof=,2.318509, id=,B08, PRDE,actvstrat=,-1.000000, actvprof=,5.160705, id=,S01, PRDE,actvstrat=,1.000000, actvprof=,5.408459, id=,S02, PRDE,actvstrat=,0.994032, actvprof=,3.659394, id=,S07, PRDE,actvstrat=,1.000000, actvprof=,0.000000, id=,S08, PRDE,actvstrat=,1.000000, actvprof=,0.000000, id=,S09, PRDE,actvstrat=,1.000000, actvprof=,0.000000, best_B_id=,B08, best_B_prof=,5.160705, best_B_strat=,-1.000000, best_S_id=,S01, best_S_prof=,5.408459, best_S_strat=,1.000000, 
t=,2880000, id=,B00, PRDE,actvstrat=,1.000000, actvprof=,0.000000, id=,B03, PRDE,actvstrat=,-1.000000, actvprof=,0.015590, id=,B05, PRDE,actvstrat=,-1.000000, actvprof=,0.930229, id=,B06, PRDE,actvstrat=,1.000000, actvprof=,2.293211, id=,B08, PRDE,actvstrat=,-1.000000, actvprof=,5.178690, id=,S01, PRDE,actvstrat=,1.000000, actvprof=,5.387758, id=,S02, PRDE,actvstrat=,0.994032, actvprof=,3.718412, id=,S07, PRDE,actvstrat=,1.000000, actvprof=,0.000000, id=,S08, PRDE,actvstrat=,1.000000, actvprof=,0.000000, id=,S09, PRDE,actvstrat=,1.000000, actvprof=,0.000000, best_B_id=,B08, best_B_prof=,5.178690, best_B_strat=,-1.000000, best_S_id=,S01, best_S_prof=,5.387758, best_S_strat=,1.000000, 
t=,2883600, id=,B00, PRDE,actvstrat=,1.000000, actvprof=,0.000000, id=,B03, PRDE,actvstrat=,1.000000, actvprof=,0.000837, id=,B05, PRDE,actvstrat=,-1.000000, actvprof=,1.166804, id=,B06, PRDE,actvstrat=,1.000000, actvprof=,2.674553, id=,B08, PRDE,actvstrat=,-1.000000, actvprof=,5.796632, id=,S01, PRDE,actvstrat=,1.000000, actvprof=,5.175565, id=,S02, PRDE,actvstrat=,-1.000000, actvprof=,3.276928, id=,S07, PRDE,actvstrat=,1.000000, actvprof=,0.000000, id=,S08, PRDE,actvstrat=,1.000000, actvprof=,0.000000, id=,S09, PRDE,actvstrat=,1.000000, actvprof=,0.000000, best_B_id=,B08, best_B_prof=,5.796632, best_B_strat=,-1.000000, best_S_id=,S01, best_S_prof=,5.175565, best_S_strat=,1.000000, 
t=,2887200, id=,B00, PRDE,actvstrat=,1.000000, actvprof=,0.000000, id=,B03, PRDE,actvstrat=,1.000000, actvprof=,0.003062, id=,B05, PRDE,actvstrat=,-1.000000, actvprof=,1.184135, id=,B06, PRDE,actvstrat=,1.000000, actvprof=,2.668931, id=,B08, PRDE,actvstrat=,-1.000000, actvprof=,5.808760, id=,S01, PRDE,actvstrat=,1.000000, actvprof=,5.105406, id=,S02, PRDE,actvstrat=,-1.000000, actvprof=,3.295171, id=,S07, PRDE,actvstrat=,1.000000, actvprof=,0.000000, id=,S08, PRDE,actvstrat=,1.000000, actvprof=,0.000000, id=,S09, PRDE,actvstrat=,1.000000, actvprof=,0.000000, best_B_id=,B08, best_B_prof=,5.808760, best_B_strat=,-1.000000, best_S_id=,S01, best_S_prof=,5.105406, best_S_strat=,1.000000, 
t=,2890800, id=,B00, PRDE,actvstrat=,-1.000000, actvprof=,0.000000, id=,B03, PRDE,actvstrat=,1.000000, actvprof=,0.004185, id=,B05, PRDE,actvstrat=,1.000000, actvprof=,1.159040, id=,B06, PRDE,actvstrat=,1.000000, actvprof=,2.695313, id=,B08, PRDE,actvstrat=,1.000000, actvprof=,6.005022, id=,S01, PRDE,actvstrat=,1.000000, actvprof=,4.682478, id=,S02, PRDE,actvstrat=,-1.000000, actvprof=,3.204520, id=,S07, PRDE,actvstrat=,-1.000000, actvprof=,0.002511, id=,S08, PRDE,actvstrat=,1.000000, actvprof=,0.000000, id=,S09, PRDE,actvstrat=,1.000000, actvprof=,0.000000, best_B_id=,B08, best_B_prof=,6.005022, best_B_strat=,1.000000, best_S_id=,S01, best_S_prof=,4.682478, best_S_strat=,1.000000, 
t=,2894400, id=,B00, PRDE,actvstrat=,-1.000000, actvprof=,0.000000, id=,B03, PRDE,actvstrat=,1.000000, actvprof=,0.005289, id=,B05, PRDE,actvstrat=,1.000000, actvprof=,1.205022, id=,B06, PRDE,actvstrat=,1.000000, actvprof=,2.759984, id=,B08, PRDE,actvstrat=,1.000000, actvprof=,6.029844, id=,S01, PRDE,actvstrat=,1.000000, actvprof=,4.638298, id=,S02, PRDE,actvstrat=,-1.000000, actvprof=,3.147924, id=,S07, PRDE,actvstrat=,-1.000000, actvprof=,0.001253, id=,S08, PRDE,actvstrat=,1.000000, actvprof=,0.000000, id=,S09, PRDE,actvstrat=,1.000000, actvprof=,0.000000, best_B_id=,B08, best_B_prof=,6.029844, best_B_strat=,1.000000, best_S_id=,S01, best_S_prof=,4.638298, best_S_strat=,1.000000, 
t=,2898000, id=,B00, PRDE,actvstrat=,1.000000, actvprof=,0.000000, id=,B03, PRDE,actvstrat=,1.000000, actvprof=,0.000837, id=,B05, PRDE,actvstrat=,1.000000, actvprof=,0.991643, id=,B06, PRDE,actvstrat=,1.000000, actvprof=,2.582625, id=,B08, PRDE,actvstrat=,-1.000000, actvprof=,5.713528, id=,S01, PRDE,actvstrat=,1.000000, actvprof=,5.123118, id=,S02, PRDE,actvstrat=,-1.000000, actvprof=,3.433642, id=,S07, PRDE,actvstrat=,1.000000, actvprof=,0.000000, id=,S08, PRDE,actvstrat=,1.000000, actvprof=,0.000000, id=,S09, PRDE,actvstrat=,1.000000, actvprof=,0.000000, best_B_id=,B08, best_B_prof=,5.713528, best_B_strat=,-1.000000, best_S_id=,S01, best_S_prof=,5.123118, best_S_strat=,1.000000, 
t=,2901600, id=,B00, PRDE,actvstrat=,1.000000, actvprof=,0.000000, id=,B03, PRDE,actvstrat=,1.000000, actvprof=,0.002227, id=,B05, PRDE,actvstrat=,1.000000, actvprof=,1.005018, id=,B06, PRDE,actvstrat=,1.000000, actvprof=,2.597596, id=,B08, PRDE,actvstrat=,-1.000000, actvprof=,5.674872, id=,S01, PRDE,actvstrat=,1.000000, actvprof=,5.116266, id=,S02, PRDE,actvstrat=,-1.000000, actvprof=,3.411911, id=,S07, PRDE,actvstrat=,1.000000, actvprof=,0.000000, id=,S08, PRDE,actvstrat=,1.000000, actvprof=,0.000000, id=,S09, PRDE,actvstrat=,1.000000, actvprof=,0.000000, best_B_id=,B08, best_B_prof=,5.674872, best_B_strat=,-1.000000, best_S_id=,S01, best_S_prof=,5.116266, best_S_strat=,1.000000, 
t=,2905200, id=,B00, PRDE,actvstrat=,-1.000000, actvprof=,0.000000, id=,B03, PRDE,actvstrat=,0.523755, actvprof=,0.012556, id=,B05, PRDE,actvstrat=,-1.000000, actvprof=,1.069754, id=,B06, PRDE,actvstrat=,1.000000, actvprof=,2.412388, id=,B08, PRDE,actvstrat=,-1.000000, actvprof=,5.324777, id=,S01, PRDE,actvstrat=,1.000000, actvprof=,5.212612, id=,S02, PRDE,actvstrat=,1.000000, actvprof=,3.577288, id=,S07, PRDE,actvstrat=,1.000000, actvprof=,0.000000, id=,S08, PRDE,actvstrat=,0.064716, actvprof=,0.000000, id=,S09, PRDE,actvstrat=,1.000000, actvprof=,0.000000, best_B_id=,B08, best_B_prof=,5.324777, best_B_strat=,-1.000000, best_S_id=,S01, best_S_prof=,5.212612, best_S_strat=,1.000000, 
t=,2908800, id=,B00, PRDE,actvstrat=,-1.000000, actvprof=,0.000000, id=,B03, PRDE,actvstrat=,0.523755, actvprof=,0.015312, id=,B05, PRDE,actvstrat=,-1.000000, actvprof=,1.092149, id=,B06, PRDE,actvstrat=,1.000000, actvprof=,2.462834, id=,B08, PRDE,actvstrat=,-1.000000, actvprof=,5.349388, id=,S01, PRDE,actvstrat=,1.000000, actvprof=,5.181793, id=,S02, PRDE,actvstrat=,1.000000, actvprof=,3.545379, id=,S07, PRDE,actvstrat=,1.000000, actvprof=,0.000000, id=,S08, PRDE,actvstrat=,0.064716, actvprof=,0.000000, id=,S09, PRDE,actvstrat=,1.000000, actvprof=,0.000000, best_B_id=,B08, best_B_prof=,5.349388, best_B_strat=,-1.000000, best_S_id=,S01, best_S_prof=,5.181793, best_S_strat=,1.000000, 
t=,2912400, id=,B00, PRDE,actvstrat=,-1.000000, actvprof=,0.000000, id=,B03, PRDE,actvstrat=,0.626980, actvprof=,0.019811, id=,B05, PRDE,actvstrat=,0.804912, actvprof=,0.911869, id=,B06, PRDE,actvstrat=,1.000000, actvprof=,2.500942, id=,B08, PRDE,actvstrat=,-1.000000, actvprof=,5.516693, id=,S01, PRDE,actvstrat=,1.000000, actvprof=,4.916221, id=,S02, PRDE,actvstrat=,0.994032, actvprof=,3.370119, id=,S07, PRDE,actvstrat=,-1.000000, actvprof=,0.000000, id=,S08, PRDE,actvstrat=,1.000000, actvprof=,0.000000, id=,S09, PRDE,actvstrat=,-1.000000, actvprof=,0.000000, best_B_id=,B08, best_B_prof=,5.516693, best_B_strat=,-1.000000, best_S_id=,S01, best_S_prof=,4.916221, best_S_strat=,1.000000, 
t=,2916000, id=,B00, PRDE,actvstrat=,-1.000000, actvprof=,0.000000, id=,B03, PRDE,actvstrat=,0.626980, actvprof=,0.026587, id=,B05, PRDE,actvstrat=,0.804912, actvprof=,0.891444, id=,B06, PRDE,actvstrat=,1.000000, actvprof=,2.518148, id=,B08, PRDE,actvstrat=,-1.000000, actvprof=,5.479791, id=,S01, PRDE,actvstrat=,1.000000, actvprof=,4.981312, id=,S02, PRDE,actvstrat=,0.994032, actvprof=,3.372982, id=,S07, PRDE,actvstrat=,-1.000000, actvprof=,0.000000, id=,S08, PRDE,actvstrat=,1.000000, actvprof=,0.000000, id=,S09, PRDE,actvstrat=,-1.000000, actvprof=,0.000000, best_B_id=,B08, best_B_prof=,5.479791, best_B_strat=,-1.000000, best_S_id=,S01, best_S_prof=,4.981312, best_S_strat=,1.000000, 
t=,2919600, id=,B00, PRDE,actvstrat=,-1.000000, actvprof=,0.000000, id=,B03, PRDE,actvstrat=,-1.000000, actvprof=,0.020090, id=,B05, PRDE,actvstrat=,-1.000000, actvprof=,1.165802, id=,B06, PRDE,actvstrat=,1.000000, actvprof=,2.431218, id=,B08, PRDE,actvstrat=,1.000000, actvprof=,5.771248, id=,S01, PRDE,actvstrat=,1.000000, actvprof=,5.056086, id=,S02, PRDE,actvstrat=,1.000000, actvprof=,3.357330, id=,S07, PRDE,actvstrat=,1.000000, actvprof=,0.004186, id=,S08, PRDE,actvstrat=,-0.558807, actvprof=,0.000000, id=,S09, PRDE,actvstrat=,1.000000, actvprof=,0.000000, best_B_id=,B08, best_B_prof=,5.771248, best_B_strat=,1.000000, best_S_id=,S01, best_S_prof=,5.056086, best_S_strat=,1.000000, 
t=,2923200, id=,B00, PRDE,actvstrat=,-1.000000, actvprof=,0.000000, id=,B03, PRDE,actvstrat=,-1.000000, actvprof=,0.022968, id=,B05, PRDE,actvstrat=,-1.000000, actvprof=,1.180573, id=,B06, PRDE,actvstrat=,1.000000, actvprof=,2.449539, id=,B08, PRDE,actvstrat=,1.000000, actvprof=,5.783986, id=,S01, PRDE,actvstrat=,1.000000, actvprof=,5.032434, id=,S02, PRDE,actvstrat=,1.000000, actvprof=,3.348228, id=,S07, PRDE,actvstrat=,1.000000, actvprof=,0.005568, id=,S08, PRDE,actvstrat=,-0.558807, actvprof=,0.000000, id=,S09, PRDE,actvstrat=,1.000000, actvprof=,0.000000, best_B_id=,B08, best_B_prof=,5.783986, best_B_strat=,1.000000, best_S_id=,S01, best_S_prof=,5.032434, best_S_strat=,1.000000, 
t=,2926800, id=,B00, PRDE,actvstrat=,-0.953787, actvprof=,0.000000, id=,B03, PRDE,actvstrat=,-1.000000, actvprof=,0.018137, id=,B05, PRDE,actvstrat=,-0.904423, actvprof=,0.095152, id=,B06, PRDE,actvstrat=,1.000000, actvprof=,3.479037, id=,B08, PRDE,actvstrat=,-1.000000, actvprof=,6.461946, id=,S01, PRDE,actvstrat=,1.000000, actvprof=,4.299686, id=,S02, PRDE,actvstrat=,1.000000, actvprof=,2.559888, id=,S07, PRDE,actvstrat=,1.000000, actvprof=,0.000000, id=,S08, PRDE,actvstrat=,-0.558807, actvprof=,0.000000, id=,S09, PRDE,actvstrat=,-1.000000, actvprof=,0.000000, best_B_id=,B08, best_B_prof=,6.461946, best_B_strat=,-1.000000, best_S_id=,S01, best_S_prof=,4.299686, best_S_strat=,1.000000, 
t=,2930400, id=,B00, PRDE,actvstrat=,-0.953787, actvprof=,0.000000, id=,B03, PRDE,actvstrat=,-1.000000, actvprof=,0.013224, id=,B05, PRDE,actvstrat=,-0.904423, actvprof=,0.108857, id=,B06, PRDE,actvstrat=,1.000000, actvprof=,3.498730, id=,B08, PRDE,actvstrat=,-1.000000, actvprof=,6.361719, id=,S01, PRDE,actvstrat=,1.000000, actvprof=,4.275622, id=,S02, PRDE,actvstrat=,1.000000, actvprof=,2.567461, id=,S07, PRDE,actvstrat=,1.000000, actvprof=,0.000000, id=,S08, PRDE,actvstrat=,-0.558807, actvprof=,0.000000, id=,S09, PRDE,actvstrat=,-1.000000, actvprof=,0.000000, best_B_id=,B08, best_B_prof=,6.361719, best_B_strat=,-1.000000, best_S_id=,S01, best_S_prof=,4.275622, best_S_strat=,1.000000, 
t=,2934000, id=,B00, PRDE,actvstrat=,-1.000000, actvprof=,0.000000, id=,B03, PRDE,actvstrat=,-1.000000, actvprof=,0.016184, id=,B05, PRDE,actvstrat=,-1.000000, actvprof=,1.225498, id=,B06, PRDE,actvstrat=,1.000000, actvprof=,2.484758, id=,B08, PRDE,actvstrat=,1.000000, actvprof=,5.790421, id=,S01, PRDE,actvstrat=,1.000000, actvprof=,4.922639, id=,S02, PRDE,actvstrat=,1.000000, actvprof=,3.375141, id=,S07, PRDE,actvstrat=,-1.000000, actvprof=,0.000000, id=,S08, PRDE,actvstrat=,0.064716, actvprof=,0.000000, id=,S09, PRDE,actvstrat=,1.000000, actvprof=,0.000000, best_B_id=,B08, best_B_prof=,5.790421, best_B_strat=,1.000000, best_S_id=,S01, best_S_prof=,4.922639, best_S_strat=,1.000000, 
t=,2937600, id=,B00, PRDE,actvstrat=,-1.000000, actvprof=,0.000000, id=,B03, PRDE,actvstrat=,-1.000000, actvprof=,0.012946, id=,B05, PRDE,actvstrat=,-1.000000, actvprof=,1.151921, id=,B06, PRDE,actvstrat=,1.000000, actvprof=,2.400173, id=,B08, PRDE,actvstrat=,1.000000, actvprof=,5.694459, id=,S01, PRDE,actvstrat=,1.000000, actvprof=,5.067758, id=,S02, PRDE,actvstrat=,1.000000, actvprof=,3.456599, id=,S07, PRDE,actvstrat=,-1.000000, actvprof=,0.000000, id=,S08, PRDE,actvstrat=,0.064716, actvprof=,0.000000, id=,S09, PRDE,actvstrat=,1.000000, actvprof=,0.000000, best_B_id=,B08, best_B_prof=,5.694459, best_B_strat=,1.000000, best_S_id=,S01, best_S_prof=,5.067758, best_S_strat=,1.000000, 
t=,2941200, id=,B00, PRDE,actvstrat=,-1.000000, actvprof=,0.000000, id=,B03, PRDE,actvstrat=,0.523755, actvprof=,0.026510, id=,B05, PRDE,actvstrat=,-1.000000, actvprof=,1.294787, id=,B06, PRDE,actvstrat=,1.000000, actvprof=,2.485769, id=,B08, PRDE,actvstrat=,1.000000, actvprof=,5.833519, id=,S01, PRDE,actvstrat=,1.000000, actvprof=,4.863266, id=,S02, PRDE,actvstrat=,1.000000, actvprof=,3.279942, id=,S07, PRDE,actvstrat=,1.000000, actvprof=,0.003907, id=,S08, PRDE,actvstrat=,0.376477, actvprof=,0.000000, id=,S09, PRDE,actvstrat=,1.000000, actvprof=,0.000000, best_B_id=,B08, best_B_prof=,5.833519, best_B_strat=,1.000000, best_S_id=,S01, best_S_prof=,4.863266, best_S_strat=,1.000000, 
t=,2944800, id=,B00, PRDE,actvstrat=,-1.000000, actvprof=,0.000000, id=,B03, PRDE,actvstrat=,0.523755, actvprof=,0.023665, id=,B05, PRDE,actvstrat=,-1.000000, actvprof=,1.321343, id=,B06, PRDE,actvstrat=,1.000000, actvprof=,2.539117, id=,B08, PRDE,actvstrat=,1.000000, actvprof=,5.878529, id=,S01, PRDE,actvstrat=,1.000000, actvprof=,4.819311, id=,S02, PRDE,actvstrat=,1.000000, actvprof=,3.218581, id=,S07, PRDE,actvstrat=,1.000000, actvprof=,0.002923, id=,S08, PRDE,actvstrat=,0.376477, actvprof=,0.000000, id=,S09, PRDE,actvstrat=,1.000000, actvprof=,0.000000, best_B_id=,B08, best_B_prof=,5.878529, best_B_strat=,1.000000, best_S_id=,S01, best_S_prof=,4.819311, best_S_strat=,1.000000, 
t=,2948400, id=,B00, PRDE,actvstrat=,-1.000000, actvprof=,0.000000, id=,B03, PRDE,actvstrat=,-1.000000, actvprof=,0.011441, id=,B05, PRDE,actvstrat=,-1.000000, actvprof=,0.932874, id=,B06, PRDE,actvstrat=,1.000000, actvprof=,2.328138, id=,B08, PRDE,actvstrat=,-1.000000, actvprof=,5.282192, id=,S01, PRDE,actvstrat=,1.000000, actvprof=,5.389907, id=,S02, PRDE,actvstrat=,1.000000, actvprof=,3.639129, id=,S07, PRDE,actvstrat=,1.000000, actvprof=,0.000000, id=,S08, PRDE,actvstrat=,1.000000, actvprof=,0.000000, id=,S09, PRDE,actvstrat=,1.000000, actvprof=,0.000000, best_B_id=,B08, best_B_prof=,5.282192, best_B_strat=,-1.000000, best_S_id=,S01, best_S_prof=,5.389907, best_S_strat=,1.000000, 
t=,2952000, id=,B00, PRDE,actvstrat=,-1.000000, actvprof=,0.000000, id=,B03, PRDE,actvstrat=,-1.000000, actvprof=,0.015730, id=,B05, PRDE,actvstrat=,-1.000000, actvprof=,0.976258, id=,B06, PRDE,actvstrat=,1.000000, actvprof=,2.363316, id=,B08, PRDE,actvstrat=,-1.000000, actvprof=,5.262161, id=,S01, PRDE,actvstrat=,1.000000, actvprof=,5.313946, id=,S02, PRDE,actvstrat=,1.000000, actvprof=,3.607826, id=,S07, PRDE,actvstrat=,1.000000, actvprof=,0.000000, id=,S08, PRDE,actvstrat=,1.000000, actvprof=,0.000000, id=,S09, PRDE,actvstrat=,1.000000, actvprof=,0.000000, best_B_id=,B08, best_B_prof=,5.262161, best_B_strat=,-1.000000, best_S_id=,S01, best_S_prof=,5.313946, best_S_strat=,1.000000, 
t=,2955600, id=,B00, PRDE,actvstrat=,-1.000000, actvprof=,0.000000, id=,B03, PRDE,actvstrat=,-0.492082, actvprof=,0.000000, id=,B05, PRDE,actvstrat=,-1.000000, actvprof=,0.377564, id=,B06, PRDE,actvstrat=,1.000000, actvprof=,1.694712, id=,B08, PRDE,actvstrat=,-1.000000, actvprof=,4.591042, id=,S01, PRDE,actvstrat=,-0.335775, actvprof=,0.635133, id=,S02, PRDE,actvstrat=,1.000000, actvprof=,4.420539, id=,S07, PRDE,actvstrat=,1.000000, actvprof=,0.000000, id=,S08, PRDE,actvstrat=,1.000000, actvprof=,0.000000, id=,S09, PRDE,actvstrat=,1.000000, actvprof=,0.000000, best_B_id=,B08, best_B_prof=,4.591042, best_B_strat=,-1.000000, best_S_id=,S02, best_S_prof=,4.420539, best_S_strat=,1.000000, 
t=,2959200, id=,B00, PRDE,actvstrat=,-1.000000, actvprof=,0.000000, id=,B03, PRDE,actvstrat=,-0.492082, actvprof=,0.000000, id=,B05, PRDE,actvstrat=,-1.000000, actvprof=,0.373912, id=,B06, PRDE,actvstrat=,1.000000, actvprof=,1.686504, id=,B08, PRDE,actvstrat=,-1.000000, actvprof=,4.594139, id=,S01, PRDE,actvstrat=,-0.335775, actvprof=,0.632143, id=,S02, PRDE,actvstrat=,1.000000, actvprof=,4.396882, id=,S07, PRDE,actvstrat=,1.000000, actvprof=,0.000000, id=,S08, PRDE,actvstrat=,1.000000, actvprof=,0.000000, id=,S09, PRDE,actvstrat=,1.000000, actvprof=,0.000000, best_B_id=,B08, best_B_prof=,4.594139, best_B_strat=,-1.000000, best_S_id=,S02, best_S_prof=,4.396882, best_S_strat=,1.000000, 
t=,2962800, id=,B00, PRDE,actvstrat=,-1.000000, actvprof=,0.000000, id=,B03, PRDE,actvstrat=,1.000000, actvprof=,0.013395, id=,B05, PRDE,actvstrat=,-0.000037, actvprof=,0.534959, id=,B06, PRDE,actvstrat=,-1.000000, actvprof=,3.073016, id=,B08, PRDE,actvstrat=,1.000000, actvprof=,6.444627, id=,S01, PRDE,actvstrat=,1.000000, actvprof=,4.684871, id=,S02, PRDE,actvstrat=,0.994032, actvprof=,2.919254, id=,S07, PRDE,actvstrat=,-1.000000, actvprof=,0.000000, id=,S08, PRDE,actvstrat=,-1.000000, actvprof=,0.000000, id=,S09, PRDE,actvstrat=,1.000000, actvprof=,0.000000, best_B_id=,B08, best_B_prof=,6.444627, best_B_strat=,1.000000, best_S_id=,S01, best_S_prof=,4.684871, best_S_strat=,1.000000, 
t=,2966400, id=,B00, PRDE,actvstrat=,-1.000000, actvprof=,0.000000, id=,B03, PRDE,actvstrat=,1.000000, actvprof=,0.010998, id=,B05, PRDE,actvstrat=,-0.000037, actvprof=,0.526488, id=,B06, PRDE,actvstrat=,-1.000000, actvprof=,3.033501, id=,B08, PRDE,actvstrat=,1.000000, actvprof=,6.407506, id=,S01, PRDE,actvstrat=,1.000000, actvprof=,4.670597, id=,S02, PRDE,actvstrat=,0.994032, actvprof=,2.922134, id=,S07, PRDE,actvstrat=,-1.000000, actvprof=,0.000000, id=,S08, PRDE,actvstrat=,-1.000000, actvprof=,0.000000, id=,S09, PRDE,actvstrat=,1.000000, actvprof=,0.000000, best_B_id=,B08, best_B_prof=,6.407506, best_B_strat=,1.000000, best_S_id=,S01, best_S_prof=,4.670597, best_S_strat=,1.000000, 
t=,2970000, id=,B00, PRDE,actvstrat=,-1.000000, actvprof=,0.000000, id=,B03, PRDE,actvstrat=,1.000000, actvprof=,0.005023, id=,B05, PRDE,actvstrat=,-0.000037, actvprof=,0.877379, id=,B06, PRDE,actvstrat=,1.000000, actvprof=,3.413797, id=,B08, PRDE,actvstrat=,1.000000, actvprof=,6.679690, id=,S01, PRDE,actvstrat=,1.000000, actvprof=,4.029692, id=,S02, PRDE,actvstrat=,-1.000000, actvprof=,2.445164, id=,S07, PRDE,actvstrat=,1.000000, actvprof=,0.002512, id=,S08, PRDE,actvstrat=,0.688239, actvprof=,0.000000, id=,S09, PRDE,actvstrat=,-1.000000, actvprof=,0.000000, best_B_id=,B08, best_B_prof=,6.679690, best_B_strat=,1.000000, best_S_id=,S01, best_S_prof=,4.029692, best_S_strat=,1.000000, 
t=,2973600, id=,B00, PRDE,actvstrat=,-1.000000, actvprof=,0.000000, id=,B03, PRDE,actvstrat=,1.000000, actvprof=,0.008074, id=,B05, PRDE,actvstrat=,-0.000037, actvprof=,0.888153, id=,B06, PRDE,actvstrat=,1.000000, actvprof=,3.475906, id=,B08, PRDE,actvstrat=,1.000000, actvprof=,6.787825, id=,S01, PRDE,actvstrat=,1.000000, actvprof=,4.001002, id=,S02, PRDE,actvstrat=,-1.000000, actvprof=,2.382560, id=,S07, PRDE,actvstrat=,1.000000, actvprof=,0.001949, id=,S08, PRDE,actvstrat=,0.688239, actvprof=,0.000000, id=,S09, PRDE,actvstrat=,-1.000000, actvprof=,0.000000, best_B_id=,B08, best_B_prof=,6.787825, best_B_strat=,1.000000, best_S_id=,S01, best_S_prof=,4.001002, best_S_strat=,1.000000, 
t=,2977200, id=,B00, PRDE,actvstrat=,0.276414, actvprof=,0.000000, id=,B03, PRDE,actvstrat=,0.015837, actvprof=,0.003349, id=,B05, PRDE,actvstrat=,0.999926, actvprof=,1.061297, id=,B06, PRDE,actvstrat=,1.000000, actvprof=,2.626872, id=,B08, PRDE,actvstrat=,-1.000000, actvprof=,5.540904, id=,S01, PRDE,actvstrat=,1.000000, actvprof=,4.934489, id=,S02, PRDE,actvstrat=,-1.000000, actvprof=,3.319519, id=,S07, PRDE,actvstrat=,-1.000000, actvprof=,0.000000, id=,S08, PRDE,actvstrat=,1.000000, actvprof=,0.000000, id=,S09, PRDE,actvstrat=,1.000000, actvprof=,0.000000, best_B_id=,B08, best_B_prof=,5.540904, best_B_strat=,-1.000000, best_S_id=,S01, best_S_prof=,4.934489, best_S_strat=,1.000000, 
t=,2980800, id=,B00, PRDE,actvstrat=,0.276414, actvprof=,0.000000, id=,B03, PRDE,actvstrat=,0.015837, actvprof=,0.004733, id=,B05, PRDE,actvstrat=,0.999926, actvprof=,1.061900, id=,B06, PRDE,actvstrat=,1.000000, actvprof=,2.652244, id=,B08, PRDE,actvstrat=,-1.000000, actvprof=,5.640683, id=,S01, PRDE,actvstrat=,1.000000, actvprof=,4.947692, id=,S02, PRDE,actvstrat=,-1.000000, actvprof=,3.308763, id=,S07, PRDE,actvstrat=,-1.000000, actvprof=,0.000000, id=,S08, PRDE,actvstrat=,1.000000, actvprof=,0.000000, id=,S09, PRDE,actvstrat=,1.000000, actvprof=,0.000000, best_B_id=,B08, best_B_prof=,5.640683, best_B_strat=,-1.000000, best_S_id=,S01, best_S_prof=,4.947692, best_S_strat=,1.000000, 
t=,2984400, id=,B00, PRDE,actvstrat=,-1.000000, actvprof=,0.000000, id=,B03, PRDE,actvstrat=,1.000000, actvprof=,0.009768, id=,B05, PRDE,actvstrat=,-1.000000, actvprof=,1.182463, id=,B06, PRDE,actvstrat=,1.000000, actvprof=,2.479906, id=,B08, PRDE,actvstrat=,1.000000, actvprof=,5.713887, id=,S01, PRDE,actvstrat=,1.000000, actvprof=,5.066421, id=,S02, PRDE,actvstrat=,0.994032, actvprof=,3.406731, id=,S07, PRDE,actvstrat=,-1.000000, actvprof=,0.000000, id=,S08, PRDE,actvstrat=,0.688239, actvprof=,0.000000, id=,S09, PRDE,actvstrat=,1.000000, actvprof=,0.000000, best_B_id=,B08, best_B_prof=,5.713887, best_B_strat=,1.000000, best_S_id=,S01, best_S_prof=,5.066421, best_S_strat=,1.000000, 
t=,2988000, id=,B00, PRDE,actvstrat=,-1.000000, actvprof=,0.000000, id=,B03, PRDE,actvstrat=,1.000000, actvprof=,0.007796, id=,B05, PRDE,actvstrat=,-1.000000, actvprof=,1.175652, id=,B06, PRDE,actvstrat=,1.000000, actvprof=,2.417847, id=,B08, PRDE,actvstrat=,1.000000, actvprof=,5.682804, id=,S01, PRDE,actvstrat=,1.000000, actvprof=,5.132774, id=,S02, PRDE,actvstrat=,0.994032, actvprof=,3.415028, id=,S07, PRDE,actvstrat=,-1.000000, actvprof=,0.000000, id=,S08, PRDE,actvstrat=,0.688239, actvprof=,0.000000, id=,S09, PRDE,actvstrat=,1.000000, actvprof=,0.000000, best_B_id=,B08, best_B_prof=,5.682804, best_B_strat=,1.000000, best_S_id=,S01, best_S_prof=,5.132774, best_S_strat=,1.000000, 
t=,2991600, id=,B00, PRDE,actvstrat=,-1.000000, actvprof=,0.000000, id=,B03, PRDE,actvstrat=,0.015837, actvprof=,0.012559, id=,B05, PRDE,actvstrat=,-1.000000, actvprof=,1.079776, id=,B06, PRDE,actvstrat=,-1.000000, actvprof=,2.485802, id=,B08, PRDE,actvstrat=,-1.000000, actvprof=,5.498793, id=,S01, PRDE,actvstrat=,1.000000, actvprof=,5.175893, id=,S02, PRDE,actvstrat=,1.000000, actvprof=,3.564182, id=,S07, PRDE,actvstrat=,-1.000000, actvprof=,0.000000, id=,S08, PRDE,actvstrat=,1.000000, actvprof=,0.000000, id=,S09, PRDE,actvstrat=,1.000000, actvprof=,0.000000, best_B_id=,B08, best_B_prof=,5.498793, best_B_strat=,-1.000000, best_S_id=,S01, best_S_prof=,5.175893, best_S_strat=,1.000000, 
t=,2995200, id=,B00, PRDE,actvstrat=,-1.000000, actvprof=,0.000000, id=,B03, PRDE,actvstrat=,0.015837, actvprof=,0.010859, id=,B05, PRDE,actvstrat=,-1.000000, actvprof=,1.081683, id=,B06, PRDE,actvstrat=,-1.000000, actvprof=,2.541607, id=,B08, PRDE,actvstrat=,-1.000000, actvprof=,5.524797, id=,S01, PRDE,actvstrat=,1.000000, actvprof=,5.173842, id=,S02, PRDE,actvstrat=,1.000000, actvprof=,3.524867, id=,S07, PRDE,actvstrat=,-1.000000, actvprof=,0.000000, id=,S08, PRDE,actvstrat=,1.000000, actvprof=,0.000000, id=,S09, PRDE,actvstrat=,1.000000, actvprof=,0.000000, best_B_id=,B08, best_B_prof=,5.524797, best_B_strat=,-1.000000, best_S_id=,S01, best_S_prof=,5.173842, best_S_strat=,1.000000, 
t=,2998800, id=,B00, PRDE,actvstrat=,-1.000000, actvprof=,0.000000, id=,B03, PRDE,actvstrat=,-1.000000, actvprof=,0.013117, id=,B05, PRDE,actvstrat=,0.999926, actvprof=,0.727872, id=,B06, PRDE,actvstrat=,-1.000000, actvprof=,2.388747, id=,B08, PRDE,actvstrat=,-1.000000, actvprof=,5.215389, id=,S01, PRDE,actvstrat=,1.000000, actvprof=,5.507877, id=,S02, PRDE,actvstrat=,1.000000, actvprof=,3.766344, id=,S07, PRDE,actvstrat=,1.000000, actvprof=,0.000000, id=,S08, PRDE,actvstrat=,-1.000000, actvprof=,0.000000, id=,S09, PRDE,actvstrat=,1.000000, actvprof=,0.000000, best_B_id=,B08, best_B_prof=,5.215389, best_B_strat=,-1.000000, best_S_id=,S01, best_S_prof=,5.507877, best_S_strat=,1.000000, 
t=,3002400, id=,B00, PRDE,actvstrat=,-1.000000, actvprof=,0.000000, id=,B03, PRDE,actvstrat=,-1.000000, actvprof=,0.012669, id=,B05, PRDE,actvstrat=,0.999926, actvprof=,0.764851, id=,B06, PRDE,actvstrat=,-1.000000, actvprof=,2.398268, id=,B08, PRDE,actvstrat=,-1.000000, actvprof=,5.344489, id=,S01, PRDE,actvstrat=,1.000000, actvprof=,5.489134, id=,S02, PRDE,actvstrat=,1.000000, actvprof=,3.710097, id=,S07, PRDE,actvstrat=,1.000000, actvprof=,0.000000, id=,S08, PRDE,actvstrat=,-1.000000, actvprof=,0.000000, id=,S09, PRDE,actvstrat=,1.000000, actvprof=,0.000000, best_B_id=,B08, best_B_prof=,5.344489, best_B_strat=,-1.000000, best_S_id=,S01, best_S_prof=,5.489134, best_S_strat=,1.000000, 
t=,3006000, id=,B00, PRDE,actvstrat=,-1.000000, actvprof=,0.000000, id=,B03, PRDE,actvstrat=,-1.000000, actvprof=,0.006419, id=,B05, PRDE,actvstrat=,-1.000000, actvprof=,1.025677, id=,B06, PRDE,actvstrat=,-1.000000, actvprof=,2.393246, id=,B08, PRDE,actvstrat=,1.000000, actvprof=,5.794586, id=,S01, PRDE,actvstrat=,1.000000, actvprof=,5.369802, id=,S02, PRDE,actvstrat=,1.000000, actvprof=,3.635222, id=,S07, PRDE,actvstrat=,1.000000, actvprof=,0.006140, id=,S08, PRDE,actvstrat=,-0.870568, actvprof=,0.000000, id=,S09, PRDE,actvstrat=,1.000000, actvprof=,0.000000, best_B_id=,B08, best_B_prof=,5.794586, best_B_strat=,1.000000, best_S_id=,S01, best_S_prof=,5.369802, best_S_strat=,1.000000, 
t=,3009600, id=,B00, PRDE,actvstrat=,-1.000000, actvprof=,0.000000, id=,B03, PRDE,actvstrat=,-1.000000, actvprof=,0.012390, id=,B05, PRDE,actvstrat=,-1.000000, actvprof=,1.032570, id=,B06, PRDE,actvstrat=,-1.000000, actvprof=,2.431836, id=,B08, PRDE,actvstrat=,1.000000, actvprof=,5.764682, id=,S01, PRDE,actvstrat=,1.000000, actvprof=,5.287726, id=,S02, PRDE,actvstrat=,1.000000, actvprof=,3.609330, id=,S07, PRDE,actvstrat=,1.000000, actvprof=,0.004037, id=,S08, PRDE,actvstrat=,-0.870568, actvprof=,0.000000, id=,S09, PRDE,actvstrat=,1.000000, actvprof=,0.000000, best_B_id=,B08, best_B_prof=,5.764682, best_B_strat=,1.000000, best_S_id=,S01, best_S_prof=,5.287726, best_S_strat=,1.000000, 
t=,3013200, id=,B00, PRDE,actvstrat=,-1.000000, actvprof=,0.000000, id=,B03, PRDE,actvstrat=,0.015837, actvprof=,0.002512, id=,B05, PRDE,actvstrat=,-1.000000, actvprof=,1.266816, id=,B06, PRDE,actvstrat=,-1.000000, actvprof=,2.768909, id=,B08, PRDE,actvstrat=,1.000000, actvprof=,6.172481, id=,S01, PRDE,actvstrat=,1.000000, actvprof=,5.042702, id=,S02, PRDE,actvstrat=,-1.000000, actvprof=,3.176109, id=,S07, PRDE,actvstrat=,1.000000, actvprof=,0.002512, id=,S08, PRDE,actvstrat=,1.000000, actvprof=,0.000000, id=,S09, PRDE,actvstrat=,1.000000, actvprof=,0.000000, best_B_id=,B08, best_B_prof=,6.172481, best_B_strat=,1.000000, best_S_id=,S01, best_S_prof=,5.042702, best_S_strat=,1.000000, 
t=,3016800, id=,B00, PRDE,actvstrat=,-1.000000, actvprof=,0.000000, id=,B03, PRDE,actvstrat=,0.015837, actvprof=,0.002367, id=,B05, PRDE,actvstrat=,-1.000000, actvprof=,1.222339, id=,B06, PRDE,actvstrat=,-1.000000, actvprof=,2.719635, id=,B08, PRDE,actvstrat=,1.000000, actvprof=,6.107797, id=,S01, PRDE,actvstrat=,1.000000, actvprof=,5.043193, id=,S02, PRDE,actvstrat=,-1.000000, actvprof=,3.225973, id=,S07, PRDE,actvstrat=,1.000000, actvprof=,0.002784, id=,S08, PRDE,actvstrat=,1.000000, actvprof=,0.000000, id=,S09, PRDE,actvstrat=,1.000000, actvprof=,0.000000, best_B_id=,B08, best_B_prof=,6.107797, best_B_strat=,1.000000, best_S_id=,S01, best_S_prof=,5.043193, best_S_strat=,1.000000, 
t=,3020400, id=,B00, PRDE,actvstrat=,-1.000000, actvprof=,0.000000, id=,B03, PRDE,actvstrat=,-0.492082, actvprof=,0.005303, id=,B05, PRDE,actvstrat=,-0.000037, actvprof=,0.391582, id=,B06, PRDE,actvstrat=,-1.000000, actvprof=,2.690000, id=,B08, PRDE,actvstrat=,-1.000000, actvprof=,5.719668, id=,S01, PRDE,actvstrat=,0.431076, actvprof=,2.259343, id=,S02, PRDE,actvstrat=,1.000000, actvprof=,3.374362, id=,S07, PRDE,actvstrat=,1.000000, actvprof=,0.000000, id=,S08, PRDE,actvstrat=,0.688239, actvprof=,0.000000, id=,S09, PRDE,actvstrat=,0.053251, actvprof=,0.000000, best_B_id=,B08, best_B_prof=,5.719668, best_B_strat=,-1.000000, best_S_id=,S02, best_S_prof=,3.374362, best_S_strat=,1.000000, 
t=,3024000, id=,B00, PRDE,actvstrat=,-1.000000, actvprof=,0.000000, id=,B03, PRDE,actvstrat=,-0.492082, actvprof=,0.002645, id=,B05, PRDE,actvstrat=,-0.000037, actvprof=,0.396219, id=,B06, PRDE,actvstrat=,-1.000000, actvprof=,2.664523, id=,B08, PRDE,actvstrat=,-1.000000, actvprof=,5.715101, id=,S01, PRDE,actvstrat=,0.431076, actvprof=,2.222501, id=,S02, PRDE,actvstrat=,1.000000, actvprof=,3.364240, id=,S07, PRDE,actvstrat=,1.000000, actvprof=,0.000000, id=,S08, PRDE,actvstrat=,0.688239, actvprof=,0.000000, id=,S09, PRDE,actvstrat=,0.053251, actvprof=,0.000000, best_B_id=,B08, best_B_prof=,5.715101, best_B_strat=,-1.000000, best_S_id=,S02, best_S_prof=,3.364240, best_S_strat=,1.000000, 
t=,3027600, id=,B00, PRDE,actvstrat=,-1.000000, actvprof=,0.000000, id=,B03, PRDE,actvstrat=,-1.000000, actvprof=,0.015351, id=,B05, PRDE,actvstrat=,-1.000000, actvprof=,1.002261, id=,B06, PRDE,actvstrat=,-1.000000, actvprof=,2.439644, id=,B08, PRDE,actvstrat=,-1.000000, actvprof=,5.480198, id=,S01, PRDE,actvstrat=,1.000000, actvprof=,5.343437, id=,S02, PRDE,actvstrat=,1.000000, actvprof=,3.645929, id=,S07, PRDE,actvstrat=,-1.000000, actvprof=,0.000000, id=,S08, PRDE,actvstrat=,0.064716, actvprof=,0.000000, id=,S09, PRDE,actvstrat=,0.053251, actvprof=,0.000000, best_B_id=,B08, best_B_prof=,5.480198, best_B_strat=,-1.000000, best_S_id=,S01, best_S_prof=,5.343437, best_S_strat=,1.000000, 
t=,3031200, id=,B00, PRDE,actvstrat=,-1.000000, actvprof=,0.000000, id=,B03, PRDE,actvstrat=,-1.000000, actvprof=,0.010163, id=,B05, PRDE,actvstrat=,-1.000000, actvprof=,0.973708, id=,B06, PRDE,actvstrat=,-1.000000, actvprof=,2.459191, id=,B08, PRDE,actvstrat=,-1.000000, actvprof=,5.413589, id=,S01, PRDE,actvstrat=,1.000000, actvprof=,5.371127, id=,S02, PRDE,actvstrat=,1.000000, actvprof=,3.696444, id=,S07, PRDE,actvstrat=,-1.000000, actvprof=,0.000000, id=,S08, PRDE,actvstrat=,0.064716, actvprof=,0.000000, id=,S09, PRDE,actvstrat=,0.053251, actvprof=,0.000000, best_B_id=,B08, best_B_prof=,5.413589, best_B_strat=,-1.000000, best_S_id=,S01, best_S_prof=,5.371127, best_S_strat=,1.000000, 
t=,3034800, id=,B00, PRDE,actvstrat=,-1.000000, actvprof=,0.000000, id=,B03, PRDE,actvstrat=,0.015837, actvprof=,0.011165, id=,B05, PRDE,actvstrat=,-1.000000, actvprof=,1.153073, id=,B06, PRDE,actvstrat=,-1.000000, actvprof=,2.440406, id=,B08, PRDE,actvstrat=,1.000000, actvprof=,5.852733, id=,S01, PRDE,actvstrat=,1.000000, actvprof=,5.048289, id=,S02, PRDE,actvstrat=,0.994032, actvprof=,3.468989, id=,S07, PRDE,actvstrat=,1.000000, actvprof=,0.003070, id=,S08, PRDE,actvstrat=,1.000000, actvprof=,0.000000, id=,S09, PRDE,actvstrat=,1.000000, actvprof=,0.000000, best_B_id=,B08, best_B_prof=,5.852733, best_B_strat=,1.000000, best_S_id=,S01, best_S_prof=,5.048289, best_S_strat=,1.000000, 
t=,3038400, id=,B00, PRDE,actvstrat=,-1.000000, actvprof=,0.000000, id=,B03, PRDE,actvstrat=,0.015837, actvprof=,0.007657, id=,B05, PRDE,actvstrat=,-1.000000, actvprof=,1.156267, id=,B06, PRDE,actvstrat=,-1.000000, actvprof=,2.503968, id=,B08, PRDE,actvstrat=,1.000000, actvprof=,5.846072, id=,S01, PRDE,actvstrat=,1.000000, actvprof=,5.038009, id=,S02, PRDE,actvstrat=,0.994032, actvprof=,3.463648, id=,S07, PRDE,actvstrat=,1.000000, actvprof=,0.004873, id=,S08, PRDE,actvstrat=,1.000000, actvprof=,0.000000, id=,S09, PRDE,actvstrat=,1.000000, actvprof=,0.000000, best_B_id=,B08, best_B_prof=,5.846072, best_B_strat=,1.000000, best_S_id=,S01, best_S_prof=,5.038009, best_S_strat=,1.000000, 
t=,3042000, id=,B00, PRDE,actvstrat=,-1.000000, actvprof=,0.000000, id=,B03, PRDE,actvstrat=,0.015837, actvprof=,0.006978, id=,B05, PRDE,actvstrat=,-1.000000, actvprof=,0.800815, id=,B06, PRDE,actvstrat=,1.000000, actvprof=,2.157930, id=,B08, PRDE,actvstrat=,1.000000, actvprof=,5.491822, id=,S01, PRDE,actvstrat=,0.431076, actvprof=,2.547591, id=,S02, PRDE,actvstrat=,0.994032, actvprof=,3.663820, id=,S07, PRDE,actvstrat=,1.000000, actvprof=,0.004187, id=,S08, PRDE,actvstrat=,1.000000, actvprof=,0.000000, id=,S09, PRDE,actvstrat=,1.000000, actvprof=,0.000000, best_B_id=,B08, best_B_prof=,5.491822, best_B_strat=,1.000000, best_S_id=,S02, best_S_prof=,3.663820, best_S_strat=,0.994032, 
t=,3045600, id=,B00, PRDE,actvstrat=,-1.000000, actvprof=,0.000000, id=,B03, PRDE,actvstrat=,0.015837, actvprof=,0.005987, id=,B05, PRDE,actvstrat=,-1.000000, actvprof=,0.806254, id=,B06, PRDE,actvstrat=,1.000000, actvprof=,2.120681, id=,B08, PRDE,actvstrat=,1.000000, actvprof=,5.460140, id=,S01, PRDE,actvstrat=,0.431076, actvprof=,2.610754, id=,S02, PRDE,actvstrat=,0.994032, actvprof=,3.696572, id=,S07, PRDE,actvstrat=,1.000000, actvprof=,0.004038, id=,S08, PRDE,actvstrat=,1.000000, actvprof=,0.000000, id=,S09, PRDE,actvstrat=,1.000000, actvprof=,0.000000, best_B_id=,B08, best_B_prof=,5.460140, best_B_strat=,1.000000, best_S_id=,S02, best_S_prof=,3.696572, best_S_strat=,0.994032, 
t=,3049200, id=,B00, PRDE,actvstrat=,-1.000000, actvprof=,0.000000, id=,B03, PRDE,actvstrat=,0.015837, actvprof=,0.005024, id=,B05, PRDE,actvstrat=,0.999926, actvprof=,1.052059, id=,B06, PRDE,actvstrat=,-1.000000, actvprof=,2.680810, id=,B08, PRDE,actvstrat=,-1.000000, actvprof=,5.683740, id=,S01, PRDE,actvstrat=,1.000000, actvprof=,5.102861, id=,S02, PRDE,actvstrat=,-1.000000, actvprof=,3.277599, id=,S07, PRDE,actvstrat=,-1.000000, actvprof=,0.000000, id=,S08, PRDE,actvstrat=,1.000000, actvprof=,0.000000, id=,S09, PRDE,actvstrat=,1.000000, actvprof=,0.000000, best_B_id=,B08, best_B_prof=,5.683740, best_B_strat=,-1.000000, best_S_id=,S01, best_S_prof=,5.102861, best_S_strat=,1.000000, 
t=,3052800, id=,B00, PRDE,actvstrat=,-1.000000, actvprof=,0.000000, id=,B03, PRDE,actvstrat=,0.015837, actvprof=,0.007240, id=,B05, PRDE,actvstrat=,0.999926, actvprof=,1.060905, id=,B06, PRDE,actvstrat=,-1.000000, actvprof=,2.721735, id=,B08, PRDE,actvstrat=,-1.000000, actvprof=,5.663448, id=,S01, PRDE,actvstrat=,1.000000, actvprof=,5.101809, id=,S02, PRDE,actvstrat=,-1.000000, actvprof=,3.304537, id=,S07, PRDE,actvstrat=,-1.000000, actvprof=,0.000000, id=,S08, PRDE,actvstrat=,1.000000, actvprof=,0.000000, id=,S09, PRDE,actvstrat=,1.000000, actvprof=,0.000000, best_B_id=,B08, best_B_prof=,5.663448, best_B_strat=,-1.000000, best_S_id=,S01, best_S_prof=,5.101809, best_S_strat=,1.000000, 
t=,3056400, id=,B00, PRDE,actvstrat=,-1.000000, actvprof=,0.000000, id=,B03, PRDE,actvstrat=,-1.000000, actvprof=,0.025122, id=,B05, PRDE,actvstrat=,-1.000000, actvprof=,1.227093, id=,B06, PRDE,actvstrat=,1.000000, actvprof=,2.439671, id=,B08, PRDE,actvstrat=,1.000000, actvprof=,5.901827, id=,S01, PRDE,actvstrat=,1.000000, actvprof=,5.004396, id=,S02, PRDE,actvstrat=,1.000000, actvprof=,3.363062, id=,S07, PRDE,actvstrat=,1.000000, actvprof=,0.003350, id=,S08, PRDE,actvstrat=,0.376477, actvprof=,0.000000, id=,S09, PRDE,actvstrat=,1.000000, actvprof=,0.000000, best_B_id=,B08, best_B_prof=,5.901827, best_B_strat=,1.000000, best_S_id=,S01, best_S_prof=,5.004396, best_S_strat=,1.000000, 
t=,3060000, id=,B00, PRDE,actvstrat=,-1.000000, actvprof=,0.000000, id=,B03, PRDE,actvstrat=,-1.000000, actvprof=,0.016429, id=,B05, PRDE,actvstrat=,-1.000000, actvprof=,1.214775, id=,B06, PRDE,actvstrat=,1.000000, actvprof=,2.435119, id=,B08, PRDE,actvstrat=,1.000000, actvprof=,5.822288, id=,S01, PRDE,actvstrat=,1.000000, actvprof=,4.999443, id=,S02, PRDE,actvstrat=,1.000000, actvprof=,3.373385, id=,S07, PRDE,actvstrat=,1.000000, actvprof=,0.003481, id=,S08, PRDE,actvstrat=,0.376477, actvprof=,0.000000, id=,S09, PRDE,actvstrat=,1.000000, actvprof=,0.000000, best_B_id=,B08, best_B_prof=,5.822288, best_B_strat=,1.000000, best_S_id=,S01, best_S_prof=,4.999443, best_S_strat=,1.000000, 
t=,3063600, id=,B00, PRDE,actvstrat=,-1.000000, actvprof=,0.000000, id=,B03, PRDE,actvstrat=,1.000000, actvprof=,0.001117, id=,B05, PRDE,actvstrat=,-1.000000, actvprof=,1.061315, id=,B06, PRDE,actvstrat=,-1.000000, actvprof=,2.678968, id=,B08, PRDE,actvstrat=,-1.000000, actvprof=,5.611121, id=,S01, PRDE,actvstrat=,1.000000, actvprof=,5.252976, id=,S02, PRDE,actvstrat=,-1.000000, actvprof=,3.258755, id=,S07, PRDE,actvstrat=,1.000000, actvprof=,0.000000, id=,S08, PRDE,actvstrat=,0.376477, actvprof=,0.000000, id=,S09, PRDE,actvstrat=,1.000000, actvprof=,0.000000, best_B_id=,B08, best_B_prof=,5.611121, best_B_strat=,-1.000000, best_S_id=,S01, best_S_prof=,5.252976, best_S_strat=,1.000000, 
t=,3067200, id=,B00, PRDE,actvstrat=,-1.000000, actvprof=,0.000000, id=,B03, PRDE,actvstrat=,1.000000, actvprof=,0.001114, id=,B05, PRDE,actvstrat=,-1.000000, actvprof=,1.094071, id=,B06, PRDE,actvstrat=,-1.000000, actvprof=,2.697167, id=,B08, PRDE,actvstrat=,-1.000000, actvprof=,5.670289, id=,S01, PRDE,actvstrat=,1.000000, actvprof=,5.259838, id=,S02, PRDE,actvstrat=,-1.000000, actvprof=,3.211484, id=,S07, PRDE,actvstrat=,1.000000, actvprof=,0.000000, id=,S08, PRDE,actvstrat=,0.376477, actvprof=,0.000000, id=,S09, PRDE,actvstrat=,1.000000, actvprof=,0.000000, best_B_id=,B08, best_B_prof=,5.670289, best_B_strat=,-1.000000, best_S_id=,S01, best_S_prof=,5.259838, best_S_strat=,1.000000, 
t=,3070800, id=,B00, PRDE,actvstrat=,0.276414, actvprof=,0.000000, id=,B03, PRDE,actvstrat=,-0.492082, actvprof=,0.000000, id=,B05, PRDE,actvstrat=,-1.000000, actvprof=,0.318510, id=,B06, PRDE,actvstrat=,1.000000, actvprof=,1.653965, id=,B08, PRDE,actvstrat=,-1.000000, actvprof=,4.565782, id=,S01, PRDE,actvstrat=,-0.247868, actvprof=,0.763476, id=,S02, PRDE,actvstrat=,1.000000, actvprof=,4.529492, id=,S07, PRDE,actvstrat=,-1.000000, actvprof=,0.000000, id=,S08, PRDE,actvstrat=,-0.870568, actvprof=,0.000000, id=,S09, PRDE,actvstrat=,1.000000, actvprof=,0.000000, best_B_id=,B08, best_B_prof=,4.565782, best_B_strat=,-1.000000, best_S_id=,S02, best_S_prof=,4.529492, best_S_strat=,1.000000, 
t=,3074400, id=,B00, PRDE,actvstrat=,0.276414, actvprof=,0.000000, id=,B03, PRDE,actvstrat=,-0.492082, actvprof=,0.000696, id=,B05, PRDE,actvstrat=,-1.000000, actvprof=,0.360887, id=,B06, PRDE,actvstrat=,1.000000, actvprof=,1.699177, id=,B08, PRDE,actvstrat=,-1.000000, actvprof=,4.588085, id=,S01, PRDE,actvstrat=,-0.247868, actvprof=,0.784428, id=,S02, PRDE,actvstrat=,1.000000, actvprof=,4.414185, id=,S07, PRDE,actvstrat=,-1.000000, actvprof=,0.000000, id=,S08, PRDE,actvstrat=,-0.870568, actvprof=,0.000000, id=,S09, PRDE,actvstrat=,1.000000, actvprof=,0.000000, best_B_id=,B08, best_B_prof=,4.588085, best_B_strat=,-1.000000, best_S_id=,S02, best_S_prof=,4.414185, best_S_strat=,1.000000, 
t=,3078000, id=,B00, PRDE,actvstrat=,-1.000000, actvprof=,0.000000, id=,B03, PRDE,actvstrat=,-1.000000, actvprof=,0.005583, id=,B05, PRDE,actvstrat=,-1.000000, actvprof=,1.159327, id=,B06, PRDE,actvstrat=,-1.000000, actvprof=,2.668155, id=,B08, PRDE,actvstrat=,-1.000000, actvprof=,5.866146, id=,S01, PRDE,actvstrat=,1.000000, actvprof=,5.264289, id=,S02, PRDE,actvstrat=,-1.000000, actvprof=,3.251029, id=,S07, PRDE,actvstrat=,-1.000000, actvprof=,0.000000, id=,S08, PRDE,actvstrat=,-0.247045, actvprof=,0.000000, id=,S09, PRDE,actvstrat=,1.000000, actvprof=,0.000000, best_B_id=,B08, best_B_prof=,5.866146, best_B_strat=,-1.000000, best_S_id=,S01, best_S_prof=,5.264289, best_S_strat=,1.000000, 
t=,3081600, id=,B00, PRDE,actvstrat=,-1.000000, actvprof=,0.000000, id=,B03, PRDE,actvstrat=,-1.000000, actvprof=,0.006544, id=,B05, PRDE,actvstrat=,-1.000000, actvprof=,1.178322, id=,B06, PRDE,actvstrat=,-1.000000, actvprof=,2.667131, id=,B08, PRDE,actvstrat=,-1.000000, actvprof=,5.784121, id=,S01, PRDE,actvstrat=,1.000000, actvprof=,5.227888, id=,S02, PRDE,actvstrat=,-1.000000, actvprof=,3.209579, id=,S07, PRDE,actvstrat=,-1.000000, actvprof=,0.000000, id=,S08, PRDE,actvstrat=,-0.247045, actvprof=,0.000000, id=,S09, PRDE,actvstrat=,1.000000, actvprof=,0.000000, best_B_id=,B08, best_B_prof=,5.784121, best_B_strat=,-1.000000, best_S_id=,S01, best_S_prof=,5.227888, best_S_strat=,1.000000, 
t=,3085200, id=,B00, PRDE,actvstrat=,0.276414, actvprof=,0.000000, id=,B03, PRDE,actvstrat=,-0.492082, actvprof=,0.002792, id=,B05, PRDE,actvstrat=,-0.000037, actvprof=,0.602990, id=,B06, PRDE,actvstrat=,-1.000000, actvprof=,3.074969, id=,B08, PRDE,actvstrat=,-1.000000, actvprof=,6.185112, id=,S01, PRDE,actvstrat=,1.000000, actvprof=,4.580489, id=,S02, PRDE,actvstrat=,0.994032, actvprof=,2.970842, id=,S07, PRDE,actvstrat=,-1.000000, actvprof=,0.000000, id=,S08, PRDE,actvstrat=,0.064716, actvprof=,0.000000, id=,S09, PRDE,actvstrat=,1.000000, actvprof=,0.000000, best_B_id=,B08, best_B_prof=,6.185112, best_B_strat=,-1.000000, best_S_id=,S01, best_S_prof=,4.580489, best_S_strat=,1.000000, 
t=,3088800, id=,B00, PRDE,actvstrat=,0.276414, actvprof=,0.000000, id=,B03, PRDE,actvstrat=,-0.492082, actvprof=,0.001810, id=,B05, PRDE,actvstrat=,-0.000037, actvprof=,0.640486, id=,B06, PRDE,actvstrat=,-1.000000, actvprof=,3.051079, id=,B08, PRDE,actvstrat=,-1.000000, actvprof=,6.157713, id=,S01, PRDE,actvstrat=,1.000000, actvprof=,4.606067, id=,S02, PRDE,actvstrat=,0.994032, actvprof=,2.981878, id=,S07, PRDE,actvstrat=,-1.000000, actvprof=,0.000000, id=,S08, PRDE,actvstrat=,0.064716, actvprof=,0.000000, id=,S09, PRDE,actvstrat=,1.000000, actvprof=,0.000000, best_B_id=,B08, best_B_prof=,6.157713, best_B_strat=,-1.000000, best_S_id=,S01, best_S_prof=,4.606067, best_S_strat=,1.000000, 
t=,3092400, id=,B00, PRDE,actvstrat=,-1.000000, actvprof=,0.000000, id=,B03, PRDE,actvstrat=,-1.000000, actvprof=,0.008933, id=,B05, PRDE,actvstrat=,-1.000000, actvprof=,0.917897, id=,B06, PRDE,actvstrat=,-1.000000, actvprof=,2.327964, id=,B08, PRDE,actvstrat=,-1.000000, actvprof=,5.452388, id=,S01, PRDE,actvstrat=,1.000000, actvprof=,5.458809, id=,S02, PRDE,actvstrat=,1.000000, actvprof=,3.758410, id=,S07, PRDE,actvstrat=,-1.000000, actvprof=,0.000000, id=,S08, PRDE,actvstrat=,0.376477, actvprof=,0.000000, id=,S09, PRDE,actvstrat=,-0.893498, actvprof=,0.000000, best_B_id=,B08, best_B_prof=,5.452388, best_B_strat=,-1.000000, best_S_id=,S01, best_S_prof=,5.458809, best_S_strat=,1.000000, 
t=,3096000, id=,B00, PRDE,actvstrat=,-1.000000, actvprof=,0.000000, id=,B03, PRDE,actvstrat=,-1.000000, actvprof=,0.008911, id=,B05, PRDE,actvstrat=,-1.000000, actvprof=,0.960596, id=,B06, PRDE,actvstrat=,-1.000000, actvprof=,2.383459, id=,B08, PRDE,actvstrat=,-1.000000, actvprof=,5.475216, id=,S01, PRDE,actvstrat=,1.000000, actvprof=,5.362155, id=,S02, PRDE,actvstrat=,1.000000, actvprof=,3.703564, id=,S07, PRDE,actvstrat=,-1.000000, actvprof=,0.000000, id=,S08, PRDE,actvstrat=,0.376477, actvprof=,0.000000, id=,S09, PRDE,actvstrat=,-0.893498, actvprof=,0.000000, best_B_id=,B08, best_B_prof=,5.475216, best_B_strat=,-1.000000, best_S_id=,S01, best_S_prof=,5.362155, best_S_strat=,1.000000, 
t=,3099600, id=,B00, PRDE,actvstrat=,-1.000000, actvprof=,0.000000, id=,B03, PRDE,actvstrat=,0.015837, actvprof=,0.009213, id=,B05, PRDE,actvstrat=,-1.000000, actvprof=,1.940536, id=,B06, PRDE,actvstrat=,-0.452879, actvprof=,1.295087, id=,B08, PRDE,actvstrat=,1.000000, actvprof=,6.832775, id=,S01, PRDE,actvstrat=,1.000000, actvprof=,4.125628, id=,S02, PRDE,actvstrat=,-1.000000, actvprof=,2.453936, id=,S07, PRDE,actvstrat=,1.000000, actvprof=,0.000558, id=,S08, PRDE,actvstrat=,0.688239, actvprof=,0.000000, id=,S09, PRDE,actvstrat=,1.000000, actvprof=,0.000000, best_B_id=,B08, best_B_prof=,6.832775, best_B_strat=,1.000000, best_S_id=,S01, best_S_prof=,4.125628, best_S_strat=,1.000000, 
t=,3103200, id=,B00, PRDE,actvstrat=,-1.000000, actvprof=,0.000000, id=,B03, PRDE,actvstrat=,0.015837, actvprof=,0.014063, id=,B05, PRDE,actvstrat=,-1.000000, actvprof=,1.951267, id=,B06, PRDE,actvstrat=,-0.452879, actvprof=,1.327625, id=,B08, PRDE,actvstrat=,1.000000, actvprof=,6.847536, id=,S01, PRDE,actvstrat=,1.000000, actvprof=,4.102618, id=,S02, PRDE,actvstrat=,-1.000000, actvprof=,2.503202, id=,S07, PRDE,actvstrat=,1.000000, actvprof=,0.000975, id=,S08, PRDE,actvstrat=,0.688239, actvprof=,0.000000, id=,S09, PRDE,actvstrat=,1.000000, actvprof=,0.000000, best_B_id=,B08, best_B_prof=,6.847536, best_B_strat=,1.000000, best_S_id=,S01, best_S_prof=,4.102618, best_S_strat=,1.000000, 
t=,3106800, id=,B00, PRDE,actvstrat=,-1.000000, actvprof=,0.000000, id=,B03, PRDE,actvstrat=,1.000000, actvprof=,0.002233, id=,B05, PRDE,actvstrat=,-1.000000, actvprof=,1.199626, id=,B06, PRDE,actvstrat=,-1.000000, actvprof=,2.781167, id=,B08, PRDE,actvstrat=,1.000000, actvprof=,6.012088, id=,S01, PRDE,actvstrat=,0.941526, actvprof=,4.999791, id=,S02, PRDE,actvstrat=,-1.000000, actvprof=,3.270844, id=,S07, PRDE,actvstrat=,1.000000, actvprof=,0.004746, id=,S08, PRDE,actvstrat=,-1.000000, actvprof=,0.000000, id=,S09, PRDE,actvstrat=,1.000000, actvprof=,0.000000, best_B_id=,B08, best_B_prof=,6.012088, best_B_strat=,1.000000, best_S_id=,S01, best_S_prof=,4.999791, best_S_strat=,0.941526, 
t=,3110400, id=,B00, PRDE,actvstrat=,-1.000000, actvprof=,0.000000, id=,B03, PRDE,actvstrat=,1.000000, actvprof=,0.002089, id=,B05, PRDE,actvstrat=,-1.000000, actvprof=,1.210125, id=,B06, PRDE,actvstrat=,-1.000000, actvprof=,2.755260, id=,B08, PRDE,actvstrat=,1.000000, actvprof=,6.066918, id=,S01, PRDE,actvstrat=,0.941526, actvprof=,4.984336, id=,S02, PRDE,actvstrat=,-1.000000, actvprof=,3.268077, id=,S07, PRDE,actvstrat=,1.000000, actvprof=,0.002646, id=,S08, PRDE,actvstrat=,-1.000000, actvprof=,0.000000, id=,S09, PRDE,actvstrat=,1.000000, actvprof=,0.000000, best_B_id=,B08, best_B_prof=,6.066918, best_B_strat=,1.000000, best_S_id=,S01, best_S_prof=,4.984336, best_S_strat=,0.941526, 
t=,3114000, id=,B00, PRDE,actvstrat=,-1.000000, actvprof=,0.000000, id=,B03, PRDE,actvstrat=,-1.000000, actvprof=,0.012563, id=,B05, PRDE,actvstrat=,-1.000000, actvprof=,0.935550, id=,B06, PRDE,actvstrat=,-1.000000, actvprof=,2.434775, id=,B08, PRDE,actvstrat=,-1.000000, actvprof=,5.450535, id=,S01, PRDE,actvstrat=,1.000000, actvprof=,5.423175, id=,S02, PRDE,actvstrat=,1.000000, actvprof=,3.796921, id=,S07, PRDE,actvstrat=,-1.000000, actvprof=,0.000000, id=,S08, PRDE,actvstrat=,-0.247045, actvprof=,0.000000, id=,S09, PRDE,actvstrat=,0.053251, actvprof=,0.000000, best_B_id=,B08, best_B_prof=,5.450535, best_B_strat=,-1.000000, best_S_id=,S01, best_S_prof=,5.423175, best_S_strat=,1.000000, 
t=,3117600, id=,B00, PRDE,actvstrat=,-1.000000, actvprof=,0.000000, id=,B03, PRDE,actvstrat=,-1.000000, actvprof=,0.008911, id=,B05, PRDE,actvstrat=,-1.000000, actvprof=,0.939723, id=,B06, PRDE,actvstrat=,-1.000000, actvprof=,2.456453, id=,B08, PRDE,actvstrat=,-1.000000, actvprof=,5.386736, id=,S01, PRDE,actvstrat=,1.000000, actvprof=,5.426698, id=,S02, PRDE,actvstrat=,1.000000, actvprof=,3.787299, id=,S07, PRDE,actvstrat=,-1.000000, actvprof=,0.000000, id=,S08, PRDE,actvstrat=,-0.247045, actvprof=,0.000000, id=,S09, PRDE,actvstrat=,0.053251, actvprof=,0.000000, best_B_id=,B08, best_B_prof=,5.386736, best_B_strat=,-1.000000, best_S_id=,S01, best_S_prof=,5.426698, best_S_strat=,1.000000, 
t=,3121200, id=,B00, PRDE,actvstrat=,1.000000, actvprof=,0.000000, id=,B03, PRDE,actvstrat=,-1.000000, actvprof=,0.003071, id=,B05, PRDE,actvstrat=,-1.000000, actvprof=,1.076554, id=,B06, PRDE,actvstrat=,-1.000000, actvprof=,2.622704, id=,B08, PRDE,actvstrat=,-1.000000, actvprof=,5.605282, id=,S01, PRDE,actvstrat=,0.941526, actvprof=,5.159138, id=,S02, PRDE,actvstrat=,-1.000000, actvprof=,3.278240, id=,S07, PRDE,actvstrat=,1.000000, actvprof=,0.000000, id=,S08, PRDE,actvstrat=,-1.000000, actvprof=,0.000000, id=,S09, PRDE,actvstrat=,1.000000, actvprof=,0.000000, best_B_id=,B08, best_B_prof=,5.605282, best_B_strat=,-1.000000, best_S_id=,S01, best_S_prof=,5.159138, best_S_strat=,0.941526, 
t=,3124800, id=,B00, PRDE,actvstrat=,1.000000, actvprof=,0.000000, id=,B03, PRDE,actvstrat=,-1.000000, actvprof=,0.006683, id=,B05, PRDE,actvstrat=,-1.000000, actvprof=,1.076170, id=,B06, PRDE,actvstrat=,-1.000000, actvprof=,2.595395, id=,B08, PRDE,actvstrat=,-1.000000, actvprof=,5.644985, id=,S01, PRDE,actvstrat=,0.941526, actvprof=,5.140108, id=,S02, PRDE,actvstrat=,-1.000000, actvprof=,3.253573, id=,S07, PRDE,actvstrat=,1.000000, actvprof=,0.000000, id=,S08, PRDE,actvstrat=,-1.000000, actvprof=,0.000000, id=,S09, PRDE,actvstrat=,1.000000, actvprof=,0.000000, best_B_id=,B08, best_B_prof=,5.644985, best_B_strat=,-1.000000, best_S_id=,S01, best_S_prof=,5.140108, best_S_strat=,0.941526, 
t=,3128400, id=,B00, PRDE,actvstrat=,-1.000000, actvprof=,0.000000, id=,B03, PRDE,actvstrat=,0.015837, actvprof=,0.001117, id=,B05, PRDE,actvstrat=,-1.000000, actvprof=,1.118448, id=,B06, PRDE,actvstrat=,-1.000000, actvprof=,2.604034, id=,B08, PRDE,actvstrat=,-1.000000, actvprof=,5.696936, id=,S01, PRDE,actvstrat=,0.941526, actvprof=,4.988065, id=,S02, PRDE,actvstrat=,-1.000000, actvprof=,3.205137, id=,S07, PRDE,actvstrat=,1.000000, actvprof=,0.000000, id=,S08, PRDE,actvstrat=,1.000000, actvprof=,0.000000, id=,S09, PRDE,actvstrat=,1.000000, actvprof=,0.000000, best_B_id=,B08, best_B_prof=,5.696936, best_B_strat=,-1.000000, best_S_id=,S01, best_S_prof=,4.988065, best_S_strat=,0.941526, 
t=,3132000, id=,B00, PRDE,actvstrat=,-1.000000, actvprof=,0.000000, id=,B03, PRDE,actvstrat=,0.015837, actvprof=,0.001949, id=,B05, PRDE,actvstrat=,-1.000000, actvprof=,1.114902, id=,B06, PRDE,actvstrat=,-1.000000, actvprof=,2.588348, id=,B08, PRDE,actvstrat=,-1.000000, actvprof=,5.673090, id=,S01, PRDE,actvstrat=,0.941526, actvprof=,5.002646, id=,S02, PRDE,actvstrat=,-1.000000, actvprof=,3.209780, id=,S07, PRDE,actvstrat=,1.000000, actvprof=,0.000000, id=,S08, PRDE,actvstrat=,1.000000, actvprof=,0.000000, id=,S09, PRDE,actvstrat=,1.000000, actvprof=,0.000000, best_B_id=,B08, best_B_prof=,5.673090, best_B_strat=,-1.000000, best_S_id=,S01, best_S_prof=,5.002646, best_S_strat=,0.941526, 
t=,3135600, id=,B00, PRDE,actvstrat=,1.000000, actvprof=,0.000000, id=,B03, PRDE,actvstrat=,0.015837, actvprof=,0.014239, id=,B05, PRDE,actvstrat=,-1.000000, actvprof=,1.226809, id=,B06, PRDE,actvstrat=,0.956080, actvprof=,2.491589, id=,B08, PRDE,actvstrat=,1.000000, actvprof=,5.917105, id=,S01, PRDE,actvstrat=,0.883053, actvprof=,4.535898, id=,S02, PRDE,actvstrat=,1.000000, actvprof=,3.222537, id=,S07, PRDE,actvstrat=,-1.000000, actvprof=,0.002234, id=,S08, PRDE,actvstrat=,-1.000000, actvprof=,0.000000, id=,S09, PRDE,actvstrat=,1.000000, actvprof=,0.000000, best_B_id=,B08, best_B_prof=,5.917105, best_B_strat=,1.000000, best_S_id=,S01, best_S_prof=,4.535898, best_S_strat=,0.883053, 
t=,3139200, id=,B00, PRDE,actvstrat=,1.000000, actvprof=,0.000000, id=,B03, PRDE,actvstrat=,0.015837, actvprof=,0.010304, id=,B05, PRDE,actvstrat=,-1.000000, actvprof=,1.249974, id=,B06, PRDE,actvstrat=,0.956080, actvprof=,2.545062, id=,B08, PRDE,actvstrat=,1.000000, actvprof=,5.983500, id=,S01, PRDE,actvstrat=,0.883053, actvprof=,4.551258, id=,S02, PRDE,actvstrat=,1.000000, actvprof=,3.207575, id=,S07, PRDE,actvstrat=,-1.000000, actvprof=,0.002228, id=,S08, PRDE,actvstrat=,-1.000000, actvprof=,0.000000, id=,S09, PRDE,actvstrat=,1.000000, actvprof=,0.000000, best_B_id=,B08, best_B_prof=,5.983500, best_B_strat=,1.000000, best_S_id=,S01, best_S_prof=,4.551258, best_S_strat=,0.883053, 
t=,3142800, id=,B00, PRDE,actvstrat=,-1.000000, actvprof=,0.000000, id=,B03, PRDE,actvstrat=,0.015837, actvprof=,0.010889, id=,B05, PRDE,actvstrat=,-1.000000, actvprof=,1.141948, id=,B06, PRDE,actvstrat=,0.956080, actvprof=,2.568405, id=,B08, PRDE,actvstrat=,-1.000000, actvprof=,5.703596, id=,S01, PRDE,actvstrat=,0.941526, actvprof=,5.006143, id=,S02, PRDE,actvstrat=,-1.000000, actvprof=,3.299643, id=,S07, PRDE,actvstrat=,1.000000, actvprof=,0.000000, id=,S08, PRDE,actvstrat=,1.000000, actvprof=,0.000000, id=,S09, PRDE,actvstrat=,1.000000, actvprof=,0.000000, best_B_id=,B08, best_B_prof=,5.703596, best_B_strat=,-1.000000, best_S_id=,S01, best_S_prof=,5.006143, best_S_strat=,0.941526, 
t=,3146400, id=,B00, PRDE,actvstrat=,-1.000000, actvprof=,0.000000, id=,B03, PRDE,actvstrat=,0.015837, actvprof=,0.006684, id=,B05, PRDE,actvstrat=,-1.000000, actvprof=,1.154060, id=,B06, PRDE,actvstrat=,0.956080, actvprof=,2.629776, id=,B08, PRDE,actvstrat=,-1.000000, actvprof=,5.705135, id=,S01, PRDE,actvstrat=,0.941526, actvprof=,4.962822, id=,S02, PRDE,actvstrat=,-1.000000, actvprof=,3.291049, id=,S07, PRDE,actvstrat=,1.000000, actvprof=,0.000000, id=,S08, PRDE,actvstrat=,1.000000, actvprof=,0.000000, id=,S09, PRDE,actvstrat=,1.000000, actvprof=,0.000000, best_B_id=,B08, best_B_prof=,5.705135, best_B_strat=,-1.000000, best_S_id=,S01, best_S_prof=,4.962822, best_S_strat=,0.941526, 
t=,3150000, id=,B00, PRDE,actvstrat=,1.000000, actvprof=,0.000000, id=,B03, PRDE,actvstrat=,0.015837, actvprof=,0.004467, id=,B05, PRDE,actvstrat=,-1.000000, actvprof=,1.188575, id=,B06, PRDE,actvstrat=,0.956080, actvprof=,2.726156, id=,B08, PRDE,actvstrat=,-1.000000, actvprof=,5.676234, id=,S01, PRDE,actvstrat=,0.941526, actvprof=,4.942205, id=,S02, PRDE,actvstrat=,-1.000000, actvprof=,3.232633, id=,S07, PRDE,actvstrat=,1.000000, actvprof=,0.000000, id=,S08, PRDE,actvstrat=,-1.000000, actvprof=,0.000000, id=,S09, PRDE,actvstrat=,1.000000, actvprof=,0.000000, best_B_id=,B08, best_B_prof=,5.676234, best_B_strat=,-1.000000, best_S_id=,S01, best_S_prof=,4.942205, best_S_strat=,0.941526, 
t=,3153600, id=,B00, PRDE,actvstrat=,1.000000, actvprof=,0.000000, id=,B03, PRDE,actvstrat=,0.015837, actvprof=,0.002228, id=,B05, PRDE,actvstrat=,-1.000000, actvprof=,1.152815, id=,B06, PRDE,actvstrat=,0.956080, actvprof=,2.698582, id=,B08, PRDE,actvstrat=,-1.000000, actvprof=,5.680807, id=,S01, PRDE,actvstrat=,0.941526, actvprof=,4.973300, id=,S02, PRDE,actvstrat=,-1.000000, actvprof=,3.273945, id=,S07, PRDE,actvstrat=,1.000000, actvprof=,0.000000, id=,S08, PRDE,actvstrat=,-1.000000, actvprof=,0.000000, id=,S09, PRDE,actvstrat=,1.000000, actvprof=,0.000000, best_B_id=,B08, best_B_prof=,5.680807, best_B_strat=,-1.000000, best_S_id=,S01, best_S_prof=,4.973300, best_S_strat=,0.941526, 
t=,3157200, id=,B00, PRDE,actvstrat=,1.000000, actvprof=,0.000000, id=,B03, PRDE,actvstrat=,-1.000000, actvprof=,0.009214, id=,B05, PRDE,actvstrat=,-1.000000, actvprof=,1.198643, id=,B06, PRDE,actvstrat=,-1.000000, actvprof=,2.695481, id=,B08, PRDE,actvstrat=,1.000000, actvprof=,5.983722, id=,S01, PRDE,actvstrat=,1.000000, actvprof=,5.181835, id=,S02, PRDE,actvstrat=,-1.000000, actvprof=,3.225140, id=,S07, PRDE,actvstrat=,-1.000000, actvprof=,0.000000, id=,S08, PRDE,actvstrat=,-1.000000, actvprof=,0.000000, id=,S09, PRDE,actvstrat=,1.000000, actvprof=,0.000000, best_B_id=,B08, best_B_prof=,5.983722, best_B_strat=,1.000000, best_S_id=,S01, best_S_prof=,5.181835, best_S_strat=,1.000000, 
t=,3160800, id=,B00, PRDE,actvstrat=,1.000000, actvprof=,0.000000, id=,B03, PRDE,actvstrat=,-1.000000, actvprof=,0.005988, id=,B05, PRDE,actvstrat=,-1.000000, actvprof=,1.203935, id=,B06, PRDE,actvstrat=,-1.000000, actvprof=,2.704886, id=,B08, PRDE,actvstrat=,1.000000, actvprof=,6.014245, id=,S01, PRDE,actvstrat=,1.000000, actvprof=,5.153834, id=,S02, PRDE,actvstrat=,-1.000000, actvprof=,3.265357, id=,S07, PRDE,actvstrat=,-1.000000, actvprof=,0.000000, id=,S08, PRDE,actvstrat=,-1.000000, actvprof=,0.000000, id=,S09, PRDE,actvstrat=,1.000000, actvprof=,0.000000, best_B_id=,B08, best_B_prof=,6.014245, best_B_strat=,1.000000, best_S_id=,S01, best_S_prof=,5.153834, best_S_strat=,1.000000, 
t=,3164400, id=,B00, PRDE,actvstrat=,0.410055, actvprof=,0.000000, id=,B03, PRDE,actvstrat=,0.015837, actvprof=,0.006422, id=,B05, PRDE,actvstrat=,1.000000, actvprof=,0.791031, id=,B06, PRDE,actvstrat=,-1.000000, actvprof=,2.482549, id=,B08, PRDE,actvstrat=,-1.000000, actvprof=,5.422181, id=,S01, PRDE,actvstrat=,1.000000, actvprof=,5.325292, id=,S02, PRDE,actvstrat=,1.000000, actvprof=,3.608086, id=,S07, PRDE,actvstrat=,1.000000, actvprof=,0.000000, id=,S08, PRDE,actvstrat=,0.376477, actvprof=,0.000000, id=,S09, PRDE,actvstrat=,-0.893498, actvprof=,0.000000, best_B_id=,B08, best_B_prof=,5.422181, best_B_strat=,-1.000000, best_S_id=,S01, best_S_prof=,5.325292, best_S_strat=,1.000000, 
t=,3168000, id=,B00, PRDE,actvstrat=,0.410055, actvprof=,0.000000, id=,B03, PRDE,actvstrat=,0.015837, actvprof=,0.007519, id=,B05, PRDE,actvstrat=,1.000000, actvprof=,0.807503, id=,B06, PRDE,actvstrat=,-1.000000, actvprof=,2.460802, id=,B08, PRDE,actvstrat=,-1.000000, actvprof=,5.462027, id=,S01, PRDE,actvstrat=,1.000000, actvprof=,5.310385, id=,S02, PRDE,actvstrat=,1.000000, actvprof=,3.639959, id=,S07, PRDE,actvstrat=,1.000000, actvprof=,0.000000, id=,S08, PRDE,actvstrat=,0.376477, actvprof=,0.000000, id=,S09, PRDE,actvstrat=,-0.893498, actvprof=,0.000000, best_B_id=,B08, best_B_prof=,5.462027, best_B_strat=,-1.000000, best_S_id=,S01, best_S_prof=,5.310385, best_S_strat=,1.000000, 
t=,3171600, id=,B00, PRDE,actvstrat=,-1.000000, actvprof=,0.000000, id=,B03, PRDE,actvstrat=,0.015837, actvprof=,0.018987, id=,B05, PRDE,actvstrat=,1.000000, actvprof=,0.827051, id=,B06, PRDE,actvstrat=,-1.000000, actvprof=,2.521919, id=,B08, PRDE,actvstrat=,1.000000, actvprof=,5.683811, id=,S01, PRDE,actvstrat=,1.000000, actvprof=,4.975987, id=,S02, PRDE,actvstrat=,1.000000, actvprof=,3.320768, id=,S07, PRDE,actvstrat=,1.000000, actvprof=,0.002234, id=,S08, PRDE,actvstrat=,0.376477, actvprof=,0.000000, id=,S09, PRDE,actvstrat=,1.000000, actvprof=,0.000000, best_B_id=,B08, best_B_prof=,5.683811, best_B_strat=,1.000000, best_S_id=,S01, best_S_prof=,4.975987, best_S_strat=,1.000000, 
t=,3175200, id=,B00, PRDE,actvstrat=,-1.000000, actvprof=,0.000000, id=,B03, PRDE,actvstrat=,0.015837, actvprof=,0.012950, id=,B05, PRDE,actvstrat=,1.000000, actvprof=,0.868633, id=,B06, PRDE,actvstrat=,-1.000000, actvprof=,2.513855, id=,B08, PRDE,actvstrat=,1.000000, actvprof=,5.732308, id=,S01, PRDE,actvstrat=,1.000000, actvprof=,4.953909, id=,S02, PRDE,actvstrat=,1.000000, actvprof=,3.288774, id=,S07, PRDE,actvstrat=,1.000000, actvprof=,0.002646, id=,S08, PRDE,actvstrat=,0.376477, actvprof=,0.000000, id=,S09, PRDE,actvstrat=,1.000000, actvprof=,0.000000, best_B_id=,B08, best_B_prof=,5.732308, best_B_strat=,1.000000, best_S_id=,S01, best_S_prof=,4.953909, best_S_strat=,1.000000, 
t=,3178800, id=,B00, PRDE,actvstrat=,-1.000000, actvprof=,0.000000, id=,B03, PRDE,actvstrat=,-1.000000, actvprof=,0.015078, id=,B05, PRDE,actvstrat=,1.000000, actvprof=,0.742189, id=,B06, PRDE,actvstrat=,1.000000, actvprof=,2.222936, id=,B08, PRDE,actvstrat=,-1.000000, actvprof=,5.325720, id=,S01, PRDE,actvstrat=,1.000000, actvprof=,5.272387, id=,S02, PRDE,actvstrat=,1.000000, actvprof=,3.578589, id=,S07, PRDE,actvstrat=,-1.000000, actvprof=,0.000000, id=,S08, PRDE,actvstrat=,1.000000, actvprof=,0.000000, id=,S09, PRDE,actvstrat=,1.000000, actvprof=,0.000000, best_B_id=,B08, best_B_prof=,5.325720, best_B_strat=,-1.000000, best_S_id=,S01, best_S_prof=,5.272387, best_S_strat=,1.000000, 
t=,3182400, id=,B00, PRDE,actvstrat=,-1.000000, actvprof=,0.000000, id=,B03, PRDE,actvstrat=,-1.000000, actvprof=,0.021862, id=,B05, PRDE,actvstrat=,1.000000, actvprof=,0.709342, id=,B06, PRDE,actvstrat=,1.000000, actvprof=,2.207818, id=,B08, PRDE,actvstrat=,-1.000000, actvprof=,5.263532, id=,S01, PRDE,actvstrat=,1.000000, actvprof=,5.300990, id=,S02, PRDE,actvstrat=,1.000000, actvprof=,3.602551, id=,S07, PRDE,actvstrat=,-1.000000, actvprof=,0.000000, id=,S08, PRDE,actvstrat=,1.000000, actvprof=,0.000000, id=,S09, PRDE,actvstrat=,1.000000, actvprof=,0.000000, best_B_id=,B08, best_B_prof=,5.263532, best_B_strat=,-1.000000, best_S_id=,S01, best_S_prof=,5.300990, best_S_strat=,1.000000, 
t=,3186000, id=,B00, PRDE,actvstrat=,0.410055, actvprof=,0.000000, id=,B03, PRDE,actvstrat=,-1.000000, actvprof=,0.009494, id=,B05, PRDE,actvstrat=,1.000000, actvprof=,0.931252, id=,B06, PRDE,actvstrat=,-1.000000, actvprof=,2.535463, id=,B08, PRDE,actvstrat=,-1.000000, actvprof=,5.528035, id=,S01, PRDE,actvstrat=,1.000000, actvprof=,5.244611, id=,S02, PRDE,actvstrat=,-1.000000, actvprof=,3.357255, id=,S07, PRDE,actvstrat=,-1.000000, actvprof=,0.000000, id=,S08, PRDE,actvstrat=,0.376477, actvprof=,0.000000, id=,S09, PRDE,actvstrat=,1.000000, actvprof=,0.000000, best_B_id=,B08, best_B_prof=,5.528035, best_B_strat=,-1.000000, best_S_id=,S01, best_S_prof=,5.244611, best_S_strat=,1.000000, 
t=,3189600, id=,B00, PRDE,actvstrat=,0.410055, actvprof=,0.000000, id=,B03, PRDE,actvstrat=,-1.000000, actvprof=,0.006823, id=,B05, PRDE,actvstrat=,1.000000, actvprof=,0.949138, id=,B06, PRDE,actvstrat=,-1.000000, actvprof=,2.534099, id=,B08, PRDE,actvstrat=,-1.000000, actvprof=,5.555857, id=,S01, PRDE,actvstrat=,1.000000, actvprof=,5.202715, id=,S02, PRDE,actvstrat=,-1.000000, actvprof=,3.342872, id=,S07, PRDE,actvstrat=,-1.000000, actvprof=,0.000000, id=,S08, PRDE,actvstrat=,0.376477, actvprof=,0.000000, id=,S09, PRDE,actvstrat=,1.000000, actvprof=,0.000000, best_B_id=,B08, best_B_prof=,5.555857, best_B_strat=,-1.000000, best_S_id=,S01, best_S_prof=,5.202715, best_S_strat=,1.000000, 
t=,3193200, id=,B00, PRDE,actvstrat=,-1.000000, actvprof=,0.000000, id=,B03, PRDE,actvstrat=,1.000000, actvprof=,0.002234, id=,B05, PRDE,actvstrat=,-1.000000, actvprof=,1.197693, id=,B06, PRDE,actvstrat=,1.000000, actvprof=,2.710937, id=,B08, PRDE,actvstrat=,1.000000, actvprof=,5.916980, id=,S01, PRDE,actvstrat=,0.883053, actvprof=,4.675165, id=,S02, PRDE,actvstrat=,-1.000000, actvprof=,3.315508, id=,S07, PRDE,actvstrat=,1.000000, actvprof=,0.004747, id=,S08, PRDE,actvstrat=,1.000000, actvprof=,0.000000, id=,S09, PRDE,actvstrat=,-1.000000, actvprof=,0.000000, best_B_id=,B08, best_B_prof=,5.916980, best_B_strat=,1.000000, best_S_id=,S01, best_S_prof=,4.675165, best_S_strat=,0.883053, 
t=,3196800, id=,B00, PRDE,actvstrat=,-1.000000, actvprof=,0.000000, id=,B03, PRDE,actvstrat=,1.000000, actvprof=,0.002228, id=,B05, PRDE,actvstrat=,-1.000000, actvprof=,1.205534, id=,B06, PRDE,actvstrat=,1.000000, actvprof=,2.693339, id=,B08, PRDE,actvstrat=,1.000000, actvprof=,5.976006, id=,S01, PRDE,actvstrat=,0.883053, actvprof=,4.618823, id=,S02, PRDE,actvstrat=,-1.000000, actvprof=,3.279186, id=,S07, PRDE,actvstrat=,1.000000, actvprof=,0.004038, id=,S08, PRDE,actvstrat=,1.000000, actvprof=,0.000000, id=,S09, PRDE,actvstrat=,-1.000000, actvprof=,0.000000, best_B_id=,B08, best_B_prof=,5.976006, best_B_strat=,1.000000, best_S_id=,S01, best_S_prof=,4.618823, best_S_strat=,0.883053, 
t=,3200400, id=,B00, PRDE,actvstrat=,1.000000, actvprof=,0.000000, id=,B03, PRDE,actvstrat=,-1.000000, actvprof=,0.013404, id=,B05, PRDE,actvstrat=,0.999926, actvprof=,1.049148, id=,B06, PRDE,actvstrat=,-1.000000, actvprof=,2.573304, id=,B08, PRDE,actvstrat=,1.000000, actvprof=,5.989109, id=,S01, PRDE,actvstrat=,0.941526, actvprof=,5.027087, id=,S02, PRDE,actvstrat=,-1.000000, actvprof=,3.284278, id=,S07, PRDE,actvstrat=,1.000000, actvprof=,0.001676, id=,S08, PRDE,actvstrat=,-1.000000, actvprof=,0.000000, id=,S09, PRDE,actvstrat=,1.000000, actvprof=,0.000000, best_B_id=,B08, best_B_prof=,5.989109, best_B_strat=,1.000000, best_S_id=,S01, best_S_prof=,5.027087, best_S_strat=,0.941526, 
t=,3204000, id=,B00, PRDE,actvstrat=,1.000000, actvprof=,0.000000, id=,B03, PRDE,actvstrat=,-1.000000, actvprof=,0.011976, id=,B05, PRDE,actvstrat=,0.999926, actvprof=,1.079933, id=,B06, PRDE,actvstrat=,-1.000000, actvprof=,2.652277, id=,B08, PRDE,actvstrat=,1.000000, actvprof=,5.992759, id=,S01, PRDE,actvstrat=,0.941526, actvprof=,4.936221, id=,S02, PRDE,actvstrat=,-1.000000, actvprof=,3.243699, id=,S07, PRDE,actvstrat=,1.000000, actvprof=,0.004178, id=,S08, PRDE,actvstrat=,-1.000000, actvprof=,0.000000, id=,S09, PRDE,actvstrat=,1.000000, actvprof=,0.000000, best_B_id=,B08, best_B_prof=,5.992759, best_B_strat=,1.000000, best_S_id=,S01, best_S_prof=,4.936221, best_S_strat=,0.941526, 
t=,3207600, id=,B00, PRDE,actvstrat=,0.410055, actvprof=,0.000000, id=,B03, PRDE,actvstrat=,-1.000000, actvprof=,0.002793, id=,B05, PRDE,actvstrat=,-1.000000, actvprof=,0.872394, id=,B06, PRDE,actvstrat=,-1.000000, actvprof=,2.288499, id=,B08, PRDE,actvstrat=,-1.000000, actvprof=,5.453302, id=,S01, PRDE,actvstrat=,0.707632, actvprof=,3.862662, id=,S02, PRDE,actvstrat=,-1.000000, actvprof=,3.535933, id=,S07, PRDE,actvstrat=,1.000000, actvprof=,0.000000, id=,S08, PRDE,actvstrat=,-1.000000, actvprof=,0.000000, id=,S09, PRDE,actvstrat=,1.000000, actvprof=,0.000000, best_B_id=,B08, best_B_prof=,5.453302, best_B_strat=,-1.000000, best_S_id=,S01, best_S_prof=,3.862662, best_S_strat=,0.707632, 
t=,3211200, id=,B00, PRDE,actvstrat=,0.410055, actvprof=,0.000000, id=,B03, PRDE,actvstrat=,-1.000000, actvprof=,0.003203, id=,B05, PRDE,actvstrat=,-1.000000, actvprof=,0.852116, id=,B06, PRDE,actvstrat=,-1.000000, actvprof=,2.305405, id=,B08, PRDE,actvstrat=,-1.000000, actvprof=,5.406248, id=,S01, PRDE,actvstrat=,0.707632, actvprof=,3.865923, id=,S02, PRDE,actvstrat=,-1.000000, actvprof=,3.496613, id=,S07, PRDE,actvstrat=,1.000000, actvprof=,0.000000, id=,S08, PRDE,actvstrat=,-1.000000, actvprof=,0.000000, id=,S09, PRDE,actvstrat=,1.000000, actvprof=,0.000000, best_B_id=,B08, best_B_prof=,5.406248, best_B_strat=,-1.000000, best_S_id=,S01, best_S_prof=,3.865923, best_S_strat=,0.707632, 
t=,3214800, id=,B00, PRDE,actvstrat=,-1.000000, actvprof=,0.000000, id=,B03, PRDE,actvstrat=,-1.000000, actvprof=,0.018431, id=,B05, PRDE,actvstrat=,-1.000000, actvprof=,1.209472, id=,B06, PRDE,actvstrat=,0.956080, actvprof=,2.490994, id=,B08, PRDE,actvstrat=,1.000000, actvprof=,5.786255, id=,S01, PRDE,actvstrat=,0.883053, actvprof=,4.659164, id=,S02, PRDE,actvstrat=,1.000000, actvprof=,3.357257, id=,S07, PRDE,actvstrat=,-1.000000, actvprof=,0.000000, id=,S08, PRDE,actvstrat=,-1.000000, actvprof=,0.000000, id=,S09, PRDE,actvstrat=,-0.893498, actvprof=,0.000000, best_B_id=,B08, best_B_prof=,5.786255, best_B_strat=,1.000000, best_S_id=,S01, best_S_prof=,4.659164, best_S_strat=,0.883053, 
t=,3218400, id=,B00, PRDE,actvstrat=,-1.000000, actvprof=,0.000000, id=,B03, PRDE,actvstrat=,-1.000000, actvprof=,0.016572, id=,B05, PRDE,actvstrat=,-1.000000, actvprof=,1.190650, id=,B06, PRDE,actvstrat=,0.956080, actvprof=,2.521393, id=,B08, PRDE,actvstrat=,1.000000, actvprof=,5.836971, id=,S01, PRDE,actvstrat=,0.883053, actvprof=,4.658576, id=,S02, PRDE,actvstrat=,1.000000, actvprof=,3.360558, id=,S07, PRDE,actvstrat=,-1.000000, actvprof=,0.001114, id=,S08, PRDE,actvstrat=,-1.000000, actvprof=,0.000000, id=,S09, PRDE,actvstrat=,-0.893498, actvprof=,0.000000, best_B_id=,B08, best_B_prof=,5.836971, best_B_strat=,1.000000, best_S_id=,S01, best_S_prof=,4.658576, best_S_strat=,0.883053, 
t=,3222000, id=,B00, PRDE,actvstrat=,-1.000000, actvprof=,0.000000, id=,B03, PRDE,actvstrat=,-1.000000, actvprof=,0.007261, id=,B05, PRDE,actvstrat=,-1.000000, actvprof=,0.934694, id=,B06, PRDE,actvstrat=,-1.000000, actvprof=,2.450535, id=,B08, PRDE,actvstrat=,-1.000000, actvprof=,5.268582, id=,S01, PRDE,actvstrat=,1.000000, actvprof=,5.473561, id=,S02, PRDE,actvstrat=,1.000000, actvprof=,3.720904, id=,S07, PRDE,actvstrat=,1.000000, actvprof=,0.000000, id=,S08, PRDE,actvstrat=,1.000000, actvprof=,0.000000, id=,S09, PRDE,actvstrat=,-1.000000, actvprof=,0.000000, best_B_id=,B08, best_B_prof=,5.268582, best_B_strat=,-1.000000, best_S_id=,S01, best_S_prof=,5.473561, best_S_strat=,1.000000, 
t=,3225600, id=,B00, PRDE,actvstrat=,-1.000000, actvprof=,0.000000, id=,B03, PRDE,actvstrat=,-1.000000, actvprof=,0.009191, id=,B05, PRDE,actvstrat=,-1.000000, actvprof=,0.926074, id=,B06, PRDE,actvstrat=,-1.000000, actvprof=,2.425200, id=,B08, PRDE,actvstrat=,-1.000000, actvprof=,5.369559, id=,S01, PRDE,actvstrat=,1.000000, actvprof=,5.440721, id=,S02, PRDE,actvstrat=,1.000000, actvprof=,3.712931, id=,S07, PRDE,actvstrat=,1.000000, actvprof=,0.000000, id=,S08, PRDE,actvstrat=,1.000000, actvprof=,0.000000, id=,S09, PRDE,actvstrat=,-1.000000, actvprof=,0.000000, best_B_id=,B08, best_B_prof=,5.369559, best_B_strat=,-1.000000, best_S_id=,S01, best_S_prof=,5.440721, best_S_strat=,1.000000, 
t=,3229200, id=,B00, PRDE,actvstrat=,1.000000, actvprof=,0.000000, id=,B03, PRDE,actvstrat=,-1.000000, actvprof=,0.004747, id=,B05, PRDE,actvstrat=,-1.000000, actvprof=,0.960918, id=,B06, PRDE,actvstrat=,-1.000000, actvprof=,2.444044, id=,B08, PRDE,actvstrat=,-1.000000, actvprof=,5.464751, id=,S01, PRDE,actvstrat=,1.000000, actvprof=,5.428448, id=,S02, PRDE,actvstrat=,1.000000, actvprof=,3.800109, id=,S07, PRDE,actvstrat=,1.000000, actvprof=,0.000000, id=,S08, PRDE,actvstrat=,-1.000000, actvprof=,0.000000, id=,S09, PRDE,actvstrat=,-0.893498, actvprof=,0.000000, best_B_id=,B08, best_B_prof=,5.464751, best_B_strat=,-1.000000, best_S_id=,S01, best_S_prof=,5.428448, best_S_strat=,1.000000, 
t=,3232800, id=,B00, PRDE,actvstrat=,1.000000, actvprof=,0.000000, id=,B03, PRDE,actvstrat=,-1.000000, actvprof=,0.015040, id=,B05, PRDE,actvstrat=,-1.000000, actvprof=,0.945856, id=,B06, PRDE,actvstrat=,-1.000000, actvprof=,2.465603, id=,B08, PRDE,actvstrat=,-1.000000, actvprof=,5.454824, id=,S01, PRDE,actvstrat=,1.000000, actvprof=,5.392018, id=,S02, PRDE,actvstrat=,1.000000, actvprof=,3.735795, id=,S07, PRDE,actvstrat=,1.000000, actvprof=,0.000000, id=,S08, PRDE,actvstrat=,-1.000000, actvprof=,0.000000, id=,S09, PRDE,actvstrat=,-0.893498, actvprof=,0.000000, best_B_id=,B08, best_B_prof=,5.454824, best_B_strat=,-1.000000, best_S_id=,S01, best_S_prof=,5.392018, best_S_strat=,1.000000, 
t=,3236400, id=,B00, PRDE,actvstrat=,1.000000, actvprof=,0.000000, id=,B03, PRDE,actvstrat=,0.015837, actvprof=,0.000000, id=,B05, PRDE,actvstrat=,0.400157, actvprof=,1.125183, id=,B06, PRDE,actvstrat=,-0.912160, actvprof=,0.345458, id=,B08, PRDE,actvstrat=,-1.000000, actvprof=,6.603365, id=,S01, PRDE,actvstrat=,0.356791, actvprof=,1.492983, id=,S02, PRDE,actvstrat=,-1.000000, actvprof=,2.415416, id=,S07, PRDE,actvstrat=,1.000000, actvprof=,0.000000, id=,S08, PRDE,actvstrat=,1.000000, actvprof=,0.000000, id=,S09, PRDE,actvstrat=,1.000000, actvprof=,0.000000, best_B_id=,B08, best_B_prof=,6.603365, best_B_strat=,-1.000000, best_S_id=,S02, best_S_prof=,2.415416, best_S_strat=,-1.000000, 
t=,3240000, id=,B00, PRDE,actvstrat=,1.000000, actvprof=,0.000000, id=,B03, PRDE,actvstrat=,0.015837, actvprof=,0.000000, id=,B05, PRDE,actvstrat=,0.400157, actvprof=,1.127598, id=,B06, PRDE,actvstrat=,-0.912160, actvprof=,0.280611, id=,B08, PRDE,actvstrat=,-1.000000, actvprof=,6.559064, id=,S01, PRDE,actvstrat=,0.356791, actvprof=,1.467674, id=,S02, PRDE,actvstrat=,-1.000000, actvprof=,2.450997, id=,S07, PRDE,actvstrat=,1.000000, actvprof=,0.000000, id=,S08, PRDE,actvstrat=,1.000000, actvprof=,0.000000, id=,S09, PRDE,actvstrat=,1.000000, actvprof=,0.000000, best_B_id=,B08, best_B_prof=,6.559064, best_B_strat=,-1.000000, best_S_id=,S02, best_S_prof=,2.450997, best_S_strat=,-1.000000, 
t=,3243600, id=,B00, PRDE,actvstrat=,0.410055, actvprof=,0.000000, id=,B03, PRDE,actvstrat=,-1.000000, actvprof=,0.023738, id=,B05, PRDE,actvstrat=,0.400157, actvprof=,0.714385, id=,B06, PRDE,actvstrat=,1.000000, actvprof=,2.875136, id=,B08, PRDE,actvstrat=,-1.000000, actvprof=,5.829586, id=,S01, PRDE,actvstrat=,1.000000, actvprof=,4.801854, id=,S02, PRDE,actvstrat=,1.000000, actvprof=,3.109448, id=,S07, PRDE,actvstrat=,1.000000, actvprof=,0.000000, id=,S08, PRDE,actvstrat=,0.376477, actvprof=,0.000000, id=,S09, PRDE,actvstrat=,1.000000, actvprof=,0.000000, best_B_id=,B08, best_B_prof=,5.829586, best_B_strat=,-1.000000, best_S_id=,S01, best_S_prof=,4.801854, best_S_strat=,1.000000, 
t=,3247200, id=,B00, PRDE,actvstrat=,0.410055, actvprof=,0.000000, id=,B03, PRDE,actvstrat=,-1.000000, actvprof=,0.019357, id=,B05, PRDE,actvstrat=,0.400157, actvprof=,0.698669, id=,B06, PRDE,actvstrat=,1.000000, actvprof=,2.826426, id=,B08, PRDE,actvstrat=,-1.000000, actvprof=,5.810912, id=,S01, PRDE,actvstrat=,1.000000, actvprof=,4.822304, id=,S02, PRDE,actvstrat=,1.000000, actvprof=,3.143243, id=,S07, PRDE,actvstrat=,1.000000, actvprof=,0.000000, id=,S08, PRDE,actvstrat=,0.376477, actvprof=,0.000000, id=,S09, PRDE,actvstrat=,1.000000, actvprof=,0.000000, best_B_id=,B08, best_B_prof=,5.810912, best_B_strat=,-1.000000, best_S_id=,S01, best_S_prof=,4.822304, best_S_strat=,1.000000, 
t=,3250800, id=,B00, PRDE,actvstrat=,-1.000000, actvprof=,0.000000, id=,B03, PRDE,actvstrat=,-1.000000, actvprof=,0.000000, id=,B05, PRDE,actvstrat=,1.000000, actvprof=,0.575873, id=,B06, PRDE,actvstrat=,-1.000000, actvprof=,2.045439, id=,B08, PRDE,actvstrat=,-1.000000, actvprof=,5.180344, id=,S01, PRDE,actvstrat=,0.356791, actvprof=,2.502339, id=,S02, PRDE,actvstrat=,-1.000000, actvprof=,3.750716, id=,S07, PRDE,actvstrat=,-1.000000, actvprof=,0.000000, id=,S08, PRDE,actvstrat=,-1.000000, actvprof=,0.000000, id=,S09, PRDE,actvstrat=,1.000000, actvprof=,0.000000, best_B_id=,B08, best_B_prof=,5.180344, best_B_strat=,-1.000000, best_S_id=,S02, best_S_prof=,3.750716, best_S_strat=,-1.000000, 
t=,3254400, id=,B00, PRDE,actvstrat=,-1.000000, actvprof=,0.000000, id=,B03, PRDE,actvstrat=,-1.000000, actvprof=,0.000696, id=,B05, PRDE,actvstrat=,1.000000, actvprof=,0.586994, id=,B06, PRDE,actvstrat=,-1.000000, actvprof=,2.089226, id=,B08, PRDE,actvstrat=,-1.000000, actvprof=,5.124745, id=,S01, PRDE,actvstrat=,0.356791, actvprof=,2.533336, id=,S02, PRDE,actvstrat=,-1.000000, actvprof=,3.779602, id=,S07, PRDE,actvstrat=,-1.000000, actvprof=,0.000000, id=,S08, PRDE,actvstrat=,-1.000000, actvprof=,0.000000, id=,S09, PRDE,actvstrat=,1.000000, actvprof=,0.000000, best_B_id=,B08, best_B_prof=,5.124745, best_B_strat=,-1.000000, best_S_id=,S02, best_S_prof=,3.779602, best_S_strat=,-1.000000, 
t=,3258000, id=,B00, PRDE,actvstrat=,-1.000000, actvprof=,0.000000, id=,B03, PRDE,actvstrat=,-1.000000, actvprof=,0.004468, id=,B05, PRDE,actvstrat=,-1.000000, actvprof=,1.061818, id=,B06, PRDE,actvstrat=,-1.000000, actvprof=,2.505411, id=,B08, PRDE,actvstrat=,-1.000000, actvprof=,5.601776, id=,S01, PRDE,actvstrat=,0.941526, actvprof=,5.191795, id=,S02, PRDE,actvstrat=,-1.000000, actvprof=,3.373410, id=,S07, PRDE,actvstrat=,-1.000000, actvprof=,0.000000, id=,S08, PRDE,actvstrat=,1.000000, actvprof=,0.000000, id=,S09, PRDE,actvstrat=,1.000000, actvprof=,0.000000, best_B_id=,B08, best_B_prof=,5.601776, best_B_strat=,-1.000000, best_S_id=,S01, best_S_prof=,5.191795, best_S_strat=,0.941526, 
t=,3261600, id=,B00, PRDE,actvstrat=,-1.000000, actvprof=,0.000000, id=,B03, PRDE,actvstrat=,-1.000000, actvprof=,0.004317, id=,B05, PRDE,actvstrat=,-1.000000, actvprof=,1.071630, id=,B06, PRDE,actvstrat=,-1.000000, actvprof=,2.571494, id=,B08, PRDE,actvstrat=,-1.000000, actvprof=,5.662162, id=,S01, PRDE,actvstrat=,0.941526, actvprof=,5.205657, id=,S02, PRDE,actvstrat=,-1.000000, actvprof=,3.317248, id=,S07, PRDE,actvstrat=,-1.000000, actvprof=,0.000000, id=,S08, PRDE,actvstrat=,1.000000, actvprof=,0.000000, id=,S09, PRDE,actvstrat=,1.000000, actvprof=,0.000000, best_B_id=,B08, best_B_prof=,5.662162, best_B_strat=,-1.000000, best_S_id=,S01, best_S_prof=,5.205657, best_S_strat=,0.941526, 
t=,3265200, id=,B00, PRDE,actvstrat=,1.000000, actvprof=,0.000000, id=,B03, PRDE,actvstrat=,-1.000000, actvprof=,0.005306, id=,B05, PRDE,actvstrat=,1.000000, actvprof=,0.630909, id=,B06, PRDE,actvstrat=,1.000000, actvprof=,2.065325, id=,B08, PRDE,actvstrat=,-0.329992, actvprof=,2.976917, id=,S01, PRDE,actvstrat=,0.122897, actvprof=,1.792462, id=,S02, PRDE,actvstrat=,1.000000, actvprof=,3.630169, id=,S07, PRDE,actvstrat=,-1.000000, actvprof=,0.000000, id=,S08, PRDE,actvstrat=,1.000000, actvprof=,0.000000, id=,S09, PRDE,actvstrat=,-1.000000, actvprof=,0.000000, best_B_id=,B08, best_B_prof=,2.976917, best_B_strat=,-0.329992, best_S_id=,S02, best_S_prof=,3.630169, best_S_strat=,1.000000, 
t=,3268800, id=,B00, PRDE,actvstrat=,1.000000, actvprof=,0.000000, id=,B03, PRDE,actvstrat=,-1.000000, actvprof=,0.005988, id=,B05, PRDE,actvstrat=,1.000000, actvprof=,0.659699, id=,B06, PRDE,actvstrat=,1.000000, actvprof=,2.177549, id=,B08, PRDE,actvstrat=,-0.329992, actvprof=,2.992389, id=,S01, PRDE,actvstrat=,0.122897, actvprof=,1.780086, id=,S02, PRDE,actvstrat=,1.000000, actvprof=,3.601535, id=,S07, PRDE,actvstrat=,-1.000000, actvprof=,0.000000, id=,S08, PRDE,actvstrat=,1.000000, actvprof=,0.000000, id=,S09, PRDE,actvstrat=,-1.000000, actvprof=,0.000000, best_B_id=,B08, best_B_prof=,2.992389, best_B_strat=,-0.329992, best_S_id=,S02, best_S_prof=,3.601535, best_S_strat=,1.000000, 
t=,3272400, id=,B00, PRDE,actvstrat=,-1.000000, actvprof=,0.000000, id=,B03, PRDE,actvstrat=,-1.000000, actvprof=,0.001955, id=,B05, PRDE,actvstrat=,-1.000000, actvprof=,0.436792, id=,B06, PRDE,actvstrat=,-1.000000, actvprof=,1.853574, id=,B08, PRDE,actvstrat=,-1.000000, actvprof=,4.861129, id=,S01, PRDE,actvstrat=,0.356791, actvprof=,2.769609, id=,S02, PRDE,actvstrat=,1.000000, actvprof=,4.395571, id=,S07, PRDE,actvstrat=,1.000000, actvprof=,0.000000, id=,S08, PRDE,actvstrat=,-1.000000, actvprof=,0.000000, id=,S09, PRDE,actvstrat=,-1.000000, actvprof=,0.000000, best_B_id=,B08, best_B_prof=,4.861129, best_B_strat=,-1.000000, best_S_id=,S02, best_S_prof=,4.395571, best_S_strat=,1.000000, 
t=,3276000, id=,B00, PRDE,actvstrat=,-1.000000, actvprof=,0.000000, id=,B03, PRDE,actvstrat=,-1.000000, actvprof=,0.001393, id=,B05, PRDE,actvstrat=,-1.000000, actvprof=,0.477683, id=,B06, PRDE,actvstrat=,-1.000000, actvprof=,1.892208, id=,B08, PRDE,actvstrat=,-1.000000, actvprof=,4.945338, id=,S01, PRDE,actvstrat=,0.356791, actvprof=,2.671680, id=,S02, PRDE,actvstrat=,1.000000, actvprof=,4.343291, id=,S07, PRDE,actvstrat=,1.000000, actvprof=,0.000000, id=,S08, PRDE,actvstrat=,-1.000000, actvprof=,0.000000, id=,S09, PRDE,actvstrat=,-1.000000, actvprof=,0.000000, best_B_id=,B08, best_B_prof=,4.945338, best_B_strat=,-1.000000, best_S_id=,S02, best_S_prof=,4.343291, best_S_strat=,1.000000, 
t=,3279600, id=,B00, PRDE,actvstrat=,1.000000, actvprof=,0.000000, id=,B03, PRDE,actvstrat=,-1.000000, actvprof=,0.022623, id=,B05, PRDE,actvstrat=,-1.000000, actvprof=,1.148196, id=,B06, PRDE,actvstrat=,1.000000, actvprof=,2.473746, id=,B08, PRDE,actvstrat=,0.340016, actvprof=,4.970953, id=,S01, PRDE,actvstrat=,0.941526, actvprof=,5.035192, id=,S02, PRDE,actvstrat=,1.000000, actvprof=,3.356888, id=,S07, PRDE,actvstrat=,-1.000000, actvprof=,0.000000, id=,S08, PRDE,actvstrat=,1.000000, actvprof=,0.000000, id=,S09, PRDE,actvstrat=,1.000000, actvprof=,0.000000, best_B_id=,B08, best_B_prof=,4.970953, best_B_strat=,0.340016, best_S_id=,S01, best_S_prof=,5.035192, best_S_strat=,0.941526, 
t=,3283200, id=,B00, PRDE,actvstrat=,1.000000, actvprof=,0.000000, id=,B03, PRDE,actvstrat=,-1.000000, actvprof=,0.019776, id=,B05, PRDE,actvstrat=,-1.000000, actvprof=,1.234184, id=,B06, PRDE,actvstrat=,1.000000, actvprof=,2.516834, id=,B08, PRDE,actvstrat=,0.340016, actvprof=,4.925597, id=,S01, PRDE,actvstrat=,0.941526, actvprof=,4.944537, id=,S02, PRDE,actvstrat=,1.000000, actvprof=,3.286702, id=,S07, PRDE,actvstrat=,-1.000000, actvprof=,0.000000, id=,S08, PRDE,actvstrat=,1.000000, actvprof=,0.000000, id=,S09, PRDE,actvstrat=,1.000000, actvprof=,0.000000, best_B_id=,B08, best_B_prof=,4.925597, best_B_strat=,0.340016, best_S_id=,S01, best_S_prof=,4.944537, best_S_strat=,0.941526, 
t=,3286800, id=,B00, PRDE,actvstrat=,-1.000000, actvprof=,0.000000, id=,B03, PRDE,actvstrat=,0.015837, actvprof=,0.003910, id=,B05, PRDE,actvstrat=,1.000000, actvprof=,0.723393, id=,B06, PRDE,actvstrat=,1.000000, actvprof=,2.128842, id=,B08, PRDE,actvstrat=,0.340016, actvprof=,4.458223, id=,S01, PRDE,actvstrat=,0.707632, actvprof=,3.561942, id=,S02, PRDE,actvstrat=,1.000000, actvprof=,3.446032, id=,S07, PRDE,actvstrat=,1.000000, actvprof=,0.001676, id=,S08, PRDE,actvstrat=,1.000000, actvprof=,0.000000, id=,S09, PRDE,actvstrat=,1.000000, actvprof=,0.000000, best_B_id=,B08, best_B_prof=,4.458223, best_B_strat=,0.340016, best_S_id=,S01, best_S_prof=,3.561942, best_S_strat=,0.707632, 
t=,3290400, id=,B00, PRDE,actvstrat=,-1.000000, actvprof=,0.000000, id=,B03, PRDE,actvstrat=,0.015837, actvprof=,0.008356, id=,B05, PRDE,actvstrat=,1.000000, actvprof=,0.732968, id=,B06, PRDE,actvstrat=,1.000000, actvprof=,2.157679, id=,B08, PRDE,actvstrat=,0.340016, actvprof=,4.557267, id=,S01, PRDE,actvstrat=,0.707632, actvprof=,3.618740, id=,S02, PRDE,actvstrat=,1.000000, actvprof=,3.382402, id=,S07, PRDE,actvstrat=,1.000000, actvprof=,0.001114, id=,S08, PRDE,actvstrat=,1.000000, actvprof=,0.000000, id=,S09, PRDE,actvstrat=,1.000000, actvprof=,0.000000, best_B_id=,B08, best_B_prof=,4.557267, best_B_strat=,0.340016, best_S_id=,S01, best_S_prof=,3.618740, best_S_strat=,0.707632, 
t=,3294000, id=,B00, PRDE,actvstrat=,1.000000, actvprof=,0.000000, id=,B03, PRDE,actvstrat=,-1.000000, actvprof=,0.007541, id=,B05, PRDE,actvstrat=,-1.000000, actvprof=,1.346237, id=,B06, PRDE,actvstrat=,-1.000000, actvprof=,2.861731, id=,B08, PRDE,actvstrat=,-0.329992, actvprof=,3.858003, id=,S01, PRDE,actvstrat=,0.824579, actvprof=,4.020277, id=,S02, PRDE,actvstrat=,-1.000000, actvprof=,3.040764, id=,S07, PRDE,actvstrat=,-1.000000, actvprof=,0.000000, id=,S08, PRDE,actvstrat=,-1.000000, actvprof=,0.000000, id=,S09, PRDE,actvstrat=,1.000000, actvprof=,0.000000, best_B_id=,B08, best_B_prof=,3.858003, best_B_strat=,-0.329992, best_S_id=,S01, best_S_prof=,4.020277, best_S_strat=,0.824579, 
t=,3297600, id=,B00, PRDE,actvstrat=,1.000000, actvprof=,0.000000, id=,B03, PRDE,actvstrat=,-1.000000, actvprof=,0.005710, id=,B05, PRDE,actvstrat=,-1.000000, actvprof=,1.335998, id=,B06, PRDE,actvstrat=,-1.000000, actvprof=,2.834104, id=,B08, PRDE,actvstrat=,-0.329992, actvprof=,3.837251, id=,S01, PRDE,actvstrat=,0.824579, actvprof=,4.079578, id=,S02, PRDE,actvstrat=,-1.000000, actvprof=,3.082140, id=,S07, PRDE,actvstrat=,-1.000000, actvprof=,0.000000, id=,S08, PRDE,actvstrat=,-1.000000, actvprof=,0.000000, id=,S09, PRDE,actvstrat=,1.000000, actvprof=,0.000000, best_B_id=,B08, best_B_prof=,3.837251, best_B_strat=,-0.329992, best_S_id=,S01, best_S_prof=,4.079578, best_S_strat=,0.824579, 
t=,3301200, id=,B00, PRDE,actvstrat=,1.000000, actvprof=,0.000000, id=,B03, PRDE,actvstrat=,-1.000000, actvprof=,0.008938, id=,B05, PRDE,actvstrat=,-1.000000, actvprof=,1.108318, id=,B06, PRDE,actvstrat=,-1.000000, actvprof=,2.589241, id=,B08, PRDE,actvstrat=,-1.000000, actvprof=,5.727613, id=,S01, PRDE,actvstrat=,1.000000, actvprof=,5.268141, id=,S02, PRDE,actvstrat=,-1.000000, actvprof=,3.259874, id=,S07, PRDE,actvstrat=,1.000000, actvprof=,0.000000, id=,S08, PRDE,actvstrat=,1.000000, actvprof=,0.000000, id=,S09, PRDE,actvstrat=,-1.000000, actvprof=,0.000000, best_B_id=,B08, best_B_prof=,5.727613, best_B_strat=,-1.000000, best_S_id=,S01, best_S_prof=,5.268141, best_S_strat=,1.000000, 
t=,3304800, id=,B00, PRDE,actvstrat=,1.000000, actvprof=,0.000000, id=,B03, PRDE,actvstrat=,-1.000000, actvprof=,0.010028, id=,B05, PRDE,actvstrat=,-1.000000, actvprof=,1.088410, id=,B06, PRDE,actvstrat=,-1.000000, actvprof=,2.606473, id=,B08, PRDE,actvstrat=,-1.000000, actvprof=,5.691903, id=,S01, PRDE,actvstrat=,1.000000, actvprof=,5.283697, id=,S02, PRDE,actvstrat=,-1.000000, actvprof=,3.265647, id=,S07, PRDE,actvstrat=,1.000000, actvprof=,0.000000, id=,S08, PRDE,actvstrat=,1.000000, actvprof=,0.000000, id=,S09, PRDE,actvstrat=,-1.000000, actvprof=,0.000000, best_B_id=,B08, best_B_prof=,5.691903, best_B_strat=,-1.000000, best_S_id=,S01, best_S_prof=,5.283697, best_S_strat=,1.000000, 
t=,3308400, id=,B00, PRDE,actvstrat=,-0.179891, actvprof=,0.000000, id=,B03, PRDE,actvstrat=,0.015837, actvprof=,0.006424, id=,B05, PRDE,actvstrat=,1.000000, actvprof=,0.674004, id=,B06, PRDE,actvstrat=,-1.000000, actvprof=,2.210553, id=,B08, PRDE,actvstrat=,-1.000000, actvprof=,5.303204, id=,S01, PRDE,actvstrat=,0.824579, actvprof=,4.665233, id=,S02, PRDE,actvstrat=,1.000000, actvprof=,3.803246, id=,S07, PRDE,actvstrat=,-1.000000, actvprof=,0.000000, id=,S08, PRDE,actvstrat=,1.000000, actvprof=,0.000000, id=,S09, PRDE,actvstrat=,-1.000000, actvprof=,0.000000, best_B_id=,B08, best_B_prof=,5.303204, best_B_strat=,-1.000000, best_S_id=,S01, best_S_prof=,4.665233, best_S_strat=,0.824579, 
t=,3312000, id=,B00, PRDE,actvstrat=,-0.179891, actvprof=,0.000000, id=,B03, PRDE,actvstrat=,0.015837, actvprof=,0.006824, id=,B05, PRDE,actvstrat=,1.000000, actvprof=,0.695951, id=,B06, PRDE,actvstrat=,-1.000000, actvprof=,2.266403, id=,B08, PRDE,actvstrat=,-1.000000, actvprof=,5.249370, id=,S01, PRDE,actvstrat=,0.824579, actvprof=,4.651607, id=,S02, PRDE,actvstrat=,1.000000, actvprof=,3.774321, id=,S07, PRDE,actvstrat=,-1.000000, actvprof=,0.000000, id=,S08, PRDE,actvstrat=,1.000000, actvprof=,0.000000, id=,S09, PRDE,actvstrat=,-1.000000, actvprof=,0.000000, best_B_id=,B08, best_B_prof=,5.249370, best_B_strat=,-1.000000, best_S_id=,S01, best_S_prof=,4.651607, best_S_strat=,0.824579, 
t=,3315600, id=,B00, PRDE,actvstrat=,1.000000, actvprof=,0.000000, id=,B03, PRDE,actvstrat=,-1.000000, actvprof=,0.003352, id=,B05, PRDE,actvstrat=,-1.000000, actvprof=,1.414785, id=,B06, PRDE,actvstrat=,-1.000000, actvprof=,2.942138, id=,B08, PRDE,actvstrat=,-0.329992, actvprof=,3.906649, id=,S01, PRDE,actvstrat=,0.941526, actvprof=,4.684571, id=,S02, PRDE,actvstrat=,-1.000000, actvprof=,2.872027, id=,S07, PRDE,actvstrat=,-1.000000, actvprof=,0.000000, id=,S08, PRDE,actvstrat=,1.000000, actvprof=,0.000000, id=,S09, PRDE,actvstrat=,-1.000000, actvprof=,0.000000, best_B_id=,B08, best_B_prof=,3.906649, best_B_strat=,-0.329992, best_S_id=,S01, best_S_prof=,4.684571, best_S_strat=,0.941526, 
t=,3319200, id=,B00, PRDE,actvstrat=,1.000000, actvprof=,0.000000, id=,B03, PRDE,actvstrat=,-1.000000, actvprof=,0.011420, id=,B05, PRDE,actvstrat=,-1.000000, actvprof=,1.448995, id=,B06, PRDE,actvstrat=,-1.000000, actvprof=,3.002026, id=,B08, PRDE,actvstrat=,-0.329992, actvprof=,3.896855, id=,S01, PRDE,actvstrat=,0.941526, actvprof=,4.696420, id=,S02, PRDE,actvstrat=,-1.000000, actvprof=,2.870692, id=,S07, PRDE,actvstrat=,-1.000000, actvprof=,0.000000, id=,S08, PRDE,actvstrat=,1.000000, actvprof=,0.000000, id=,S09, PRDE,actvstrat=,-1.000000, actvprof=,0.000000, best_B_id=,B08, best_B_prof=,3.896855, best_B_strat=,-0.329992, best_S_id=,S01, best_S_prof=,4.696420, best_S_strat=,0.941526, 
t=,3322800, id=,B00, PRDE,actvstrat=,1.000000, actvprof=,0.000000, id=,B03, PRDE,actvstrat=,-1.000000, actvprof=,0.006145, id=,B05, PRDE,actvstrat=,-1.000000, actvprof=,1.125962, id=,B06, PRDE,actvstrat=,1.000000, actvprof=,2.654712, id=,B08, PRDE,actvstrat=,-1.000000, actvprof=,5.732881, id=,S01, PRDE,actvstrat=,1.000000, actvprof=,5.279535, id=,S02, PRDE,actvstrat=,-1.000000, actvprof=,3.325652, id=,S07, PRDE,actvstrat=,-1.000000, actvprof=,0.000000, id=,S08, PRDE,actvstrat=,1.000000, actvprof=,0.000000, id=,S09, PRDE,actvstrat=,1.000000, actvprof=,0.000000, best_B_id=,B08, best_B_prof=,5.732881, best_B_strat=,-1.000000, best_S_id=,S01, best_S_prof=,5.279535, best_S_strat=,1.000000, 
t=,3326400, id=,B00, PRDE,actvstrat=,1.000000, actvprof=,0.000000, id=,B03, PRDE,actvstrat=,-1.000000, actvprof=,0.006546, id=,B05, PRDE,actvstrat=,-1.000000, actvprof=,1.147911, id=,B06, PRDE,actvstrat=,1.000000, actvprof=,2.630641, id=,B08, PRDE,actvstrat=,-1.000000, actvprof=,5.715460, id=,S01, PRDE,actvstrat=,1.000000, actvprof=,5.263510, id=,S02, PRDE,actvstrat=,-1.000000, actvprof=,3.289694, id=,S07, PRDE,actvstrat=,-1.000000, actvprof=,0.000000, id=,S08, PRDE,actvstrat=,1.000000, actvprof=,0.000000, id=,S09, PRDE,actvstrat=,1.000000, actvprof=,0.000000, best_B_id=,B08, best_B_prof=,5.715460, best_B_strat=,-1.000000, best_S_id=,S01, best_S_prof=,5.263510, best_S_strat=,1.000000, 
t=,3330000, id=,B00, PRDE,actvstrat=,1.000000, actvprof=,0.000000, id=,B03, PRDE,actvstrat=,-1.000000, actvprof=,0.000559, id=,B05, PRDE,actvstrat=,-1.000000, actvprof=,1.419852, id=,B06, PRDE,actvstrat=,-1.000000, actvprof=,2.980768, id=,B08, PRDE,actvstrat=,-0.329992, actvprof=,3.937765, id=,S01, PRDE,actvstrat=,0.824579, actvprof=,3.931340, id=,S02, PRDE,actvstrat=,-1.000000, actvprof=,3.062333, id=,S07, PRDE,actvstrat=,-1.000000, actvprof=,0.000000, id=,S08, PRDE,actvstrat=,-1.000000, actvprof=,0.000000, id=,S09, PRDE,actvstrat=,1.000000, actvprof=,0.000000, best_B_id=,B08, best_B_prof=,3.937765, best_B_strat=,-0.329992, best_S_id=,S01, best_S_prof=,3.931340, best_S_strat=,0.824579, 
t=,3333600, id=,B00, PRDE,actvstrat=,1.000000, actvprof=,0.000000, id=,B03, PRDE,actvstrat=,-1.000000, actvprof=,0.003621, id=,B05, PRDE,actvstrat=,-1.000000, actvprof=,1.376611, id=,B06, PRDE,actvstrat=,-1.000000, actvprof=,2.938878, id=,B08, PRDE,actvstrat=,-0.329992, actvprof=,3.875236, id=,S01, PRDE,actvstrat=,0.824579, actvprof=,3.962980, id=,S02, PRDE,actvstrat=,-1.000000, actvprof=,3.058935, id=,S07, PRDE,actvstrat=,-1.000000, actvprof=,0.000000, id=,S08, PRDE,actvstrat=,-1.000000, actvprof=,0.000000, id=,S09, PRDE,actvstrat=,1.000000, actvprof=,0.000000, best_B_id=,B08, best_B_prof=,3.875236, best_B_strat=,-0.329992, best_S_id=,S01, best_S_prof=,3.962980, best_S_strat=,0.824579, 
t=,3337200, id=,B00, PRDE,actvstrat=,-1.000000, actvprof=,0.000000, id=,B03, PRDE,actvstrat=,-1.000000, actvprof=,0.019274, id=,B05, PRDE,actvstrat=,1.000000, actvprof=,1.433280, id=,B06, PRDE,actvstrat=,1.000000, actvprof=,3.056510, id=,B08, PRDE,actvstrat=,-0.329992, actvprof=,4.128886, id=,S01, PRDE,actvstrat=,1.000000, actvprof=,4.451800, id=,S02, PRDE,actvstrat=,-1.000000, actvprof=,2.799799, id=,S07, PRDE,actvstrat=,-1.000000, actvprof=,0.000000, id=,S08, PRDE,actvstrat=,1.000000, actvprof=,0.000000, id=,S09, PRDE,actvstrat=,1.000000, actvprof=,0.000000, best_B_id=,B08, best_B_prof=,4.128886, best_B_strat=,-0.329992, best_S_id=,S01, best_S_prof=,4.451800, best_S_strat=,1.000000, 
t=,3340800, id=,B00, PRDE,actvstrat=,-1.000000, actvprof=,0.000000, id=,B03, PRDE,actvstrat=,-1.000000, actvprof=,0.022424, id=,B05, PRDE,actvstrat=,1.000000, actvprof=,1.406158, id=,B06, PRDE,actvstrat=,1.000000, actvprof=,3.037946, id=,B08, PRDE,actvstrat=,-0.329992, actvprof=,3.984624, id=,S01, PRDE,actvstrat=,1.000000, actvprof=,4.469592, id=,S02, PRDE,actvstrat=,-1.000000, actvprof=,2.872623, id=,S07, PRDE,actvstrat=,-1.000000, actvprof=,0.000000, id=,S08, PRDE,actvstrat=,1.000000, actvprof=,0.000000, id=,S09, PRDE,actvstrat=,1.000000, actvprof=,0.000000, best_B_id=,B08, best_B_prof=,3.984624, best_B_strat=,-0.329992, best_S_id=,S01, best_S_prof=,4.469592, best_S_strat=,1.000000, 
t=,3344400, id=,B00, PRDE,actvstrat=,1.000000, actvprof=,0.000000, id=,B03, PRDE,actvstrat=,0.015837, actvprof=,0.006425, id=,B05, PRDE,actvstrat=,1.000000, actvprof=,0.895314, id=,B06, PRDE,actvstrat=,1.000000, actvprof=,2.357427, id=,B08, PRDE,actvstrat=,-1.000000, actvprof=,5.379985, id=,S01, PRDE,actvstrat=,1.000000, actvprof=,4.957609, id=,S02, PRDE,actvstrat=,1.000000, actvprof=,3.452196, id=,S07, PRDE,actvstrat=,-1.000000, actvprof=,0.000000, id=,S08, PRDE,actvstrat=,1.000000, actvprof=,0.000000, id=,S09, PRDE,actvstrat=,1.000000, actvprof=,0.000000, best_B_id=,B08, best_B_prof=,5.379985, best_B_strat=,-1.000000, best_S_id=,S01, best_S_prof=,4.957609, best_S_strat=,1.000000, 
t=,3348000, id=,B00, PRDE,actvstrat=,1.000000, actvprof=,0.000000, id=,B03, PRDE,actvstrat=,0.015837, actvprof=,0.016017, id=,B05, PRDE,actvstrat=,1.000000, actvprof=,0.877329, id=,B06, PRDE,actvstrat=,1.000000, actvprof=,2.408023, id=,B08, PRDE,actvstrat=,-1.000000, actvprof=,5.364254, id=,S01, PRDE,actvstrat=,1.000000, actvprof=,4.995578, id=,S02, PRDE,actvstrat=,1.000000, actvprof=,3.416693, id=,S07, PRDE,actvstrat=,-1.000000, actvprof=,0.000000, id=,S08, PRDE,actvstrat=,1.000000, actvprof=,0.000000, id=,S09, PRDE,actvstrat=,1.000000, actvprof=,0.000000, best_B_id=,B08, best_B_prof=,5.364254, best_B_strat=,-1.000000, best_S_id=,S01, best_S_prof=,4.995578, best_S_strat=,1.000000, 
t=,3351600, id=,B00, PRDE,actvstrat=,-1.000000, actvprof=,0.000000, id=,B03, PRDE,actvstrat=,1.000000, actvprof=,0.000559, id=,B05, PRDE,actvstrat=,1.000000, actvprof=,0.955121, id=,B06, PRDE,actvstrat=,0.912160, actvprof=,2.605841, id=,B08, PRDE,actvstrat=,-1.000000, actvprof=,5.616750, id=,S01, PRDE,actvstrat=,0.941526, actvprof=,5.048259, id=,S02, PRDE,actvstrat=,-1.000000, actvprof=,3.327700, id=,S07, PRDE,actvstrat=,-1.000000, actvprof=,0.000000, id=,S08, PRDE,actvstrat=,1.000000, actvprof=,0.000000, id=,S09, PRDE,actvstrat=,1.000000, actvprof=,0.000000, best_B_id=,B08, best_B_prof=,5.616750, best_B_strat=,-1.000000, best_S_id=,S01, best_S_prof=,5.048259, best_S_strat=,0.941526, 
t=,3355200, id=,B00, PRDE,actvstrat=,-1.000000, actvprof=,0.000000, id=,B03, PRDE,actvstrat=,1.000000, actvprof=,0.001114, id=,B05, PRDE,actvstrat=,1.000000, actvprof=,0.955193, id=,B06, PRDE,actvstrat=,0.912160, actvprof=,2.598019, id=,B08, PRDE,actvstrat=,-1.000000, actvprof=,5.497026, id=,S01, PRDE,actvstrat=,0.941526, actvprof=,5.073471, id=,S02, PRDE,actvstrat=,-1.000000, actvprof=,3.335237, id=,S07, PRDE,actvstrat=,-1.000000, actvprof=,0.000000, id=,S08, PRDE,actvstrat=,1.000000, actvprof=,0.000000, id=,S09, PRDE,actvstrat=,1.000000, actvprof=,0.000000, best_B_id=,B08, best_B_prof=,5.497026, best_B_strat=,-1.000000, best_S_id=,S01, best_S_prof=,5.073471, best_S_strat=,0.941526, 
t=,3358800, id=,B00, PRDE,actvstrat=,0.410055, actvprof=,0.000000, id=,B03, PRDE,actvstrat=,0.015837, actvprof=,0.006425, id=,B05, PRDE,actvstrat=,1.000000, actvprof=,1.465527, id=,B06, PRDE,actvstrat=,1.000000, actvprof=,2.938876, id=,B08, PRDE,actvstrat=,-0.329992, actvprof=,4.211085, id=,S01, PRDE,actvstrat=,1.000000, actvprof=,4.426752, id=,S02, PRDE,actvstrat=,-1.000000, actvprof=,2.831881, id=,S07, PRDE,actvstrat=,1.000000, actvprof=,0.000000, id=,S08, PRDE,actvstrat=,1.000000, actvprof=,0.000000, id=,S09, PRDE,actvstrat=,-1.000000, actvprof=,0.000000, best_B_id=,B08, best_B_prof=,4.211085, best_B_strat=,-0.329992, best_S_id=,S01, best_S_prof=,4.426752, best_S_strat=,1.000000, 
t=,3362400, id=,B00, PRDE,actvstrat=,0.410055, actvprof=,0.000000, id=,B03, PRDE,actvstrat=,0.015837, actvprof=,0.009611, id=,B05, PRDE,actvstrat=,1.000000, actvprof=,1.433785, id=,B06, PRDE,actvstrat=,1.000000, actvprof=,2.967993, id=,B08, PRDE,actvstrat=,-0.329992, actvprof=,4.130592, id=,S01, PRDE,actvstrat=,1.000000, actvprof=,4.416959, id=,S02, PRDE,actvstrat=,-1.000000, actvprof=,2.844587, id=,S07, PRDE,actvstrat=,1.000000, actvprof=,0.000000, id=,S08, PRDE,actvstrat=,1.000000, actvprof=,0.000000, id=,S09, PRDE,actvstrat=,-1.000000, actvprof=,0.000000, best_B_id=,B08, best_B_prof=,4.130592, best_B_strat=,-0.329992, best_S_id=,S01, best_S_prof=,4.416959, best_S_strat=,1.000000, 
t=,3366000, id=,B00, PRDE,actvstrat=,1.000000, actvprof=,0.000000, id=,B03, PRDE,actvstrat=,1.000000, actvprof=,0.000279, id=,B05, PRDE,actvstrat=,1.000000, actvprof=,0.805967, id=,B06, PRDE,actvstrat=,-1.000000, actvprof=,2.419299, id=,B08, PRDE,actvstrat=,-1.000000, actvprof=,5.415206, id=,S01, PRDE,actvstrat=,0.824579, actvprof=,4.501963, id=,S02, PRDE,actvstrat=,-1.000000, actvprof=,3.625316, id=,S07, PRDE,actvstrat=,1.000000, actvprof=,0.000000, id=,S08, PRDE,actvstrat=,1.000000, actvprof=,0.000000, id=,S09, PRDE,actvstrat=,1.000000, actvprof=,0.000000, best_B_id=,B08, best_B_prof=,5.415206, best_B_strat=,-1.000000, best_S_id=,S01, best_S_prof=,4.501963, best_S_strat=,0.824579, 
t=,3369600, id=,B00, PRDE,actvstrat=,1.000000, actvprof=,0.000000, id=,B03, PRDE,actvstrat=,1.000000, actvprof=,0.001254, id=,B05, PRDE,actvstrat=,1.000000, actvprof=,0.837378, id=,B06, PRDE,actvstrat=,-1.000000, actvprof=,2.444721, id=,B08, PRDE,actvstrat=,-1.000000, actvprof=,5.492545, id=,S01, PRDE,actvstrat=,0.824579, actvprof=,4.500700, id=,S02, PRDE,actvstrat=,-1.000000, actvprof=,3.576129, id=,S07, PRDE,actvstrat=,1.000000, actvprof=,0.000000, id=,S08, PRDE,actvstrat=,1.000000, actvprof=,0.000000, id=,S09, PRDE,actvstrat=,1.000000, actvprof=,0.000000, best_B_id=,B08, best_B_prof=,5.492545, best_B_strat=,-1.000000, best_S_id=,S01, best_S_prof=,4.500700, best_S_strat=,0.824579, 
t=,3373200, id=,B00, PRDE,actvstrat=,-1.000000, actvprof=,0.000000, id=,B03, PRDE,actvstrat=,-1.000000, actvprof=,0.027937, id=,B05, PRDE,actvstrat=,1.000000, actvprof=,1.135913, id=,B06, PRDE,actvstrat=,-1.000000, actvprof=,2.744797, id=,B08, PRDE,actvstrat=,-0.329992, actvprof=,3.492946, id=,S01, PRDE,actvstrat=,0.941526, actvprof=,4.885040, id=,S02, PRDE,actvstrat=,1.000000, actvprof=,3.209387, id=,S07, PRDE,actvstrat=,-1.000000, actvprof=,0.000000, id=,S08, PRDE,actvstrat=,1.000000, actvprof=,0.000000, id=,S09, PRDE,actvstrat=,1.000000, actvprof=,0.000000, best_B_id=,B08, best_B_prof=,3.492946, best_B_strat=,-0.329992, best_S_id=,S01, best_S_prof=,4.885040, best_S_strat=,0.941526, 
t=,3376800, id=,B00, PRDE,actvstrat=,-1.000000, actvprof=,0.000000, id=,B03, PRDE,actvstrat=,-1.000000, actvprof=,0.018664, id=,B05, PRDE,actvstrat=,1.000000, actvprof=,1.081691, id=,B06, PRDE,actvstrat=,-1.000000, actvprof=,2.710774, id=,B08, PRDE,actvstrat=,-0.329992, actvprof=,3.547044, id=,S01, PRDE,actvstrat=,0.941526, actvprof=,4.933073, id=,S02, PRDE,actvstrat=,1.000000, actvprof=,3.269169, id=,S07, PRDE,actvstrat=,-1.000000, actvprof=,0.000000, id=,S08, PRDE,actvstrat=,1.000000, actvprof=,0.000000, id=,S09, PRDE,actvstrat=,1.000000, actvprof=,0.000000, best_B_id=,B08, best_B_prof=,3.547044, best_B_strat=,-0.329992, best_S_id=,S01, best_S_prof=,4.933073, best_S_strat=,0.941526, 
t=,3380400, id=,B00, PRDE,actvstrat=,1.000000, actvprof=,0.000000, id=,B03, PRDE,actvstrat=,-1.000000, actvprof=,0.012013, id=,B05, PRDE,actvstrat=,-1.000000, actvprof=,1.225066, id=,B06, PRDE,actvstrat=,1.000000, actvprof=,2.708275, id=,B08, PRDE,actvstrat=,-1.000000, actvprof=,5.562385, id=,S01, PRDE,actvstrat=,1.000000, actvprof=,5.124043, id=,S02, PRDE,actvstrat=,-1.000000, actvprof=,3.333240, id=,S07, PRDE,actvstrat=,-1.000000, actvprof=,0.000000, id=,S08, PRDE,actvstrat=,-1.000000, actvprof=,0.000000, id=,S09, PRDE,actvstrat=,1.000000, actvprof=,0.000000, best_B_id=,B08, best_B_prof=,5.562385, best_B_strat=,-1.000000, best_S_id=,S01, best_S_prof=,5.124043, best_S_strat=,1.000000, 
t=,3384000, id=,B00, PRDE,actvstrat=,1.000000, actvprof=,0.000000, id=,B03, PRDE,actvstrat=,-1.000000, actvprof=,0.009750, id=,B05, PRDE,actvstrat=,-1.000000, actvprof=,1.200657, id=,B06, PRDE,actvstrat=,1.000000, actvprof=,2.712901, id=,B08, PRDE,actvstrat=,-1.000000, actvprof=,5.679444, id=,S01, PRDE,actvstrat=,1.000000, actvprof=,5.107530, id=,S02, PRDE,actvstrat=,-1.000000, actvprof=,3.288576, id=,S07, PRDE,actvstrat=,-1.000000, actvprof=,0.000000, id=,S08, PRDE,actvstrat=,-1.000000, actvprof=,0.000000, id=,S09, PRDE,actvstrat=,1.000000, actvprof=,0.000000, best_B_id=,B08, best_B_prof=,5.679444, best_B_strat=,-1.000000, best_S_id=,S01, best_S_prof=,5.107530, best_S_strat=,1.000000, 
t=,3387600, id=,B00, PRDE,actvstrat=,1.000000, actvprof=,0.000000, id=,B03, PRDE,actvstrat=,-1.000000, actvprof=,0.007823, id=,B05, PRDE,actvstrat=,0.400157, actvprof=,0.811041, id=,B06, PRDE,actvstrat=,0.912160, actvprof=,3.046363, id=,B08, PRDE,actvstrat=,-1.000000, actvprof=,6.015059, id=,S01, PRDE,actvstrat=,0.824579, actvprof=,3.891489, id=,S02, PRDE,actvstrat=,-1.000000, actvprof=,2.940757, id=,S07, PRDE,actvstrat=,-1.000000, actvprof=,0.000000, id=,S08, PRDE,actvstrat=,1.000000, actvprof=,0.000000, id=,S09, PRDE,actvstrat=,1.000000, actvprof=,0.000000, best_B_id=,B08, best_B_prof=,6.015059, best_B_strat=,-1.000000, best_S_id=,S01, best_S_prof=,3.891489, best_S_strat=,0.824579, 
t=,3391200, id=,B00, PRDE,actvstrat=,1.000000, actvprof=,0.000000, id=,B03, PRDE,actvstrat=,-1.000000, actvprof=,0.004318, id=,B05, PRDE,actvstrat=,0.400157, actvprof=,0.802719, id=,B06, PRDE,actvstrat=,0.912160, actvprof=,3.042476, id=,B08, PRDE,actvstrat=,-1.000000, actvprof=,5.963493, id=,S01, PRDE,actvstrat=,0.824579, actvprof=,3.898960, id=,S02, PRDE,actvstrat=,-1.000000, actvprof=,2.944556, id=,S07, PRDE,actvstrat=,-1.000000, actvprof=,0.000000, id=,S08, PRDE,actvstrat=,1.000000, actvprof=,0.000000, id=,S09, PRDE,actvstrat=,1.000000, actvprof=,0.000000, best_B_id=,B08, best_B_prof=,5.963493, best_B_strat=,-1.000000, best_S_id=,S01, best_S_prof=,3.898960, best_S_strat=,0.824579, 
t=,3394800, id=,B00, PRDE,actvstrat=,-1.000000, actvprof=,0.000000, id=,B03, PRDE,actvstrat=,-1.000000, actvprof=,0.005308, id=,B05, PRDE,actvstrat=,1.000000, actvprof=,0.940966, id=,B06, PRDE,actvstrat=,-1.000000, actvprof=,2.556366, id=,B08, PRDE,actvstrat=,-1.000000, actvprof=,5.644959, id=,S01, PRDE,actvstrat=,0.883053, actvprof=,4.838376, id=,S02, PRDE,actvstrat=,-1.000000, actvprof=,3.273825, id=,S07, PRDE,actvstrat=,1.000000, actvprof=,0.000000, id=,S08, PRDE,actvstrat=,-1.000000, actvprof=,0.000000, id=,S09, PRDE,actvstrat=,1.000000, actvprof=,0.000000, best_B_id=,B08, best_B_prof=,5.644959, best_B_strat=,-1.000000, best_S_id=,S01, best_S_prof=,4.838376, best_S_strat=,0.883053, 
t=,3398400, id=,B00, PRDE,actvstrat=,-1.000000, actvprof=,0.000000, id=,B03, PRDE,actvstrat=,-1.000000, actvprof=,0.007104, id=,B05, PRDE,actvstrat=,1.000000, actvprof=,0.932403, id=,B06, PRDE,actvstrat=,-1.000000, actvprof=,2.516819, id=,B08, PRDE,actvstrat=,-1.000000, actvprof=,5.651805, id=,S01, PRDE,actvstrat=,0.883053, actvprof=,4.833758, id=,S02, PRDE,actvstrat=,-1.000000, actvprof=,3.322329, id=,S07, PRDE,actvstrat=,1.000000, actvprof=,0.000000, id=,S08, PRDE,actvstrat=,-1.000000, actvprof=,0.000000, id=,S09, PRDE,actvstrat=,1.000000, actvprof=,0.000000, best_B_id=,B08, best_B_prof=,5.651805, best_B_strat=,-1.000000, best_S_id=,S01, best_S_prof=,4.833758, best_S_strat=,0.883053, 
t=,3402000, id=,B00, PRDE,actvstrat=,1.000000, actvprof=,0.000000, id=,B03, PRDE,actvstrat=,-1.000000, actvprof=,0.007823, id=,B05, PRDE,actvstrat=,-1.000000, actvprof=,1.156388, id=,B06, PRDE,actvstrat=,1.000000, actvprof=,2.591046, id=,B08, PRDE,actvstrat=,-1.000000, actvprof=,5.706782, id=,S01, PRDE,actvstrat=,0.883053, actvprof=,4.816372, id=,S02, PRDE,actvstrat=,-1.000000, actvprof=,3.371935, id=,S07, PRDE,actvstrat=,1.000000, actvprof=,0.000000, id=,S08, PRDE,actvstrat=,-1.000000, actvprof=,0.000000, id=,S09, PRDE,actvstrat=,1.000000, actvprof=,0.000000, best_B_id=,B08, best_B_prof=,5.706782, best_B_strat=,-1.000000, best_S_id=,S01, best_S_prof=,4.816372, best_S_strat=,0.883053, 
t=,3405600, id=,B00, PRDE,actvstrat=,1.000000, actvprof=,0.000000, id=,B03, PRDE,actvstrat=,-1.000000, actvprof=,0.004597, id=,B05, PRDE,actvstrat=,-1.000000, actvprof=,1.161132, id=,B06, PRDE,actvstrat=,1.000000, actvprof=,2.643609, id=,B08, PRDE,actvstrat=,-1.000000, actvprof=,5.785603, id=,S01, PRDE,actvstrat=,0.883053, actvprof=,4.776995, id=,S02, PRDE,actvstrat=,-1.000000, actvprof=,3.319033, id=,S07, PRDE,actvstrat=,1.000000, actvprof=,0.000000, id=,S08, PRDE,actvstrat=,-1.000000, actvprof=,0.000000, id=,S09, PRDE,actvstrat=,1.000000, actvprof=,0.000000, best_B_id=,B08, best_B_prof=,5.785603, best_B_strat=,-1.000000, best_S_id=,S01, best_S_prof=,4.776995, best_S_strat=,0.883053, 
t=,3409200, id=,B00, PRDE,actvstrat=,-1.000000, actvprof=,0.000000, id=,B03, PRDE,actvstrat=,-1.000000, actvprof=,0.000000, id=,B05, PRDE,actvstrat=,-1.000000, actvprof=,0.314320, id=,B06, PRDE,actvstrat=,-1.000000, actvprof=,1.685037, id=,B08, PRDE,actvstrat=,-1.000000, actvprof=,4.863445, id=,S01, PRDE,actvstrat=,0.883053, actvprof=,5.743822, id=,S02, PRDE,actvstrat=,0.020529, actvprof=,1.293324, id=,S07, PRDE,actvstrat=,-1.000000, actvprof=,0.000000, id=,S08, PRDE,actvstrat=,1.000000, actvprof=,0.000000, id=,S09, PRDE,actvstrat=,0.997978, actvprof=,0.000000, best_B_id=,B08, best_B_prof=,4.863445, best_B_strat=,-1.000000, best_S_id=,S01, best_S_prof=,5.743822, best_S_strat=,0.883053, 
t=,3412800, id=,B00, PRDE,actvstrat=,-1.000000, actvprof=,0.000000, id=,B03, PRDE,actvstrat=,-1.000000, actvprof=,0.000975, id=,B05, PRDE,actvstrat=,-1.000000, actvprof=,0.331655, id=,B06, PRDE,actvstrat=,-1.000000, actvprof=,1.712738, id=,B08, PRDE,actvstrat=,-1.000000, actvprof=,4.898212, id=,S01, PRDE,actvstrat=,0.883053, actvprof=,5.778818, id=,S02, PRDE,actvstrat=,0.020529, actvprof=,1.199446, id=,S07, PRDE,actvstrat=,-1.000000, actvprof=,0.000000, id=,S08, PRDE,actvstrat=,1.000000, actvprof=,0.000000, id=,S09, PRDE,actvstrat=,0.997978, actvprof=,0.000000, best_B_id=,B08, best_B_prof=,4.898212, best_B_strat=,-1.000000, best_S_id=,S01, best_S_prof=,5.778818, best_S_strat=,0.883053, 
t=,3416400, id=,B00, PRDE,actvstrat=,-1.000000, actvprof=,0.000000, id=,B03, PRDE,actvstrat=,-1.000000, actvprof=,0.002794, id=,B05, PRDE,actvstrat=,-1.000000, actvprof=,1.021765, id=,B06, PRDE,actvstrat=,0.956080, actvprof=,2.470453, id=,B08, PRDE,actvstrat=,-1.000000, actvprof=,5.529882, id=,S01, PRDE,actvstrat=,0.824579, actvprof=,4.437428, id=,S02, PRDE,actvstrat=,-1.000000, actvprof=,3.514291, id=,S07, PRDE,actvstrat=,1.000000, actvprof=,0.000000, id=,S08, PRDE,actvstrat=,1.000000, actvprof=,0.000000, id=,S09, PRDE,actvstrat=,1.000000, actvprof=,0.000000, best_B_id=,B08, best_B_prof=,5.529882, best_B_strat=,-1.000000, best_S_id=,S01, best_S_prof=,4.437428, best_S_strat=,0.824579, 
t=,3420000, id=,B00, PRDE,actvstrat=,-1.000000, actvprof=,0.000000, id=,B03, PRDE,actvstrat=,-1.000000, actvprof=,0.002925, id=,B05, PRDE,actvstrat=,-1.000000, actvprof=,0.987868, id=,B06, PRDE,actvstrat=,0.956080, actvprof=,2.446686, id=,B08, PRDE,actvstrat=,-1.000000, actvprof=,5.509744, id=,S01, PRDE,actvstrat=,0.824579, actvprof=,4.477581, id=,S02, PRDE,actvstrat=,-1.000000, actvprof=,3.527322, id=,S07, PRDE,actvstrat=,1.000000, actvprof=,0.000000, id=,S08, PRDE,actvstrat=,1.000000, actvprof=,0.000000, id=,S09, PRDE,actvstrat=,1.000000, actvprof=,0.000000, best_B_id=,B08, best_B_prof=,5.509744, best_B_strat=,-1.000000, best_S_id=,S01, best_S_prof=,4.477581, best_S_strat=,0.824579, 
t=,3423600, id=,B00, PRDE,actvstrat=,1.000000, actvprof=,0.000000, id=,B03, PRDE,actvstrat=,1.000000, actvprof=,0.000838, id=,B05, PRDE,actvstrat=,1.000000, actvprof=,0.113997, id=,B06, PRDE,actvstrat=,-1.000000, actvprof=,1.569131, id=,B08, PRDE,actvstrat=,-1.000000, actvprof=,4.604294, id=,S01, PRDE,actvstrat=,1.000000, actvprof=,6.324583, id=,S02, PRDE,actvstrat=,-0.489736, actvprof=,0.395077, id=,S07, PRDE,actvstrat=,1.000000, actvprof=,0.000000, id=,S08, PRDE,actvstrat=,1.000000, actvprof=,0.000000, id=,S09, PRDE,actvstrat=,0.995956, actvprof=,0.000000, best_B_id=,B08, best_B_prof=,4.604294, best_B_strat=,-1.000000, best_S_id=,S01, best_S_prof=,6.324583, best_S_strat=,1.000000, 
t=,3427200, id=,B00, PRDE,actvstrat=,1.000000, actvprof=,0.000000, id=,B03, PRDE,actvstrat=,1.000000, actvprof=,0.000418, id=,B05, PRDE,actvstrat=,1.000000, actvprof=,0.145842, id=,B06, PRDE,actvstrat=,-1.000000, actvprof=,1.592422, id=,B08, PRDE,actvstrat=,-1.000000, actvprof=,4.619585, id=,S01, PRDE,actvstrat=,1.000000, actvprof=,6.273019, id=,S02, PRDE,actvstrat=,-0.489736, actvprof=,0.345591, id=,S07, PRDE,actvstrat=,1.000000, actvprof=,0.000000, id=,S08, PRDE,actvstrat=,1.000000, actvprof=,0.000000, id=,S09, PRDE,actvstrat=,0.995956, actvprof=,0.000000, best_B_id=,B08, best_B_prof=,4.619585, best_B_strat=,-1.000000, best_S_id=,S01, best_S_prof=,6.273019, best_S_strat=,1.000000, 
t=,3430800, id=,B00, PRDE,actvstrat=,1.000000, actvprof=,0.000000, id=,B03, PRDE,actvstrat=,-1.000000, actvprof=,0.004191, id=,B05, PRDE,actvstrat=,1.000000, actvprof=,0.962839, id=,B06, PRDE,actvstrat=,1.000000, actvprof=,2.531992, id=,B08, PRDE,actvstrat=,-1.000000, actvprof=,5.575021, id=,S01, PRDE,actvstrat=,0.883053, actvprof=,4.677843, id=,S02, PRDE,actvstrat=,-1.000000, actvprof=,3.372730, id=,S07, PRDE,actvstrat=,-1.000000, actvprof=,0.000000, id=,S08, PRDE,actvstrat=,1.000000, actvprof=,0.000000, id=,S09, PRDE,actvstrat=,0.997978, actvprof=,0.000000, best_B_id=,B08, best_B_prof=,5.575021, best_B_strat=,-1.000000, best_S_id=,S01, best_S_prof=,4.677843, best_S_strat=,0.883053, 
t=,3434400, id=,B00, PRDE,actvstrat=,1.000000, actvprof=,0.000000, id=,B03, PRDE,actvstrat=,-1.000000, actvprof=,0.005990, id=,B05, PRDE,actvstrat=,1.000000, actvprof=,0.936767, id=,B06, PRDE,actvstrat=,1.000000, actvprof=,2.518753, id=,B08, PRDE,actvstrat=,-1.000000, actvprof=,5.531728, id=,S01, PRDE,actvstrat=,0.883053, actvprof=,4.741641, id=,S02, PRDE,actvstrat=,-1.000000, actvprof=,3.397572, id=,S07, PRDE,actvstrat=,-1.000000, actvprof=,0.000000, id=,S08, PRDE,actvstrat=,1.000000, actvprof=,0.000000, id=,S09, PRDE,actvstrat=,0.997978, actvprof=,0.000000, best_B_id=,B08, best_B_prof=,5.531728, best_B_strat=,-1.000000, best_S_id=,S01, best_S_prof=,4.741641, best_S_strat=,0.883053, 
t=,3438000, id=,B00, PRDE,actvstrat=,-1.000000, actvprof=,0.000000, id=,B03, PRDE,actvstrat=,-1.000000, actvprof=,0.006706, id=,B05, PRDE,actvstrat=,1.000000, actvprof=,0.401520, id=,B06, PRDE,actvstrat=,1.000000, actvprof=,1.840510, id=,B08, PRDE,actvstrat=,0.047707, actvprof=,3.558635, id=,S01, PRDE,actvstrat=,0.883053, actvprof=,5.350247, id=,S02, PRDE,actvstrat=,0.020529, actvprof=,1.114029, id=,S07, PRDE,actvstrat=,1.000000, actvprof=,0.000000, id=,S08, PRDE,actvstrat=,-1.000000, actvprof=,0.000000, id=,S09, PRDE,actvstrat=,1.000000, actvprof=,0.000000, best_B_id=,B08, best_B_prof=,3.558635, best_B_strat=,0.047707, best_S_id=,S01, best_S_prof=,5.350247, best_S_strat=,0.883053, 
t=,3441600, id=,B00, PRDE,actvstrat=,-1.000000, actvprof=,0.000000, id=,B03, PRDE,actvstrat=,-1.000000, actvprof=,0.006826, id=,B05, PRDE,actvstrat=,1.000000, actvprof=,0.409394, id=,B06, PRDE,actvstrat=,1.000000, actvprof=,1.818245, id=,B08, PRDE,actvstrat=,0.047707, actvprof=,3.602780, id=,S01, PRDE,actvstrat=,0.883053, actvprof=,5.365307, id=,S02, PRDE,actvstrat=,0.020529, actvprof=,1.102676, id=,S07, PRDE,actvstrat=,1.000000, actvprof=,0.000000, id=,S08, PRDE,actvstrat=,-1.000000, actvprof=,0.000000, id=,S09, PRDE,actvstrat=,1.000000, actvprof=,0.000000, best_B_id=,B08, best_B_prof=,3.602780, best_B_strat=,0.047707, best_S_id=,S01, best_S_prof=,5.365307, best_S_strat=,0.883053, 
t=,3445200, id=,B00, PRDE,actvstrat=,-1.000000, actvprof=,0.000000, id=,B03, PRDE,actvstrat=,-1.000000, actvprof=,0.019838, id=,B05, PRDE,actvstrat=,-1.000000, actvprof=,1.515549, id=,B06, PRDE,actvstrat=,1.000000, actvprof=,2.971025, id=,B08, PRDE,actvstrat=,0.047707, actvprof=,4.640532, id=,S01, PRDE,actvstrat=,1.000000, actvprof=,4.624047, id=,S02, PRDE,actvstrat=,-1.000000, actvprof=,2.989187, id=,S07, PRDE,actvstrat=,-1.000000, actvprof=,0.000000, id=,S08, PRDE,actvstrat=,-1.000000, actvprof=,0.000000, id=,S09, PRDE,actvstrat=,1.000000, actvprof=,0.000000, best_B_id=,B08, best_B_prof=,4.640532, best_B_strat=,0.047707, best_S_id=,S01, best_S_prof=,4.624047, best_S_strat=,1.000000, 
t=,3448800, id=,B00, PRDE,actvstrat=,-1.000000, actvprof=,0.000000, id=,B03, PRDE,actvstrat=,-1.000000, actvprof=,0.019084, id=,B05, PRDE,actvstrat=,-1.000000, actvprof=,1.448561, id=,B06, PRDE,actvstrat=,1.000000, actvprof=,2.904504, id=,B08, PRDE,actvstrat=,0.047707, actvprof=,4.741149, id=,S01, PRDE,actvstrat=,1.000000, actvprof=,4.730841, id=,S02, PRDE,actvstrat=,-1.000000, actvprof=,3.046170, id=,S07, PRDE,actvstrat=,-1.000000, actvprof=,0.000000, id=,S08, PRDE,actvstrat=,-1.000000, actvprof=,0.000000, id=,S09, PRDE,actvstrat=,1.000000, actvprof=,0.000000, best_B_id=,B08, best_B_prof=,4.741149, best_B_strat=,0.047707, best_S_id=,S01, best_S_prof=,4.730841, best_S_strat=,1.000000, 
t=,3452400, id=,B00, PRDE,actvstrat=,1.000000, actvprof=,0.000000, id=,B03, PRDE,actvstrat=,-1.000000, actvprof=,0.002794, id=,B05, PRDE,actvstrat=,-1.000000, actvprof=,1.144222, id=,B06, PRDE,actvstrat=,-1.000000, actvprof=,2.577085, id=,B08, PRDE,actvstrat=,-1.000000, actvprof=,5.630859, id=,S01, PRDE,actvstrat=,1.000000, actvprof=,5.248055, id=,S02, PRDE,actvstrat=,-1.000000, actvprof=,3.248530, id=,S07, PRDE,actvstrat=,1.000000, actvprof=,0.000000, id=,S08, PRDE,actvstrat=,1.000000, actvprof=,0.000000, id=,S09, PRDE,actvstrat=,1.000000, actvprof=,0.000000, best_B_id=,B08, best_B_prof=,5.630859, best_B_strat=,-1.000000, best_S_id=,S01, best_S_prof=,5.248055, best_S_strat=,1.000000, 
t=,3456000, id=,B00, PRDE,actvstrat=,1.000000, actvprof=,0.000000, id=,B03, PRDE,actvstrat=,-1.000000, actvprof=,0.005433, id=,B05, PRDE,actvstrat=,-1.000000, actvprof=,1.078314, id=,B06, PRDE,actvstrat=,-1.000000, actvprof=,2.570625, id=,B08, PRDE,actvstrat=,-1.000000, actvprof=,5.629492, id=,S01, PRDE,actvstrat=,1.000000, actvprof=,5.333482, id=,S02, PRDE,actvstrat=,-1.000000, actvprof=,3.271299, id=,S07, PRDE,actvstrat=,1.000000, actvprof=,0.000000, id=,S08, PRDE,actvstrat=,1.000000, actvprof=,0.000000, id=,S09, PRDE,actvstrat=,1.000000, actvprof=,0.000000, best_B_id=,B08, best_B_prof=,5.629492, best_B_strat=,-1.000000, best_S_id=,S01, best_S_prof=,5.333482, best_S_strat=,1.000000, 
t=,3459600, id=,B00, PRDE,actvstrat=,1.000000, actvprof=,0.000000, id=,B03, PRDE,actvstrat=,0.015837, actvprof=,0.005309, id=,B05, PRDE,actvstrat=,1.000000, actvprof=,1.029424, id=,B06, PRDE,actvstrat=,-1.000000, actvprof=,2.609886, id=,B08, PRDE,actvstrat=,-1.000000, actvprof=,5.672730, id=,S01, PRDE,actvstrat=,1.000000, actvprof=,5.162769, id=,S02, PRDE,actvstrat=,-1.000000, actvprof=,3.361835, id=,S07, PRDE,actvstrat=,1.000000, actvprof=,0.000000, id=,S08, PRDE,actvstrat=,-1.000000, actvprof=,0.000000, id=,S09, PRDE,actvstrat=,1.000000, actvprof=,0.000000, best_B_id=,B08, best_B_prof=,5.672730, best_B_strat=,-1.000000, best_S_id=,S01, best_S_prof=,5.162769, best_S_strat=,1.000000, 
t=,3463200, id=,B00, PRDE,actvstrat=,1.000000, actvprof=,0.000000, id=,B03, PRDE,actvstrat=,0.015837, actvprof=,0.008358, id=,B05, PRDE,actvstrat=,1.000000, actvprof=,1.025116, id=,B06, PRDE,actvstrat=,-1.000000, actvprof=,2.585287, id=,B08, PRDE,actvstrat=,-1.000000, actvprof=,5.711062, id=,S01, PRDE,actvstrat=,1.000000, actvprof=,5.107749, id=,S02, PRDE,actvstrat=,-1.000000, actvprof=,3.338070, id=,S07, PRDE,actvstrat=,1.000000, actvprof=,0.000000, id=,S08, PRDE,actvstrat=,-1.000000, actvprof=,0.000000, id=,S09, PRDE,actvstrat=,1.000000, actvprof=,0.000000, best_B_id=,B08, best_B_prof=,5.711062, best_B_strat=,-1.000000, best_S_id=,S01, best_S_prof=,5.107749, best_S_strat=,1.000000, 
t=,3466800, id=,B00, PRDE,actvstrat=,-1.000000, actvprof=,0.000000, id=,B03, PRDE,actvstrat=,-1.000000, actvprof=,0.000000, id=,B05, PRDE,actvstrat=,1.000000, actvprof=,0.150059, id=,B06, PRDE,actvstrat=,1.000000, actvprof=,1.516515, id=,B08, PRDE,actvstrat=,-1.000000, actvprof=,4.504834, id=,S01, PRDE,actvstrat=,1.000000, actvprof=,6.393282, id=,S02, PRDE,actvstrat=,-0.489736, actvprof=,0.338680, id=,S07, PRDE,actvstrat=,1.000000, actvprof=,0.000000, id=,S08, PRDE,actvstrat=,1.000000, actvprof=,0.000000, id=,S09, PRDE,actvstrat=,1.000000, actvprof=,0.000000, best_B_id=,B08, best_B_prof=,4.504834, best_B_strat=,-1.000000, best_S_id=,S01, best_S_prof=,6.393282, best_S_strat=,1.000000, 
t=,3470400, id=,B00, PRDE,actvstrat=,-1.000000, actvprof=,0.000000, id=,B03, PRDE,actvstrat=,-1.000000, actvprof=,0.000000, id=,B05, PRDE,actvstrat=,1.000000, actvprof=,0.148636, id=,B06, PRDE,actvstrat=,1.000000, actvprof=,1.492631, id=,B08, PRDE,actvstrat=,-1.000000, actvprof=,4.431923, id=,S01, PRDE,actvstrat=,1.000000, actvprof=,6.355835, id=,S02, PRDE,actvstrat=,-0.489736, actvprof=,0.343660, id=,S07, PRDE,actvstrat=,1.000000, actvprof=,0.000000, id=,S08, PRDE,actvstrat=,1.000000, actvprof=,0.000000, id=,S09, PRDE,actvstrat=,1.000000, actvprof=,0.000000, best_B_id=,B08, best_B_prof=,4.431923, best_B_strat=,-1.000000, best_S_id=,S01, best_S_prof=,6.355835, best_S_strat=,1.000000, 
t=,3474000, id=,B00, PRDE,actvstrat=,-1.000000, actvprof=,0.000000, id=,B03, PRDE,actvstrat=,0.015837, actvprof=,0.009501, id=,B05, PRDE,actvstrat=,1.000000, actvprof=,1.102681, id=,B06, PRDE,actvstrat=,1.000000, actvprof=,2.588479, id=,B08, PRDE,actvstrat=,-1.000000, actvprof=,5.598916, id=,S01, PRDE,actvstrat=,1.000000, actvprof=,4.941666, id=,S02, PRDE,actvstrat=,-1.000000, actvprof=,3.389362, id=,S07, PRDE,actvstrat=,1.000000, actvprof=,0.000000, id=,S08, PRDE,actvstrat=,1.000000, actvprof=,0.000000, id=,S09, PRDE,actvstrat=,1.000000, actvprof=,0.000000, best_B_id=,B08, best_B_prof=,5.598916, best_B_strat=,-1.000000, best_S_id=,S01, best_S_prof=,4.941666, best_S_strat=,1.000000, 
t=,3477600, id=,B00, PRDE,actvstrat=,-1.000000, actvprof=,0.000000, id=,B03, PRDE,actvstrat=,0.015837, actvprof=,0.005433, id=,B05, PRDE,actvstrat=,1.000000, actvprof=,1.079187, id=,B06, PRDE,actvstrat=,1.000000, actvprof=,2.574475, id=,B08, PRDE,actvstrat=,-1.000000, actvprof=,5.598902, id=,S01, PRDE,actvstrat=,1.000000, actvprof=,4.965070, id=,S02, PRDE,actvstrat=,-1.000000, actvprof=,3.394975, id=,S07, PRDE,actvstrat=,1.000000, actvprof=,0.000000, id=,S08, PRDE,actvstrat=,1.000000, actvprof=,0.000000, id=,S09, PRDE,actvstrat=,1.000000, actvprof=,0.000000, best_B_id=,B08, best_B_prof=,5.598902, best_B_strat=,-1.000000, best_S_id=,S01, best_S_prof=,4.965070, best_S_strat=,1.000000, 
t=,3481200, id=,B00, PRDE,actvstrat=,1.000000, actvprof=,0.000000, id=,B03, PRDE,actvstrat=,-1.000000, actvprof=,0.019841, id=,B05, PRDE,actvstrat=,1.000000, actvprof=,1.276513, id=,B06, PRDE,actvstrat=,1.000000, actvprof=,2.827721, id=,B08, PRDE,actvstrat=,0.047707, actvprof=,4.863770, id=,S01, PRDE,actvstrat=,1.000000, actvprof=,4.620092, id=,S02, PRDE,actvstrat=,-1.000000, actvprof=,3.102697, id=,S07, PRDE,actvstrat=,-1.000000, actvprof=,0.000000, id=,S08, PRDE,actvstrat=,1.000000, actvprof=,0.000000, id=,S09, PRDE,actvstrat=,1.000000, actvprof=,0.000000, best_B_id=,B08, best_B_prof=,4.863770, best_B_strat=,0.047707, best_S_id=,S01, best_S_prof=,4.620092, best_S_strat=,1.000000, 
t=,3484800, id=,B00, PRDE,actvstrat=,1.000000, actvprof=,0.000000, id=,B03, PRDE,actvstrat=,-1.000000, actvprof=,0.018667, id=,B05, PRDE,actvstrat=,1.000000, actvprof=,1.248032, id=,B06, PRDE,actvstrat=,1.000000, actvprof=,2.801560, id=,B08, PRDE,actvstrat=,0.047707, actvprof=,4.821481, id=,S01, PRDE,actvstrat=,1.000000, actvprof=,4.656683, id=,S02, PRDE,actvstrat=,-1.000000, actvprof=,3.074041, id=,S07, PRDE,actvstrat=,-1.000000, actvprof=,0.000000, id=,S08, PRDE,actvstrat=,1.000000, actvprof=,0.000000, id=,S09, PRDE,actvstrat=,1.000000, actvprof=,0.000000, best_B_id=,B08, best_B_prof=,4.821481, best_B_strat=,0.047707, best_S_id=,S01, best_S_prof=,4.656683, best_S_strat=,1.000000, 
t=,3488400, id=,B00, PRDE,actvstrat=,-1.000000, actvprof=,0.000000, id=,B03, PRDE,actvstrat=,-1.000000, actvprof=,0.015090, id=,B05, PRDE,actvstrat=,-1.000000, actvprof=,1.234054, id=,B06, PRDE,actvstrat=,1.000000, actvprof=,2.658693, id=,B08, PRDE,actvstrat=,-1.000000, actvprof=,5.784348, id=,S01, PRDE,actvstrat=,1.000000, actvprof=,4.929229, id=,S02, PRDE,actvstrat=,-1.000000, actvprof=,3.213961, id=,S07, PRDE,actvstrat=,-1.000000, actvprof=,0.000000, id=,S08, PRDE,actvstrat=,1.000000, actvprof=,0.000000, id=,S09, PRDE,actvstrat=,1.000000, actvprof=,0.000000, best_B_id=,B08, best_B_prof=,5.784348, best_B_strat=,-1.000000, best_S_id=,S01, best_S_prof=,4.929229, best_S_strat=,1.000000, 
t=,3492000, id=,B00, PRDE,actvstrat=,-1.000000, actvprof=,0.000000, id=,B03, PRDE,actvstrat=,-1.000000, actvprof=,0.011144, id=,B05, PRDE,actvstrat=,-1.000000, actvprof=,1.250122, id=,B06, PRDE,actvstrat=,1.000000, actvprof=,2.677858, id=,B08, PRDE,actvstrat=,-1.000000, actvprof=,5.812496, id=,S01, PRDE,actvstrat=,1.000000, actvprof=,5.031274, id=,S02, PRDE,actvstrat=,-1.000000, actvprof=,3.245803, id=,S07, PRDE,actvstrat=,-1.000000, actvprof=,0.000000, id=,S08, PRDE,actvstrat=,1.000000, actvprof=,0.000000, id=,S09, PRDE,actvstrat=,1.000000, actvprof=,0.000000, best_B_id=,B08, best_B_prof=,5.812496, best_B_strat=,-1.000000, best_S_id=,S01, best_S_prof=,5.031274, best_S_strat=,1.000000, 
t=,3495600, id=,B00, PRDE,actvstrat=,1.000000, actvprof=,0.000000, id=,B03, PRDE,actvstrat=,-1.000000, actvprof=,0.000000, id=,B05, PRDE,actvstrat=,-1.000000, actvprof=,1.096300, id=,B06, PRDE,actvstrat=,1.000000, actvprof=,2.576012, id=,B08, PRDE,actvstrat=,1.000000, actvprof=,5.902359, id=,S01, PRDE,actvstrat=,0.766106, actvprof=,3.848368, id=,S02, PRDE,actvstrat=,-1.000000, actvprof=,3.432260, id=,S07, PRDE,actvstrat=,1.000000, actvprof=,0.002236, id=,S08, PRDE,actvstrat=,1.000000, actvprof=,0.000000, id=,S09, PRDE,actvstrat=,0.997978, actvprof=,0.000000, best_B_id=,B08, best_B_prof=,5.902359, best_B_strat=,1.000000, best_S_id=,S01, best_S_prof=,3.848368, best_S_strat=,0.766106, 
t=,3499200, id=,B00, PRDE,actvstrat=,1.000000, actvprof=,0.000000, id=,B03, PRDE,actvstrat=,-1.000000, actvprof=,0.001393, id=,B05, PRDE,actvstrat=,-1.000000, actvprof=,1.147470, id=,B06, PRDE,actvstrat=,1.000000, actvprof=,2.570211, id=,B08, PRDE,actvstrat=,1.000000, actvprof=,5.965396, id=,S01, PRDE,actvstrat=,0.766106, actvprof=,3.840271, id=,S02, PRDE,actvstrat=,-1.000000, actvprof=,3.410370, id=,S07, PRDE,actvstrat=,1.000000, actvprof=,0.001532, id=,S08, PRDE,actvstrat=,1.000000, actvprof=,0.000000, id=,S09, PRDE,actvstrat=,0.997978, actvprof=,0.000000, best_B_id=,B08, best_B_prof=,5.965396, best_B_strat=,1.000000, best_S_id=,S01, best_S_prof=,3.840271, best_S_strat=,0.766106, 
t=,3502800, id=,B00, PRDE,actvstrat=,-1.000000, actvprof=,0.000000, id=,B03, PRDE,actvstrat=,-1.000000, actvprof=,0.002795, id=,B05, PRDE,actvstrat=,1.000000, actvprof=,0.207632, id=,B06, PRDE,actvstrat=,1.000000, actvprof=,1.555701, id=,B08, PRDE,actvstrat=,-1.000000, actvprof=,4.501670, id=,S01, PRDE,actvstrat=,0.941526, actvprof=,6.270033, id=,S02, PRDE,actvstrat=,-0.489736, actvprof=,0.353505, id=,S07, PRDE,actvstrat=,1.000000, actvprof=,0.000000, id=,S08, PRDE,actvstrat=,1.000000, actvprof=,0.000000, id=,S09, PRDE,actvstrat=,1.000000, actvprof=,0.000000, best_B_id=,B08, best_B_prof=,4.501670, best_B_strat=,-1.000000, best_S_id=,S01, best_S_prof=,6.270033, best_S_strat=,0.941526, 
t=,3506400, id=,B00, PRDE,actvstrat=,-1.000000, actvprof=,0.000000, id=,B03, PRDE,actvstrat=,-1.000000, actvprof=,0.003343, id=,B05, PRDE,actvstrat=,1.000000, actvprof=,0.183886, id=,B06, PRDE,actvstrat=,1.000000, actvprof=,1.523052, id=,B08, PRDE,actvstrat=,-1.000000, actvprof=,4.477352, id=,S01, PRDE,actvstrat=,0.941526, actvprof=,6.301587, id=,S02, PRDE,actvstrat=,-0.489736, actvprof=,0.325284, id=,S07, PRDE,actvstrat=,1.000000, actvprof=,0.000000, id=,S08, PRDE,actvstrat=,1.000000, actvprof=,0.000000, id=,S09, PRDE,actvstrat=,1.000000, actvprof=,0.000000, best_B_id=,B08, best_B_prof=,4.477352, best_B_strat=,-1.000000, best_S_id=,S01, best_S_prof=,6.301587, best_S_strat=,0.941526, 
t=,3510000, id=,B00, PRDE,actvstrat=,1.000000, actvprof=,0.000000, id=,B03, PRDE,actvstrat=,0.015837, actvprof=,0.010061, id=,B05, PRDE,actvstrat=,-1.000000, actvprof=,1.310994, id=,B06, PRDE,actvstrat=,1.000000, actvprof=,2.768990, id=,B08, PRDE,actvstrat=,1.000000, actvprof=,6.206193, id=,S01, PRDE,actvstrat=,1.000000, actvprof=,4.729752, id=,S02, PRDE,actvstrat=,-1.000000, actvprof=,3.197418, id=,S07, PRDE,actvstrat=,1.000000, actvprof=,0.000559, id=,S08, PRDE,actvstrat=,-1.000000, actvprof=,0.000000, id=,S09, PRDE,actvstrat=,1.000000, actvprof=,0.000000, best_B_id=,B08, best_B_prof=,6.206193, best_B_strat=,1.000000, best_S_id=,S01, best_S_prof=,4.729752, best_S_strat=,1.000000, 
t=,3513600, id=,B00, PRDE,actvstrat=,1.000000, actvprof=,0.000000, id=,B03, PRDE,actvstrat=,0.015837, actvprof=,0.010309, id=,B05, PRDE,actvstrat=,-1.000000, actvprof=,1.339324, id=,B06, PRDE,actvstrat=,1.000000, actvprof=,2.803330, id=,B08, PRDE,actvstrat=,1.000000, actvprof=,6.193849, id=,S01, PRDE,actvstrat=,1.000000, actvprof=,4.778463, id=,S02, PRDE,actvstrat=,-1.000000, actvprof=,3.113990, id=,S07, PRDE,actvstrat=,1.000000, actvprof=,0.004040, id=,S08, PRDE,actvstrat=,-1.000000, actvprof=,0.000000, id=,S09, PRDE,actvstrat=,1.000000, actvprof=,0.000000, best_B_id=,B08, best_B_prof=,6.193849, best_B_strat=,1.000000, best_S_id=,S01, best_S_prof=,4.778463, best_S_strat=,1.000000, 
t=,3517200, id=,B00, PRDE,actvstrat=,1.000000, actvprof=,0.000000, id=,B03, PRDE,actvstrat=,-1.000000, actvprof=,0.003633, id=,B05, PRDE,actvstrat=,-1.000000, actvprof=,1.080167, id=,B06, PRDE,actvstrat=,-1.000000, actvprof=,2.630689, id=,B08, PRDE,actvstrat=,-1.000000, actvprof=,5.562931, id=,S01, PRDE,actvstrat=,0.883053, actvprof=,4.888001, id=,S02, PRDE,actvstrat=,-1.000000, actvprof=,3.229881, id=,S07, PRDE,actvstrat=,1.000000, actvprof=,0.000000, id=,S08, PRDE,actvstrat=,1.000000, actvprof=,0.000000, id=,S09, PRDE,actvstrat=,0.998989, actvprof=,0.000000, best_B_id=,B08, best_B_prof=,5.562931, best_B_strat=,-1.000000, best_S_id=,S01, best_S_prof=,4.888001, best_S_strat=,0.883053, 
t=,3520800, id=,B00, PRDE,actvstrat=,1.000000, actvprof=,0.000000, id=,B03, PRDE,actvstrat=,-1.000000, actvprof=,0.004319, id=,B05, PRDE,actvstrat=,-1.000000, actvprof=,1.070053, id=,B06, PRDE,actvstrat=,-1.000000, actvprof=,2.556648, id=,B08, PRDE,actvstrat=,-1.000000, actvprof=,5.610359, id=,S01, PRDE,actvstrat=,0.883053, actvprof=,4.873818, id=,S02, PRDE,actvstrat=,-1.000000, actvprof=,3.237603, id=,S07, PRDE,actvstrat=,1.000000, actvprof=,0.000000, id=,S08, PRDE,actvstrat=,1.000000, actvprof=,0.000000, id=,S09, PRDE,actvstrat=,0.998989, actvprof=,0.000000, best_B_id=,B08, best_B_prof=,5.610359, best_B_strat=,-1.000000, best_S_id=,S01, best_S_prof=,4.873818, best_S_strat=,0.883053, 
t=,3524400, id=,B00, PRDE,actvstrat=,-0.640219, actvprof=,0.000000, id=,B03, PRDE,actvstrat=,-1.000000, actvprof=,0.000000, id=,B05, PRDE,actvstrat=,-1.000000, actvprof=,1.233650, id=,B06, PRDE,actvstrat=,-1.000000, actvprof=,2.788429, id=,B08, PRDE,actvstrat=,1.000000, actvprof=,6.113192, id=,S01, PRDE,actvstrat=,1.000000, actvprof=,5.139463, id=,S02, PRDE,actvstrat=,-1.000000, actvprof=,3.279206, id=,S07, PRDE,actvstrat=,1.000000, actvprof=,0.000559, id=,S08, PRDE,actvstrat=,-1.000000, actvprof=,0.000000, id=,S09, PRDE,actvstrat=,1.000000, actvprof=,0.000000, best_B_id=,B08, best_B_prof=,6.113192, best_B_strat=,1.000000, best_S_id=,S01, best_S_prof=,5.139463, best_S_strat=,1.000000, 
t=,3528000, id=,B00, PRDE,actvstrat=,-0.640219, actvprof=,0.000000, id=,B03, PRDE,actvstrat=,-1.000000, actvprof=,0.004737, id=,B05, PRDE,actvstrat=,-1.000000, actvprof=,1.241006, id=,B06, PRDE,actvstrat=,-1.000000, actvprof=,2.789476, id=,B08, PRDE,actvstrat=,1.000000, actvprof=,6.153900, id=,S01, PRDE,actvstrat=,1.000000, actvprof=,5.097624, id=,S02, PRDE,actvstrat=,-1.000000, actvprof=,3.265232, id=,S07, PRDE,actvstrat=,1.000000, actvprof=,0.000279, id=,S08, PRDE,actvstrat=,-1.000000, actvprof=,0.000000, id=,S09, PRDE,actvstrat=,1.000000, actvprof=,0.000000, best_B_id=,B08, best_B_prof=,6.153900, best_B_strat=,1.000000, best_S_id=,S01, best_S_prof=,5.097624, best_S_strat=,1.000000, 
t=,3531600, id=,B00, PRDE,actvstrat=,1.000000, actvprof=,0.000000, id=,B03, PRDE,actvstrat=,-1.000000, actvprof=,0.013974, id=,B05, PRDE,actvstrat=,-1.000000, actvprof=,1.079110, id=,B06, PRDE,actvstrat=,-1.000000, actvprof=,2.612390, id=,B08, PRDE,actvstrat=,1.000000, actvprof=,5.950894, id=,S01, PRDE,actvstrat=,1.000000, actvprof=,5.210805, id=,S02, PRDE,actvstrat=,-1.000000, actvprof=,3.309437, id=,S07, PRDE,actvstrat=,-1.000000, actvprof=,0.000000, id=,S08, PRDE,actvstrat=,1.000000, actvprof=,0.000000, id=,S09, PRDE,actvstrat=,0.995956, actvprof=,0.000000, best_B_id=,B08, best_B_prof=,5.950894, best_B_strat=,1.000000, best_S_id=,S01, best_S_prof=,5.210805, best_S_strat=,1.000000, 
t=,3535200, id=,B00, PRDE,actvstrat=,1.000000, actvprof=,0.000000, id=,B03, PRDE,actvstrat=,-1.000000, actvprof=,0.012120, id=,B05, PRDE,actvstrat=,-1.000000, actvprof=,1.149910, id=,B06, PRDE,actvstrat=,-1.000000, actvprof=,2.663713, id=,B08, PRDE,actvstrat=,1.000000, actvprof=,6.008958, id=,S01, PRDE,actvstrat=,1.000000, actvprof=,5.111766, id=,S02, PRDE,actvstrat=,-1.000000, actvprof=,3.282135, id=,S07, PRDE,actvstrat=,-1.000000, actvprof=,0.000000, id=,S08, PRDE,actvstrat=,1.000000, actvprof=,0.000000, id=,S09, PRDE,actvstrat=,0.995956, actvprof=,0.000000, best_B_id=,B08, best_B_prof=,6.008958, best_B_strat=,1.000000, best_S_id=,S01, best_S_prof=,5.111766, best_S_strat=,1.000000, 
t=,3538800, id=,B00, PRDE,actvstrat=,1.000000, actvprof=,0.000000, id=,B03, PRDE,actvstrat=,1.000000, actvprof=,0.003074, id=,B05, PRDE,actvstrat=,-1.000000, actvprof=,0.901646, id=,B06, PRDE,actvstrat=,1.000000, actvprof=,2.327622, id=,B08, PRDE,actvstrat=,1.000000, actvprof=,5.703625, id=,S01, PRDE,actvstrat=,0.532212, actvprof=,2.922664, id=,S02, PRDE,actvstrat=,-1.000000, actvprof=,3.687918, id=,S07, PRDE,actvstrat=,1.000000, actvprof=,0.002795, id=,S08, PRDE,actvstrat=,-1.000000, actvprof=,0.000000, id=,S09, PRDE,actvstrat=,1.000000, actvprof=,0.000000, best_B_id=,B08, best_B_prof=,5.703625, best_B_strat=,1.000000, best_S_id=,S02, best_S_prof=,3.687918, best_S_strat=,-1.000000, 
t=,3542400, id=,B00, PRDE,actvstrat=,1.000000, actvprof=,0.000000, id=,B03, PRDE,actvstrat=,1.000000, actvprof=,0.001950, id=,B05, PRDE,actvstrat=,-1.000000, actvprof=,0.918792, id=,B06, PRDE,actvstrat=,1.000000, actvprof=,2.390393, id=,B08, PRDE,actvstrat=,1.000000, actvprof=,5.677427, id=,S01, PRDE,actvstrat=,0.532212, actvprof=,2.809178, id=,S02, PRDE,actvstrat=,-1.000000, actvprof=,3.583360, id=,S07, PRDE,actvstrat=,1.000000, actvprof=,0.006548, id=,S08, PRDE,actvstrat=,-1.000000, actvprof=,0.000000, id=,S09, PRDE,actvstrat=,1.000000, actvprof=,0.000000, best_B_id=,B08, best_B_prof=,5.677427, best_B_strat=,1.000000, best_S_id=,S02, best_S_prof=,3.583360, best_S_strat=,-1.000000, 
t=,3546000, id=,B00, PRDE,actvstrat=,-0.640219, actvprof=,0.000000, id=,B03, PRDE,actvstrat=,0.015837, actvprof=,0.004751, id=,B05, PRDE,actvstrat=,-1.000000, actvprof=,1.152927, id=,B06, PRDE,actvstrat=,1.000000, actvprof=,2.567184, id=,B08, PRDE,actvstrat=,1.000000, actvprof=,5.968109, id=,S01, PRDE,actvstrat=,0.766106, actvprof=,3.624523, id=,S02, PRDE,actvstrat=,-1.000000, actvprof=,3.312045, id=,S07, PRDE,actvstrat=,1.000000, actvprof=,0.004192, id=,S08, PRDE,actvstrat=,1.000000, actvprof=,0.000000, id=,S09, PRDE,actvstrat=,1.000000, actvprof=,0.000000, best_B_id=,B08, best_B_prof=,5.968109, best_B_strat=,1.000000, best_S_id=,S01, best_S_prof=,3.624523, best_S_strat=,0.766106, 
t=,3549600, id=,B00, PRDE,actvstrat=,-0.640219, actvprof=,0.000000, id=,B03, PRDE,actvstrat=,0.015837, actvprof=,0.004737, id=,B05, PRDE,actvstrat=,-1.000000, actvprof=,1.148533, id=,B06, PRDE,actvstrat=,1.000000, actvprof=,2.624045, id=,B08, PRDE,actvstrat=,1.000000, actvprof=,5.976859, id=,S01, PRDE,actvstrat=,0.766106, actvprof=,3.724653, id=,S02, PRDE,actvstrat=,-1.000000, actvprof=,3.350725, id=,S07, PRDE,actvstrat=,1.000000, actvprof=,0.002090, id=,S08, PRDE,actvstrat=,1.000000, actvprof=,0.000000, id=,S09, PRDE,actvstrat=,1.000000, actvprof=,0.000000, best_B_id=,B08, best_B_prof=,5.976859, best_B_strat=,1.000000, best_S_id=,S01, best_S_prof=,3.724653, best_S_strat=,0.766106, 
t=,3553200, id=,B00, PRDE,actvstrat=,-0.179891, actvprof=,0.000000, id=,B03, PRDE,actvstrat=,-1.000000, actvprof=,0.000000, id=,B05, PRDE,actvstrat=,1.000000, actvprof=,0.225278, id=,B06, PRDE,actvstrat=,1.000000, actvprof=,1.497568, id=,B08, PRDE,actvstrat=,0.904586, actvprof=,4.867796, id=,S01, PRDE,actvstrat=,0.766106, actvprof=,4.924814, id=,S02, PRDE,actvstrat=,-0.199746, actvprof=,0.330091, id=,S07, PRDE,actvstrat=,-1.000000, actvprof=,0.000000, id=,S08, PRDE,actvstrat=,-1.000000, actvprof=,0.000000, id=,S09, PRDE,actvstrat=,1.000000, actvprof=,0.000000, best_B_id=,B08, best_B_prof=,4.867796, best_B_strat=,0.904586, best_S_id=,S01, best_S_prof=,4.924814, best_S_strat=,0.766106, 
t=,3556800, id=,B00, PRDE,actvstrat=,-0.179891, actvprof=,0.000000, id=,B03, PRDE,actvstrat=,-1.000000, actvprof=,0.000000, id=,B05, PRDE,actvstrat=,1.000000, actvprof=,0.203684, id=,B06, PRDE,actvstrat=,1.000000, actvprof=,1.486807, id=,B08, PRDE,actvstrat=,0.904586, actvprof=,4.835186, id=,S01, PRDE,actvstrat=,0.766106, actvprof=,4.992755, id=,S02, PRDE,actvstrat=,-0.199746, actvprof=,0.351222, id=,S07, PRDE,actvstrat=,-1.000000, actvprof=,0.002229, id=,S08, PRDE,actvstrat=,-1.000000, actvprof=,0.000000, id=,S09, PRDE,actvstrat=,1.000000, actvprof=,0.000000, best_B_id=,B08, best_B_prof=,4.835186, best_B_strat=,0.904586, best_S_id=,S01, best_S_prof=,4.992755, best_S_strat=,0.766106, 
t=,3560400, id=,B00, PRDE,actvstrat=,1.000000, actvprof=,0.000000, id=,B03, PRDE,actvstrat=,0.015837, actvprof=,0.000559, id=,B05, PRDE,actvstrat=,1.000000, actvprof=,0.715244, id=,B06, PRDE,actvstrat=,1.000000, actvprof=,2.253899, id=,B08, PRDE,actvstrat=,-1.000000, actvprof=,4.934038, id=,S01, PRDE,actvstrat=,0.532212, actvprof=,3.039298, id=,S02, PRDE,actvstrat=,-1.000000, actvprof=,3.663704, id=,S07, PRDE,actvstrat=,-1.000000, actvprof=,0.000000, id=,S08, PRDE,actvstrat=,-1.000000, actvprof=,0.000000, id=,S09, PRDE,actvstrat=,1.000000, actvprof=,0.000000, best_B_id=,B08, best_B_prof=,4.934038, best_B_strat=,-1.000000, best_S_id=,S02, best_S_prof=,3.663704, best_S_strat=,-1.000000, 
t=,3564000, id=,B00, PRDE,actvstrat=,1.000000, actvprof=,0.000000, id=,B03, PRDE,actvstrat=,0.015837, actvprof=,0.004040, id=,B05, PRDE,actvstrat=,1.000000, actvprof=,0.673883, id=,B06, PRDE,actvstrat=,1.000000, actvprof=,2.195380, id=,B08, PRDE,actvstrat=,-1.000000, actvprof=,4.987601, id=,S01, PRDE,actvstrat=,0.532212, actvprof=,3.014991, id=,S02, PRDE,actvstrat=,-1.000000, actvprof=,3.755608, id=,S07, PRDE,actvstrat=,-1.000000, actvprof=,0.000000, id=,S08, PRDE,actvstrat=,-1.000000, actvprof=,0.000000, id=,S09, PRDE,actvstrat=,1.000000, actvprof=,0.000000, best_B_id=,B08, best_B_prof=,4.987601, best_B_strat=,-1.000000, best_S_id=,S02, best_S_prof=,3.755608, best_S_strat=,-1.000000, 
t=,3567600, id=,B00, PRDE,actvstrat=,-1.000000, actvprof=,0.000000, id=,B03, PRDE,actvstrat=,1.000000, actvprof=,0.005311, id=,B05, PRDE,actvstrat=,1.000000, actvprof=,1.858736, id=,B06, PRDE,actvstrat=,1.000000, actvprof=,3.447746, id=,B08, PRDE,actvstrat=,-0.904586, actvprof=,2.141879, id=,S01, PRDE,actvstrat=,1.000000, actvprof=,4.067138, id=,S02, PRDE,actvstrat=,-1.000000, actvprof=,2.377505, id=,S07, PRDE,actvstrat=,1.000000, actvprof=,0.000000, id=,S08, PRDE,actvstrat=,1.000000, actvprof=,0.000000, id=,S09, PRDE,actvstrat=,1.000000, actvprof=,0.000000, best_B_id=,B06, best_B_prof=,3.447746, best_B_strat=,1.000000, best_S_id=,S01, best_S_prof=,4.067138, best_S_strat=,1.000000, 
t=,3571200, id=,B00, PRDE,actvstrat=,-1.000000, actvprof=,0.000000, id=,B03, PRDE,actvstrat=,1.000000, actvprof=,0.005573, id=,B05, PRDE,actvstrat=,1.000000, actvprof=,1.834571, id=,B06, PRDE,actvstrat=,1.000000, actvprof=,3.495967, id=,B08, PRDE,actvstrat=,-0.904586, actvprof=,2.216448, id=,S01, PRDE,actvstrat=,1.000000, actvprof=,4.127367, id=,S02, PRDE,actvstrat=,-1.000000, actvprof=,2.378338, id=,S07, PRDE,actvstrat=,1.000000, actvprof=,0.000000, id=,S08, PRDE,actvstrat=,1.000000, actvprof=,0.000000, id=,S09, PRDE,actvstrat=,1.000000, actvprof=,0.000000, best_B_id=,B06, best_B_prof=,3.495967, best_B_strat=,1.000000, best_S_id=,S01, best_S_prof=,4.127367, best_S_strat=,1.000000, 
t=,3574800, id=,B00, PRDE,actvstrat=,-1.000000, actvprof=,0.000000, id=,B03, PRDE,actvstrat=,-1.000000, actvprof=,0.002516, id=,B05, PRDE,actvstrat=,-1.000000, actvprof=,1.076125, id=,B06, PRDE,actvstrat=,1.000000, actvprof=,2.496890, id=,B08, PRDE,actvstrat=,1.000000, actvprof=,5.986611, id=,S01, PRDE,actvstrat=,0.766106, actvprof=,3.777340, id=,S02, PRDE,actvstrat=,-1.000000, actvprof=,3.448353, id=,S07, PRDE,actvstrat=,1.000000, actvprof=,0.000559, id=,S08, PRDE,actvstrat=,-1.000000, actvprof=,0.000000, id=,S09, PRDE,actvstrat=,1.000000, actvprof=,0.000000, best_B_id=,B08, best_B_prof=,5.986611, best_B_strat=,1.000000, best_S_id=,S01, best_S_prof=,3.777340, best_S_strat=,0.766106, 
t=,3578400, id=,B00, PRDE,actvstrat=,-1.000000, actvprof=,0.000000, id=,B03, PRDE,actvstrat=,-1.000000, actvprof=,0.001672, id=,B05, PRDE,actvstrat=,-1.000000, actvprof=,1.031953, id=,B06, PRDE,actvstrat=,1.000000, actvprof=,2.472118, id=,B08, PRDE,actvstrat=,1.000000, actvprof=,5.934394, id=,S01, PRDE,actvstrat=,0.766106, actvprof=,3.811693, id=,S02, PRDE,actvstrat=,-1.000000, actvprof=,3.431346, id=,S07, PRDE,actvstrat=,1.000000, actvprof=,0.001811, id=,S08, PRDE,actvstrat=,-1.000000, actvprof=,0.000000, id=,S09, PRDE,actvstrat=,1.000000, actvprof=,0.000000, best_B_id=,B08, best_B_prof=,5.934394, best_B_strat=,1.000000, best_S_id=,S01, best_S_prof=,3.811693, best_S_strat=,0.766106, 
t=,3582000, id=,B00, PRDE,actvstrat=,-0.179891, actvprof=,0.000000, id=,B03, PRDE,actvstrat=,-1.000000, actvprof=,0.009504, id=,B05, PRDE,actvstrat=,-1.000000, actvprof=,0.457569, id=,B06, PRDE,actvstrat=,-1.000000, actvprof=,1.894566, id=,B08, PRDE,actvstrat=,-1.000000, actvprof=,5.019007, id=,S01, PRDE,actvstrat=,1.000000, actvprof=,5.952035, id=,S02, PRDE,actvstrat=,0.600508, actvprof=,2.168213, id=,S07, PRDE,actvstrat=,1.000000, actvprof=,0.000000, id=,S08, PRDE,actvstrat=,1.000000, actvprof=,0.000000, id=,S09, PRDE,actvstrat=,1.000000, actvprof=,0.000000, best_B_id=,B08, best_B_prof=,5.019007, best_B_strat=,-1.000000, best_S_id=,S01, best_S_prof=,5.952035, best_S_strat=,1.000000, 
t=,3585600, id=,B00, PRDE,actvstrat=,-0.179891, actvprof=,0.000000, id=,B03, PRDE,actvstrat=,-1.000000, actvprof=,0.012818, id=,B05, PRDE,actvstrat=,-1.000000, actvprof=,0.467984, id=,B06, PRDE,actvstrat=,-1.000000, actvprof=,1.893669, id=,B08, PRDE,actvstrat=,-1.000000, actvprof=,4.983281, id=,S01, PRDE,actvstrat=,1.000000, actvprof=,6.004235, id=,S02, PRDE,actvstrat=,0.600508, actvprof=,2.133861, id=,S07, PRDE,actvstrat=,1.000000, actvprof=,0.000000, id=,S08, PRDE,actvstrat=,1.000000, actvprof=,0.000000, id=,S09, PRDE,actvstrat=,1.000000, actvprof=,0.000000, best_B_id=,B08, best_B_prof=,4.983281, best_B_strat=,-1.000000, best_S_id=,S01, best_S_prof=,6.004235, best_S_strat=,1.000000, 
t=,3589200, id=,B00, PRDE,actvstrat=,-0.179891, actvprof=,0.000000, id=,B03, PRDE,actvstrat=,-1.000000, actvprof=,0.000000, id=,B05, PRDE,actvstrat=,-1.000000, actvprof=,0.384067, id=,B06, PRDE,actvstrat=,1.000000, actvprof=,1.740601, id=,B08, PRDE,actvstrat=,0.904586, actvprof=,5.155556, id=,S01, PRDE,actvstrat=,1.000000, actvprof=,6.038854, id=,S02, PRDE,actvstrat=,-0.199746, actvprof=,0.297973, id=,S07, PRDE,actvstrat=,1.000000, actvprof=,0.001398, id=,S08, PRDE,actvstrat=,1.000000, actvprof=,0.000000, id=,S09, PRDE,actvstrat=,1.000000, actvprof=,0.000000, best_B_id=,B08, best_B_prof=,5.155556, best_B_strat=,0.904586, best_S_id=,S01, best_S_prof=,6.038854, best_S_strat=,1.000000, 
t=,3592800, id=,B00, PRDE,actvstrat=,-0.179891, actvprof=,0.000000, id=,B03, PRDE,actvstrat=,-1.000000, actvprof=,0.000975, id=,B05, PRDE,actvstrat=,-1.000000, actvprof=,0.406409, id=,B06, PRDE,actvstrat=,1.000000, actvprof=,1.729990, id=,B08, PRDE,actvstrat=,0.904586, actvprof=,5.076559, id=,S01, PRDE,actvstrat=,1.000000, actvprof=,6.081365, id=,S02, PRDE,actvstrat=,-0.199746, actvprof=,0.343852, id=,S07, PRDE,actvstrat=,1.000000, actvprof=,0.002647, id=,S08, PRDE,actvstrat=,1.000000, actvprof=,0.000000, id=,S09, PRDE,actvstrat=,1.000000, actvprof=,0.000000, best_B_id=,B08, best_B_prof=,5.076559, best_B_strat=,0.904586, best_S_id=,S01, best_S_prof=,6.081365, best_S_strat=,1.000000, 
t=,3596400, id=,B00, PRDE,actvstrat=,1.000000, actvprof=,0.000000, id=,B03, PRDE,actvstrat=,1.000000, actvprof=,0.004752, id=,B05, PRDE,actvstrat=,-1.000000, actvprof=,0.571085, id=,B06, PRDE,actvstrat=,1.000000, actvprof=,1.976575, id=,B08, PRDE,actvstrat=,-1.000000, actvprof=,4.984626, id=,S01, PRDE,actvstrat=,1.000000, actvprof=,5.824901, id=,S02, PRDE,actvstrat=,0.600508, actvprof=,2.260860, id=,S07, PRDE,actvstrat=,-1.000000, actvprof=,0.000000, id=,S08, PRDE,actvstrat=,-1.000000, actvprof=,0.000000, id=,S09, PRDE,actvstrat=,1.000000, actvprof=,0.000000, best_B_id=,B08, best_B_prof=,4.984626, best_B_strat=,-1.000000, best_S_id=,S01, best_S_prof=,5.824901, best_S_strat=,1.000000, 
t=,3600000, id=,B00, PRDE,actvstrat=,1.000000, actvprof=,0.000000, id=,B03, PRDE,actvstrat=,1.000000, actvprof=,0.003622, id=,B05, PRDE,actvstrat=,-1.000000, actvprof=,0.550199, id=,B06, PRDE,actvstrat=,1.000000, actvprof=,1.950846, id=,B08, PRDE,actvstrat=,-1.000000, actvprof=,4.931452, id=,S01, PRDE,actvstrat=,1.000000, actvprof=,5.807117, id=,S02, PRDE,actvstrat=,0.600508, actvprof=,2.136986, id=,S07, PRDE,actvstrat=,-1.000000, actvprof=,0.000000, id=,S08, PRDE,actvstrat=,-1.000000, actvprof=,0.000000, id=,S09, PRDE,actvstrat=,1.000000, actvprof=,0.000000, best_B_id=,B08, best_B_prof=,4.931452, best_B_strat=,-1.000000, best_S_id=,S01, best_S_prof=,5.807117, best_S_strat=,1.000000, 
t=,3603600, id=,B00, PRDE,actvstrat=,-1.000000, actvprof=,0.000000, id=,B03, PRDE,actvstrat=,1.000000, actvprof=,0.001677, id=,B05, PRDE,actvstrat=,-1.000000, actvprof=,0.495339, id=,B06, PRDE,actvstrat=,-1.000000, actvprof=,2.031671, id=,B08, PRDE,actvstrat=,-1.000000, actvprof=,5.011810, id=,S01, PRDE,actvstrat=,1.000000, actvprof=,5.969782, id=,S02, PRDE,actvstrat=,0.600508, actvprof=,2.111898, id=,S07, PRDE,actvstrat=,1.000000, actvprof=,0.000000, id=,S08, PRDE,actvstrat=,-1.000000, actvprof=,0.000000, id=,S09, PRDE,actvstrat=,1.000000, actvprof=,0.000000, best_B_id=,B08, best_B_prof=,5.011810, best_B_strat=,-1.000000, best_S_id=,S01, best_S_prof=,5.969782, best_S_strat=,1.000000, 
t=,3607200, id=,B00, PRDE,actvstrat=,-1.000000, actvprof=,0.000000, id=,B03, PRDE,actvstrat=,1.000000, actvprof=,0.001811, id=,B05, PRDE,actvstrat=,-1.000000, actvprof=,0.520248, id=,B06, PRDE,actvstrat=,-1.000000, actvprof=,1.999345, id=,B08, PRDE,actvstrat=,-1.000000, actvprof=,4.969383, id=,S01, PRDE,actvstrat=,1.000000, actvprof=,5.950804, id=,S02, PRDE,actvstrat=,0.600508, actvprof=,2.194961, id=,S07, PRDE,actvstrat=,1.000000, actvprof=,0.000000, id=,S08, PRDE,actvstrat=,-1.000000, actvprof=,0.000000, id=,S09, PRDE,actvstrat=,1.000000, actvprof=,0.000000, best_B_id=,B08, best_B_prof=,4.969383, best_B_strat=,-1.000000, best_S_id=,S01, best_S_prof=,5.950804, best_S_strat=,1.000000, 
t=,3610800, id=,B00, PRDE,actvstrat=,1.000000, actvprof=,0.000000, id=,B03, PRDE,actvstrat=,-1.000000, actvprof=,0.012859, id=,B05, PRDE,actvstrat=,1.000000, actvprof=,0.755049, id=,B06, PRDE,actvstrat=,-1.000000, actvprof=,2.291145, id=,B08, PRDE,actvstrat=,-1.000000, actvprof=,5.346565, id=,S01, PRDE,actvstrat=,1.000000, actvprof=,5.379272, id=,S02, PRDE,actvstrat=,1.000000, actvprof=,3.741142, id=,S07, PRDE,actvstrat=,1.000000, actvprof=,0.000000, id=,S08, PRDE,actvstrat=,-1.000000, actvprof=,0.000000, id=,S09, PRDE,actvstrat=,0.997978, actvprof=,0.000000, best_B_id=,B08, best_B_prof=,5.346565, best_B_strat=,-1.000000, best_S_id=,S01, best_S_prof=,5.379272, best_S_strat=,1.000000, 
t=,3614400, id=,B00, PRDE,actvstrat=,1.000000, actvprof=,0.000000, id=,B03, PRDE,actvstrat=,-1.000000, actvprof=,0.012540, id=,B05, PRDE,actvstrat=,1.000000, actvprof=,0.730363, id=,B06, PRDE,actvstrat=,-1.000000, actvprof=,2.319969, id=,B08, PRDE,actvstrat=,-1.000000, actvprof=,5.353165, id=,S01, PRDE,actvstrat=,1.000000, actvprof=,5.382424, id=,S02, PRDE,actvstrat=,1.000000, actvprof=,3.726915, id=,S07, PRDE,actvstrat=,1.000000, actvprof=,0.000000, id=,S08, PRDE,actvstrat=,-1.000000, actvprof=,0.000000, id=,S09, PRDE,actvstrat=,0.997978, actvprof=,0.000000, best_B_id=,B08, best_B_prof=,5.353165, best_B_strat=,-1.000000, best_S_id=,S01, best_S_prof=,5.382424, best_S_strat=,1.000000, 
t=,3618000, id=,B00, PRDE,actvstrat=,-0.179891, actvprof=,0.000000, id=,B03, PRDE,actvstrat=,1.000000, actvprof=,0.002237, id=,B05, PRDE,actvstrat=,1.000000, actvprof=,0.867499, id=,B06, PRDE,actvstrat=,-1.000000, actvprof=,2.475573, id=,B08, PRDE,actvstrat=,-1.000000, actvprof=,5.534604, id=,S01, PRDE,actvstrat=,1.000000, actvprof=,5.281315, id=,S02, PRDE,actvstrat=,-1.000000, actvprof=,3.310642, id=,S07, PRDE,actvstrat=,1.000000, actvprof=,0.000000, id=,S08, PRDE,actvstrat=,1.000000, actvprof=,0.000000, id=,S09, PRDE,actvstrat=,1.000000, actvprof=,0.000000, best_B_id=,B08, best_B_prof=,5.534604, best_B_strat=,-1.000000, best_S_id=,S01, best_S_prof=,5.281315, best_S_strat=,1.000000, 
t=,3621600, id=,B00, PRDE,actvstrat=,-0.179891, actvprof=,0.000000, id=,B03, PRDE,actvstrat=,1.000000, actvprof=,0.002926, id=,B05, PRDE,actvstrat=,1.000000, actvprof=,0.879197, id=,B06, PRDE,actvstrat=,-1.000000, actvprof=,2.492128, id=,B08, PRDE,actvstrat=,-1.000000, actvprof=,5.505504, id=,S01, PRDE,actvstrat=,1.000000, actvprof=,5.285356, id=,S02, PRDE,actvstrat=,-1.000000, actvprof=,3.374808, id=,S07, PRDE,actvstrat=,1.000000, actvprof=,0.000000, id=,S08, PRDE,actvstrat=,1.000000, actvprof=,0.000000, id=,S09, PRDE,actvstrat=,1.000000, actvprof=,0.000000, best_B_id=,B08, best_B_prof=,5.505504, best_B_strat=,-1.000000, best_S_id=,S01, best_S_prof=,5.285356, best_S_strat=,1.000000, 
t=,3625200, id=,B00, PRDE,actvstrat=,1.000000, actvprof=,0.000000, id=,B03, PRDE,actvstrat=,-1.000000, actvprof=,0.000000, id=,B05, PRDE,actvstrat=,1.000000, actvprof=,0.425788, id=,B06, PRDE,actvstrat=,1.000000, actvprof=,1.849087, id=,B08, PRDE,actvstrat=,0.047707, actvprof=,3.687551, id=,S01, PRDE,actvstrat=,0.883053, actvprof=,5.358551, id=,S02, PRDE,actvstrat=,-0.201016, actvprof=,0.342475, id=,S07, PRDE,actvstrat=,1.000000, actvprof=,0.000280, id=,S08, PRDE,actvstrat=,-1.000000, actvprof=,0.000000, id=,S09, PRDE,actvstrat=,0.993934, actvprof=,0.000000, best_B_id=,B08, best_B_prof=,3.687551, best_B_strat=,0.047707, best_S_id=,S01, best_S_prof=,5.358551, best_S_strat=,0.883053, 
t=,3628800, id=,B00, PRDE,actvstrat=,1.000000, actvprof=,0.000000, id=,B03, PRDE,actvstrat=,-1.000000, actvprof=,0.000000, id=,B05, PRDE,actvstrat=,1.000000, actvprof=,0.363938, id=,B06, PRDE,actvstrat=,1.000000, actvprof=,1.752252, id=,B08, PRDE,actvstrat=,0.047707, actvprof=,3.616667, id=,S01, PRDE,actvstrat=,0.883053, actvprof=,5.474533, id=,S02, PRDE,actvstrat=,-0.201016, actvprof=,0.380240, id=,S07, PRDE,actvstrat=,1.000000, actvprof=,0.000557, id=,S08, PRDE,actvstrat=,-1.000000, actvprof=,0.000000, id=,S09, PRDE,actvstrat=,0.993934, actvprof=,0.000000, best_B_id=,B08, best_B_prof=,3.616667, best_B_strat=,0.047707, best_S_id=,S01, best_S_prof=,5.474533, best_S_strat=,0.883053, 
t=,3632400, id=,B00, PRDE,actvstrat=,1.000000, actvprof=,0.000000, id=,B03, PRDE,actvstrat=,-1.000000, actvprof=,0.047529, id=,B05, PRDE,actvstrat=,1.000000, actvprof=,0.695324, id=,B06, PRDE,actvstrat=,1.000000, actvprof=,2.220452, id=,B08, PRDE,actvstrat=,0.047707, actvprof=,4.053400, id=,S01, PRDE,actvstrat=,1.000000, actvprof=,4.943035, id=,S02, PRDE,actvstrat=,1.000000, actvprof=,3.324247, id=,S07, PRDE,actvstrat=,1.000000, actvprof=,0.001678, id=,S08, PRDE,actvstrat=,-1.000000, actvprof=,0.000000, id=,S09, PRDE,actvstrat=,1.000000, actvprof=,0.000000, best_B_id=,B08, best_B_prof=,4.053400, best_B_strat=,0.047707, best_S_id=,S01, best_S_prof=,4.943035, best_S_strat=,1.000000, 
t=,3636000, id=,B00, PRDE,actvstrat=,1.000000, actvprof=,0.000000, id=,B03, PRDE,actvstrat=,-1.000000, actvprof=,0.038876, id=,B05, PRDE,actvstrat=,1.000000, actvprof=,0.674265, id=,B06, PRDE,actvstrat=,1.000000, actvprof=,2.155308, id=,B08, PRDE,actvstrat=,0.047707, actvprof=,4.019535, id=,S01, PRDE,actvstrat=,1.000000, actvprof=,4.983906, id=,S02, PRDE,actvstrat=,1.000000, actvprof=,3.372720, id=,S07, PRDE,actvstrat=,1.000000, actvprof=,0.001672, id=,S08, PRDE,actvstrat=,-1.000000, actvprof=,0.000000, id=,S09, PRDE,actvstrat=,1.000000, actvprof=,0.000000, best_B_id=,B08, best_B_prof=,4.019535, best_B_strat=,0.047707, best_S_id=,S01, best_S_prof=,4.983906, best_S_strat=,1.000000, 
t=,3639600, id=,B00, PRDE,actvstrat=,-0.179891, actvprof=,0.000000, id=,B03, PRDE,actvstrat=,-1.000000, actvprof=,0.014259, id=,B05, PRDE,actvstrat=,-1.000000, actvprof=,1.305132, id=,B06, PRDE,actvstrat=,1.000000, actvprof=,2.687431, id=,B08, PRDE,actvstrat=,1.000000, actvprof=,6.081389, id=,S01, PRDE,actvstrat=,1.000000, actvprof=,4.918849, id=,S02, PRDE,actvstrat=,-1.000000, actvprof=,3.293305, id=,S07, PRDE,actvstrat=,1.000000, actvprof=,0.002237, id=,S08, PRDE,actvstrat=,1.000000, actvprof=,0.000000, id=,S09, PRDE,actvstrat=,1.000000, actvprof=,0.000000, best_B_id=,B08, best_B_prof=,6.081389, best_B_strat=,1.000000, best_S_id=,S01, best_S_prof=,4.918849, best_S_strat=,1.000000, 
t=,3643200, id=,B00, PRDE,actvstrat=,-0.179891, actvprof=,0.000000, id=,B03, PRDE,actvstrat=,-1.000000, actvprof=,0.011565, id=,B05, PRDE,actvstrat=,-1.000000, actvprof=,1.319836, id=,B06, PRDE,actvstrat=,1.000000, actvprof=,2.731637, id=,B08, PRDE,actvstrat=,1.000000, actvprof=,6.067734, id=,S01, PRDE,actvstrat=,1.000000, actvprof=,4.924582, id=,S02, PRDE,actvstrat=,-1.000000, actvprof=,3.237722, id=,S07, PRDE,actvstrat=,1.000000, actvprof=,0.004041, id=,S08, PRDE,actvstrat=,1.000000, actvprof=,0.000000, id=,S09, PRDE,actvstrat=,1.000000, actvprof=,0.000000, best_B_id=,B08, best_B_prof=,6.067734, best_B_strat=,1.000000, best_S_id=,S01, best_S_prof=,4.924582, best_S_strat=,1.000000, 
t=,3646800, id=,B00, PRDE,actvstrat=,1.000000, actvprof=,0.000000, id=,B03, PRDE,actvstrat=,-1.000000, actvprof=,0.002237, id=,B05, PRDE,actvstrat=,-1.000000, actvprof=,1.196141, id=,B06, PRDE,actvstrat=,1.000000, actvprof=,2.601146, id=,B08, PRDE,actvstrat=,1.000000, actvprof=,6.066266, id=,S01, PRDE,actvstrat=,0.883053, actvprof=,4.509157, id=,S02, PRDE,actvstrat=,-1.000000, actvprof=,3.323640, id=,S07, PRDE,actvstrat=,1.000000, actvprof=,0.000559, id=,S08, PRDE,actvstrat=,1.000000, actvprof=,0.000000, id=,S09, PRDE,actvstrat=,0.997978, actvprof=,0.000000, best_B_id=,B08, best_B_prof=,6.066266, best_B_strat=,1.000000, best_S_id=,S01, best_S_prof=,4.509157, best_S_strat=,0.883053, 
t=,3650400, id=,B00, PRDE,actvstrat=,1.000000, actvprof=,0.000000, id=,B03, PRDE,actvstrat=,-1.000000, actvprof=,0.004180, id=,B05, PRDE,actvstrat=,-1.000000, actvprof=,1.249356, id=,B06, PRDE,actvstrat=,1.000000, actvprof=,2.678046, id=,B08, PRDE,actvstrat=,1.000000, actvprof=,6.064516, id=,S01, PRDE,actvstrat=,0.883053, actvprof=,4.500801, id=,S02, PRDE,actvstrat=,-1.000000, actvprof=,3.268864, id=,S07, PRDE,actvstrat=,1.000000, actvprof=,0.001811, id=,S08, PRDE,actvstrat=,1.000000, actvprof=,0.000000, id=,S09, PRDE,actvstrat=,0.997978, actvprof=,0.000000, best_B_id=,B08, best_B_prof=,6.064516, best_B_strat=,1.000000, best_S_id=,S01, best_S_prof=,4.500801, best_S_strat=,0.883053, 
t=,3654000, id=,B00, PRDE,actvstrat=,-0.179891, actvprof=,0.000000, id=,B03, PRDE,actvstrat=,1.000000, actvprof=,0.010345, id=,B05, PRDE,actvstrat=,1.000000, actvprof=,0.680004, id=,B06, PRDE,actvstrat=,-1.000000, actvprof=,2.330803, id=,B08, PRDE,actvstrat=,1.000000, actvprof=,5.625690, id=,S01, PRDE,actvstrat=,0.766106, actvprof=,4.119448, id=,S02, PRDE,actvstrat=,1.000000, actvprof=,3.628738, id=,S07, PRDE,actvstrat=,1.000000, actvprof=,0.002516, id=,S08, PRDE,actvstrat=,1.000000, actvprof=,0.000000, id=,S09, PRDE,actvstrat=,0.995956, actvprof=,0.000000, best_B_id=,B08, best_B_prof=,5.625690, best_B_strat=,1.000000, best_S_id=,S01, best_S_prof=,4.119448, best_S_strat=,0.766106, 
t=,3657600, id=,B00, PRDE,actvstrat=,-0.179891, actvprof=,0.000000, id=,B03, PRDE,actvstrat=,1.000000, actvprof=,0.008639, id=,B05, PRDE,actvstrat=,1.000000, actvprof=,0.606428, id=,B06, PRDE,actvstrat=,-1.000000, actvprof=,2.235506, id=,B08, PRDE,actvstrat=,1.000000, actvprof=,5.527942, id=,S01, PRDE,actvstrat=,0.766106, actvprof=,4.155537, id=,S02, PRDE,actvstrat=,1.000000, actvprof=,3.765093, id=,S07, PRDE,actvstrat=,1.000000, actvprof=,0.005156, id=,S08, PRDE,actvstrat=,1.000000, actvprof=,0.000000, id=,S09, PRDE,actvstrat=,0.995956, actvprof=,0.000000, best_B_id=,B08, best_B_prof=,5.527942, best_B_strat=,1.000000, best_S_id=,S01, best_S_prof=,4.155537, best_S_strat=,0.766106, 
t=,3661200, id=,B00, PRDE,actvstrat=,1.000000, actvprof=,0.000000, id=,B03, PRDE,actvstrat=,1.000000, actvprof=,0.005033, id=,B05, PRDE,actvstrat=,1.000000, actvprof=,1.135731, id=,B06, PRDE,actvstrat=,-1.000000, actvprof=,2.715466, id=,B08, PRDE,actvstrat=,1.000000, actvprof=,6.131887, id=,S01, PRDE,actvstrat=,1.000000, actvprof=,5.031105, id=,S02, PRDE,actvstrat=,-1.000000, actvprof=,3.324153, id=,S07, PRDE,actvstrat=,1.000000, actvprof=,0.000000, id=,S08, PRDE,actvstrat=,-1.000000, actvprof=,0.000000, id=,S09, PRDE,actvstrat=,1.000000, actvprof=,0.000000, best_B_id=,B08, best_B_prof=,6.131887, best_B_strat=,1.000000, best_S_id=,S01, best_S_prof=,5.031105, best_S_strat=,1.000000, 
t=,3664800, id=,B00, PRDE,actvstrat=,1.000000, actvprof=,0.000000, id=,B03, PRDE,actvstrat=,1.000000, actvprof=,0.004877, id=,B05, PRDE,actvstrat=,1.000000, actvprof=,1.094839, id=,B06, PRDE,actvstrat=,-1.000000, actvprof=,2.673764, id=,B08, PRDE,actvstrat=,1.000000, actvprof=,6.033248, id=,S01, PRDE,actvstrat=,1.000000, actvprof=,5.067025, id=,S02, PRDE,actvstrat=,-1.000000, actvprof=,3.274762, id=,S07, PRDE,actvstrat=,1.000000, actvprof=,0.000418, id=,S08, PRDE,actvstrat=,-1.000000, actvprof=,0.000000, id=,S09, PRDE,actvstrat=,1.000000, actvprof=,0.000000, best_B_id=,B08, best_B_prof=,6.033248, best_B_strat=,1.000000, best_S_id=,S01, best_S_prof=,5.067025, best_S_strat=,1.000000, 
t=,3668400, id=,B00, PRDE,actvstrat=,-0.179891, actvprof=,0.000000, id=,B03, PRDE,actvstrat=,-1.000000, actvprof=,0.006152, id=,B05, PRDE,actvstrat=,-1.000000, actvprof=,0.578523, id=,B06, PRDE,actvstrat=,1.000000, actvprof=,1.967369, id=,B08, PRDE,actvstrat=,-1.000000, actvprof=,5.090665, id=,S01, PRDE,actvstrat=,1.000000, actvprof=,5.842269, id=,S02, PRDE,actvstrat=,0.600508, actvprof=,2.071945, id=,S07, PRDE,actvstrat=,-1.000000, actvprof=,0.000000, id=,S08, PRDE,actvstrat=,-1.000000, actvprof=,0.000000, id=,S09, PRDE,actvstrat=,0.997978, actvprof=,0.000000, best_B_id=,B08, best_B_prof=,5.090665, best_B_strat=,-1.000000, best_S_id=,S01, best_S_prof=,5.842269, best_S_strat=,1.000000, 
t=,3672000, id=,B00, PRDE,actvstrat=,-0.179891, actvprof=,0.000000, id=,B03, PRDE,actvstrat=,-1.000000, actvprof=,0.009894, id=,B05, PRDE,actvstrat=,-1.000000, actvprof=,0.567559, id=,B06, PRDE,actvstrat=,1.000000, actvprof=,1.928139, id=,B08, PRDE,actvstrat=,-1.000000, actvprof=,4.983731, id=,S01, PRDE,actvstrat=,1.000000, actvprof=,5.843361, id=,S02, PRDE,actvstrat=,0.600508, actvprof=,2.061494, id=,S07, PRDE,actvstrat=,-1.000000, actvprof=,0.000000, id=,S08, PRDE,actvstrat=,-1.000000, actvprof=,0.000000, id=,S09, PRDE,actvstrat=,0.997978, actvprof=,0.000000, best_B_id=,B08, best_B_prof=,4.983731, best_B_strat=,-1.000000, best_S_id=,S01, best_S_prof=,5.843361, best_S_strat=,1.000000, 
t=,3675600, id=,B00, PRDE,actvstrat=,1.000000, actvprof=,0.000000, id=,B03, PRDE,actvstrat=,-1.000000, actvprof=,0.011185, id=,B05, PRDE,actvstrat=,-1.000000, actvprof=,0.694013, id=,B06, PRDE,actvstrat=,1.000000, actvprof=,1.982776, id=,B08, PRDE,actvstrat=,1.000000, actvprof=,5.323379, id=,S01, PRDE,actvstrat=,1.000000, actvprof=,5.544557, id=,S02, PRDE,actvstrat=,0.600508, actvprof=,2.041495, id=,S07, PRDE,actvstrat=,1.000000, actvprof=,0.003355, id=,S08, PRDE,actvstrat=,-1.000000, actvprof=,0.000000, id=,S09, PRDE,actvstrat=,0.993934, actvprof=,0.000000, best_B_id=,B08, best_B_prof=,5.323379, best_B_strat=,1.000000, best_S_id=,S01, best_S_prof=,5.544557, best_S_strat=,1.000000, 
t=,3679200, id=,B00, PRDE,actvstrat=,1.000000, actvprof=,0.000000, id=,B03, PRDE,actvstrat=,-1.000000, actvprof=,0.009058, id=,B05, PRDE,actvstrat=,-1.000000, actvprof=,0.723353, id=,B06, PRDE,actvstrat=,1.000000, actvprof=,2.042278, id=,B08, PRDE,actvstrat=,1.000000, actvprof=,5.398186, id=,S01, PRDE,actvstrat=,1.000000, actvprof=,5.539066, id=,S02, PRDE,actvstrat=,0.600508, actvprof=,1.979154, id=,S07, PRDE,actvstrat=,1.000000, actvprof=,0.003484, id=,S08, PRDE,actvstrat=,-1.000000, actvprof=,0.000000, id=,S09, PRDE,actvstrat=,0.993934, actvprof=,0.000000, best_B_id=,B08, best_B_prof=,5.398186, best_B_strat=,1.000000, best_S_id=,S01, best_S_prof=,5.539066, best_S_strat=,1.000000, 
t=,3682800, id=,B00, PRDE,actvstrat=,1.000000, actvprof=,0.000000, id=,B03, PRDE,actvstrat=,-1.000000, actvprof=,0.004474, id=,B05, PRDE,actvstrat=,-1.000000, actvprof=,0.930304, id=,B06, PRDE,actvstrat=,1.000000, actvprof=,2.353862, id=,B08, PRDE,actvstrat=,-1.000000, actvprof=,5.496260, id=,S01, PRDE,actvstrat=,0.766106, actvprof=,3.977630, id=,S02, PRDE,actvstrat=,-1.000000, actvprof=,3.522405, id=,S07, PRDE,actvstrat=,1.000000, actvprof=,0.000000, id=,S08, PRDE,actvstrat=,1.000000, actvprof=,0.000000, id=,S09, PRDE,actvstrat=,0.989890, actvprof=,0.000000, best_B_id=,B08, best_B_prof=,5.496260, best_B_strat=,-1.000000, best_S_id=,S01, best_S_prof=,3.977630, best_S_strat=,0.766106, 
t=,3686400, id=,B00, PRDE,actvstrat=,1.000000, actvprof=,0.000000, id=,B03, PRDE,actvstrat=,-1.000000, actvprof=,0.003205, id=,B05, PRDE,actvstrat=,-1.000000, actvprof=,0.896569, id=,B06, PRDE,actvstrat=,1.000000, actvprof=,2.355408, id=,B08, PRDE,actvstrat=,-1.000000, actvprof=,5.398084, id=,S01, PRDE,actvstrat=,0.766106, actvprof=,4.030239, id=,S02, PRDE,actvstrat=,-1.000000, actvprof=,3.585717, id=,S07, PRDE,actvstrat=,1.000000, actvprof=,0.000000, id=,S08, PRDE,actvstrat=,1.000000, actvprof=,0.000000, id=,S09, PRDE,actvstrat=,0.989890, actvprof=,0.000000, best_B_id=,B08, best_B_prof=,5.398084, best_B_strat=,-1.000000, best_S_id=,S01, best_S_prof=,4.030239, best_S_strat=,0.766106, 
t=,3690000, id=,B00, PRDE,actvstrat=,-0.179891, actvprof=,0.000000, id=,B03, PRDE,actvstrat=,0.015837, actvprof=,0.000000, id=,B05, PRDE,actvstrat=,-1.000000, actvprof=,0.963872, id=,B06, PRDE,actvstrat=,1.000000, actvprof=,2.514121, id=,B08, PRDE,actvstrat=,-1.000000, actvprof=,5.313741, id=,S01, PRDE,actvstrat=,0.766106, actvprof=,3.900229, id=,S02, PRDE,actvstrat=,-1.000000, actvprof=,3.427940, id=,S07, PRDE,actvstrat=,-1.000000, actvprof=,0.000000, id=,S08, PRDE,actvstrat=,-1.000000, actvprof=,0.000000, id=,S09, PRDE,actvstrat=,1.000000, actvprof=,0.000000, best_B_id=,B08, best_B_prof=,5.313741, best_B_strat=,-1.000000, best_S_id=,S01, best_S_prof=,3.900229, best_S_strat=,0.766106, 
t=,3693600, id=,B00, PRDE,actvstrat=,-0.179891, actvprof=,0.000000, id=,B03, PRDE,actvstrat=,0.015837, actvprof=,0.000836, id=,B05, PRDE,actvstrat=,-1.000000, actvprof=,0.978373, id=,B06, PRDE,actvstrat=,1.000000, actvprof=,2.502996, id=,B08, PRDE,actvstrat=,-1.000000, actvprof=,5.288175, id=,S01, PRDE,actvstrat=,0.766106, actvprof=,3.864023, id=,S02, PRDE,actvstrat=,-1.000000, actvprof=,3.453499, id=,S07, PRDE,actvstrat=,-1.000000, actvprof=,0.000000, id=,S08, PRDE,actvstrat=,-1.000000, actvprof=,0.000000, id=,S09, PRDE,actvstrat=,1.000000, actvprof=,0.000000, best_B_id=,B08, best_B_prof=,5.288175, best_B_strat=,-1.000000, best_S_id=,S01, best_S_prof=,3.864023, best_S_strat=,0.766106, 
t=,3697200, id=,B00, PRDE,actvstrat=,1.000000, actvprof=,0.000000, id=,B03, PRDE,actvstrat=,1.000000, actvprof=,0.006991, id=,B05, PRDE,actvstrat=,-1.000000, actvprof=,1.352852, id=,B06, PRDE,actvstrat=,1.000000, actvprof=,2.768340, id=,B08, PRDE,actvstrat=,1.000000, actvprof=,6.050921, id=,S01, PRDE,actvstrat=,1.000000, actvprof=,4.895488, id=,S02, PRDE,actvstrat=,-1.000000, actvprof=,3.250982, id=,S07, PRDE,actvstrat=,1.000000, actvprof=,0.008389, id=,S08, PRDE,actvstrat=,1.000000, actvprof=,0.000000, id=,S09, PRDE,actvstrat=,1.000000, actvprof=,0.000000, best_B_id=,B08, best_B_prof=,6.050921, best_B_strat=,1.000000, best_S_id=,S01, best_S_prof=,4.895488, best_S_strat=,1.000000, 
t=,3700800, id=,B00, PRDE,actvstrat=,1.000000, actvprof=,0.000000, id=,B03, PRDE,actvstrat=,1.000000, actvprof=,0.006131, id=,B05, PRDE,actvstrat=,-1.000000, actvprof=,1.373280, id=,B06, PRDE,actvstrat=,1.000000, actvprof=,2.803832, id=,B08, PRDE,actvstrat=,1.000000, actvprof=,6.064588, id=,S01, PRDE,actvstrat=,1.000000, actvprof=,4.884445, id=,S02, PRDE,actvstrat=,-1.000000, actvprof=,3.200418, id=,S07, PRDE,actvstrat=,1.000000, actvprof=,0.005435, id=,S08, PRDE,actvstrat=,1.000000, actvprof=,0.000000, id=,S09, PRDE,actvstrat=,1.000000, actvprof=,0.000000, best_B_id=,B08, best_B_prof=,6.064588, best_B_strat=,1.000000, best_S_id=,S01, best_S_prof=,4.884445, best_S_strat=,1.000000, 
t=,3704400, id=,B00, PRDE,actvstrat=,1.000000, actvprof=,0.000000, id=,B03, PRDE,actvstrat=,-1.000000, actvprof=,0.010067, id=,B05, PRDE,actvstrat=,-1.000000, actvprof=,1.014793, id=,B06, PRDE,actvstrat=,1.000000, actvprof=,2.388636, id=,B08, PRDE,actvstrat=,-1.000000, actvprof=,5.441682, id=,S01, PRDE,actvstrat=,1.000000, actvprof=,5.273342, id=,S02, PRDE,actvstrat=,1.000000, actvprof=,3.649786, id=,S07, PRDE,actvstrat=,1.000000, actvprof=,0.000000, id=,S08, PRDE,actvstrat=,1.000000, actvprof=,0.000000, id=,S09, PRDE,actvstrat=,0.997978, actvprof=,0.000000, best_B_id=,B08, best_B_prof=,5.441682, best_B_strat=,-1.000000, best_S_id=,S01, best_S_prof=,5.273342, best_S_strat=,1.000000, 
t=,3708000, id=,B00, PRDE,actvstrat=,1.000000, actvprof=,0.000000, id=,B03, PRDE,actvstrat=,-1.000000, actvprof=,0.015747, id=,B05, PRDE,actvstrat=,-1.000000, actvprof=,1.014054, id=,B06, PRDE,actvstrat=,1.000000, actvprof=,2.384426, id=,B08, PRDE,actvstrat=,-1.000000, actvprof=,5.403594, id=,S01, PRDE,actvstrat=,1.000000, actvprof=,5.327648, id=,S02, PRDE,actvstrat=,1.000000, actvprof=,3.632449, id=,S07, PRDE,actvstrat=,1.000000, actvprof=,0.000000, id=,S08, PRDE,actvstrat=,1.000000, actvprof=,0.000000, id=,S09, PRDE,actvstrat=,0.997978, actvprof=,0.000000, best_B_id=,B08, best_B_prof=,5.403594, best_B_strat=,-1.000000, best_S_id=,S01, best_S_prof=,5.327648, best_S_strat=,1.000000, 
t=,3711600, id=,B00, PRDE,actvstrat=,1.000000, actvprof=,0.000000, id=,B03, PRDE,actvstrat=,-1.000000, actvprof=,0.013143, id=,B05, PRDE,actvstrat=,-1.000000, actvprof=,1.411334, id=,B06, PRDE,actvstrat=,1.000000, actvprof=,2.903483, id=,B08, PRDE,actvstrat=,0.904586, actvprof=,6.260539, id=,S01, PRDE,actvstrat=,1.000000, actvprof=,4.779016, id=,S02, PRDE,actvstrat=,-1.000000, actvprof=,3.064834, id=,S07, PRDE,actvstrat=,1.000000, actvprof=,0.000000, id=,S08, PRDE,actvstrat=,-1.000000, actvprof=,0.000000, id=,S09, PRDE,actvstrat=,0.989890, actvprof=,0.000000, best_B_id=,B08, best_B_prof=,6.260539, best_B_strat=,0.904586, best_S_id=,S01, best_S_prof=,4.779016, best_S_strat=,1.000000, 
t=,3715200, id=,B00, PRDE,actvstrat=,1.000000, actvprof=,0.000000, id=,B03, PRDE,actvstrat=,-1.000000, actvprof=,0.011148, id=,B05, PRDE,actvstrat=,-1.000000, actvprof=,1.361055, id=,B06, PRDE,actvstrat=,1.000000, actvprof=,2.827879, id=,B08, PRDE,actvstrat=,0.904586, actvprof=,6.202019, id=,S01, PRDE,actvstrat=,1.000000, actvprof=,4.852670, id=,S02, PRDE,actvstrat=,-1.000000, actvprof=,3.083312, id=,S07, PRDE,actvstrat=,1.000000, actvprof=,0.000697, id=,S08, PRDE,actvstrat=,-1.000000, actvprof=,0.000000, id=,S09, PRDE,actvstrat=,0.989890, actvprof=,0.000000, best_B_id=,B08, best_B_prof=,6.202019, best_B_strat=,0.904586, best_S_id=,S01, best_S_prof=,4.852670, best_S_strat=,1.000000, 
t=,3718800, id=,B00, PRDE,actvstrat=,-0.179891, actvprof=,0.000000, id=,B03, PRDE,actvstrat=,-1.000000, actvprof=,0.004474, id=,B05, PRDE,actvstrat=,-1.000000, actvprof=,1.475112, id=,B06, PRDE,actvstrat=,-1.000000, actvprof=,2.967562, id=,B08, PRDE,actvstrat=,0.047707, actvprof=,4.674497, id=,S01, PRDE,actvstrat=,1.000000, actvprof=,4.875559, id=,S02, PRDE,actvstrat=,-1.000000, actvprof=,2.981823, id=,S07, PRDE,actvstrat=,1.000000, actvprof=,0.000000, id=,S08, PRDE,actvstrat=,1.000000, actvprof=,0.000000, id=,S09, PRDE,actvstrat=,0.997978, actvprof=,0.000000, best_B_id=,B08, best_B_prof=,4.674497, best_B_strat=,0.047707, best_S_id=,S01, best_S_prof=,4.875559, best_S_strat=,1.000000, 
t=,3722400, id=,B00, PRDE,actvstrat=,-0.179891, actvprof=,0.000000, id=,B03, PRDE,actvstrat=,-1.000000, actvprof=,0.004599, id=,B05, PRDE,actvstrat=,-1.000000, actvprof=,1.370819, id=,B06, PRDE,actvstrat=,-1.000000, actvprof=,2.837653, id=,B08, PRDE,actvstrat=,0.047707, actvprof=,4.662765, id=,S01, PRDE,actvstrat=,1.000000, actvprof=,4.944398, id=,S02, PRDE,actvstrat=,-1.000000, actvprof=,3.052815, id=,S07, PRDE,actvstrat=,1.000000, actvprof=,0.000000, id=,S08, PRDE,actvstrat=,1.000000, actvprof=,0.000000, id=,S09, PRDE,actvstrat=,0.997978, actvprof=,0.000000, best_B_id=,B08, best_B_prof=,4.662765, best_B_strat=,0.047707, best_S_id=,S01, best_S_prof=,4.944398, best_S_strat=,1.000000, 
t=,3726000, id=,B00, PRDE,actvstrat=,-1.000000, actvprof=,0.000000, id=,B03, PRDE,actvstrat=,-1.000000, actvprof=,0.002517, id=,B05, PRDE,actvstrat=,1.000000, actvprof=,0.779406, id=,B06, PRDE,actvstrat=,-1.000000, actvprof=,2.364226, id=,B08, PRDE,actvstrat=,-1.000000, actvprof=,5.385368, id=,S01, PRDE,actvstrat=,0.766106, actvprof=,4.066503, id=,S02, PRDE,actvstrat=,-1.000000, actvprof=,3.638906, id=,S07, PRDE,actvstrat=,1.000000, actvprof=,0.000000, id=,S08, PRDE,actvstrat=,-1.000000, actvprof=,0.000000, id=,S09, PRDE,actvstrat=,0.995956, actvprof=,0.000000, best_B_id=,B08, best_B_prof=,5.385368, best_B_strat=,-1.000000, best_S_id=,S01, best_S_prof=,4.066503, best_S_strat=,0.766106, 
t=,3729600, id=,B00, PRDE,actvstrat=,-1.000000, actvprof=,0.000000, id=,B03, PRDE,actvstrat=,-1.000000, actvprof=,0.003484, id=,B05, PRDE,actvstrat=,1.000000, actvprof=,0.741670, id=,B06, PRDE,actvstrat=,-1.000000, actvprof=,2.343186, id=,B08, PRDE,actvstrat=,-1.000000, actvprof=,5.383447, id=,S01, PRDE,actvstrat=,0.766106, actvprof=,4.114581, id=,S02, PRDE,actvstrat=,-1.000000, actvprof=,3.628496, id=,S07, PRDE,actvstrat=,1.000000, actvprof=,0.000000, id=,S08, PRDE,actvstrat=,-1.000000, actvprof=,0.000000, id=,S09, PRDE,actvstrat=,0.995956, actvprof=,0.000000, best_B_id=,B08, best_B_prof=,5.383447, best_B_strat=,-1.000000, best_S_id=,S01, best_S_prof=,4.114581, best_S_strat=,0.766106, 
t=,3733200, id=,B00, PRDE,actvstrat=,-0.179891, actvprof=,0.000000, id=,B03, PRDE,actvstrat=,-1.000000, actvprof=,0.009509, id=,B05, PRDE,actvstrat=,1.000000, actvprof=,1.182459, id=,B06, PRDE,actvstrat=,1.000000, actvprof=,2.693534, id=,B08, PRDE,actvstrat=,0.904586, actvprof=,6.032834, id=,S01, PRDE,actvstrat=,1.000000, actvprof=,4.671943, id=,S02, PRDE,actvstrat=,-1.000000, actvprof=,3.127307, id=,S07, PRDE,actvstrat=,1.000000, actvprof=,0.003636, id=,S08, PRDE,actvstrat=,-1.000000, actvprof=,0.000000, id=,S09, PRDE,actvstrat=,1.000000, actvprof=,0.000000, best_B_id=,B08, best_B_prof=,6.032834, best_B_strat=,0.904586, best_S_id=,S01, best_S_prof=,4.671943, best_S_strat=,1.000000, 
t=,3736800, id=,B00, PRDE,actvstrat=,-0.179891, actvprof=,0.000000, id=,B03, PRDE,actvstrat=,-1.000000, actvprof=,0.016584, id=,B05, PRDE,actvstrat=,1.000000, actvprof=,1.200867, id=,B06, PRDE,actvstrat=,1.000000, actvprof=,2.671535, id=,B08, PRDE,actvstrat=,0.904586, actvprof=,6.070112, id=,S01, PRDE,actvstrat=,1.000000, actvprof=,4.654073, id=,S02, PRDE,actvstrat=,-1.000000, actvprof=,3.109405, id=,S07, PRDE,actvstrat=,1.000000, actvprof=,0.003623, id=,S08, PRDE,actvstrat=,-1.000000, actvprof=,0.000000, id=,S09, PRDE,actvstrat=,1.000000, actvprof=,0.000000, best_B_id=,B08, best_B_prof=,6.070112, best_B_strat=,0.904586, best_S_id=,S01, best_S_prof=,4.654073, best_S_strat=,1.000000, 
t=,3740400, id=,B00, PRDE,actvstrat=,-1.000000, actvprof=,0.000000, id=,B03, PRDE,actvstrat=,1.000000, actvprof=,0.002237, id=,B05, PRDE,actvstrat=,1.000000, actvprof=,1.058873, id=,B06, PRDE,actvstrat=,1.000000, actvprof=,2.628723, id=,B08, PRDE,actvstrat=,-1.000000, actvprof=,5.499371, id=,S01, PRDE,actvstrat=,1.000000, actvprof=,5.142777, id=,S02, PRDE,actvstrat=,-1.000000, actvprof=,3.238708, id=,S07, PRDE,actvstrat=,1.000000, actvprof=,0.000000, id=,S08, PRDE,actvstrat=,1.000000, actvprof=,0.000000, id=,S09, PRDE,actvstrat=,0.989890, actvprof=,0.000000, best_B_id=,B08, best_B_prof=,5.499371, best_B_strat=,-1.000000, best_S_id=,S01, best_S_prof=,5.142777, best_S_strat=,1.000000, 
t=,3744000, id=,B00, PRDE,actvstrat=,-1.000000, actvprof=,0.000000, id=,B03, PRDE,actvstrat=,1.000000, actvprof=,0.002509, id=,B05, PRDE,actvstrat=,1.000000, actvprof=,0.976106, id=,B06, PRDE,actvstrat=,1.000000, actvprof=,2.548969, id=,B08, PRDE,actvstrat=,-1.000000, actvprof=,5.424050, id=,S01, PRDE,actvstrat=,1.000000, actvprof=,5.206224, id=,S02, PRDE,actvstrat=,-1.000000, actvprof=,3.357002, id=,S07, PRDE,actvstrat=,1.000000, actvprof=,0.000000, id=,S08, PRDE,actvstrat=,1.000000, actvprof=,0.000000, id=,S09, PRDE,actvstrat=,0.989890, actvprof=,0.000000, best_B_id=,B08, best_B_prof=,5.424050, best_B_strat=,-1.000000, best_S_id=,S01, best_S_prof=,5.206224, best_S_strat=,1.000000, 
t=,3747600, id=,B00, PRDE,actvstrat=,1.000000, actvprof=,0.000000, id=,B03, PRDE,actvstrat=,1.000000, actvprof=,0.008950, id=,B05, PRDE,actvstrat=,-1.000000, actvprof=,1.460795, id=,B06, PRDE,actvstrat=,1.000000, actvprof=,2.934176, id=,B08, PRDE,actvstrat=,0.047707, actvprof=,4.669063, id=,S01, PRDE,actvstrat=,1.000000, actvprof=,4.881903, id=,S02, PRDE,actvstrat=,-1.000000, actvprof=,2.997665, id=,S07, PRDE,actvstrat=,1.000000, actvprof=,0.000000, id=,S08, PRDE,actvstrat=,1.000000, actvprof=,0.000000, id=,S09, PRDE,actvstrat=,0.995956, actvprof=,0.000000, best_B_id=,B08, best_B_prof=,4.669063, best_B_strat=,0.047707, best_S_id=,S01, best_S_prof=,4.881903, best_S_strat=,1.000000, 
t=,3751200, id=,B00, PRDE,actvstrat=,1.000000, actvprof=,0.000000, id=,B03, PRDE,actvstrat=,1.000000, actvprof=,0.006968, id=,B05, PRDE,actvstrat=,-1.000000, actvprof=,1.448421, id=,B06, PRDE,actvstrat=,1.000000, actvprof=,2.934749, id=,B08, PRDE,actvstrat=,0.047707, actvprof=,4.678206, id=,S01, PRDE,actvstrat=,1.000000, actvprof=,4.814505, id=,S02, PRDE,actvstrat=,-1.000000, actvprof=,2.975583, id=,S07, PRDE,actvstrat=,1.000000, actvprof=,0.000000, id=,S08, PRDE,actvstrat=,1.000000, actvprof=,0.000000, id=,S09, PRDE,actvstrat=,0.995956, actvprof=,0.000000, best_B_id=,B08, best_B_prof=,4.678206, best_B_strat=,0.047707, best_S_id=,S01, best_S_prof=,4.814505, best_S_strat=,1.000000, 
t=,3754800, id=,B00, PRDE,actvstrat=,-1.000000, actvprof=,0.000000, id=,B03, PRDE,actvstrat=,-1.000000, actvprof=,0.007552, id=,B05, PRDE,actvstrat=,-1.000000, actvprof=,1.139469, id=,B06, PRDE,actvstrat=,1.000000, actvprof=,2.579328, id=,B08, PRDE,actvstrat=,-1.000000, actvprof=,5.589103, id=,S01, PRDE,actvstrat=,1.000000, actvprof=,5.307173, id=,S02, PRDE,actvstrat=,-1.000000, actvprof=,3.298418, id=,S07, PRDE,actvstrat=,1.000000, actvprof=,0.000000, id=,S08, PRDE,actvstrat=,1.000000, actvprof=,0.000000, id=,S09, PRDE,actvstrat=,0.975735, actvprof=,0.000000, best_B_id=,B08, best_B_prof=,5.589103, best_B_strat=,-1.000000, best_S_id=,S01, best_S_prof=,5.307173, best_S_strat=,1.000000, 
t=,3758400, id=,B00, PRDE,actvstrat=,-1.000000, actvprof=,0.000000, id=,B03, PRDE,actvstrat=,-1.000000, actvprof=,0.004042, id=,B05, PRDE,actvstrat=,-1.000000, actvprof=,1.217763, id=,B06, PRDE,actvstrat=,1.000000, actvprof=,2.657255, id=,B08, PRDE,actvstrat=,-1.000000, actvprof=,5.695671, id=,S01, PRDE,actvstrat=,1.000000, actvprof=,5.193403, id=,S02, PRDE,actvstrat=,-1.000000, actvprof=,3.259726, id=,S07, PRDE,actvstrat=,1.000000, actvprof=,0.000000, id=,S08, PRDE,actvstrat=,1.000000, actvprof=,0.000000, id=,S09, PRDE,actvstrat=,0.975735, actvprof=,0.000000, best_B_id=,B08, best_B_prof=,5.695671, best_B_strat=,-1.000000, best_S_id=,S01, best_S_prof=,5.193403, best_S_strat=,1.000000, 
t=,3762000, id=,B00, PRDE,actvstrat=,-1.000000, actvprof=,0.000000, id=,B03, PRDE,actvstrat=,-1.000000, actvprof=,0.004195, id=,B05, PRDE,actvstrat=,1.000000, actvprof=,0.363880, id=,B06, PRDE,actvstrat=,1.000000, actvprof=,1.774931, id=,B08, PRDE,actvstrat=,-1.000000, actvprof=,4.816032, id=,S01, PRDE,actvstrat=,1.000000, actvprof=,6.025704, id=,S02, PRDE,actvstrat=,0.600508, actvprof=,2.162865, id=,S07, PRDE,actvstrat=,1.000000, actvprof=,0.000000, id=,S08, PRDE,actvstrat=,-1.000000, actvprof=,0.000000, id=,S09, PRDE,actvstrat=,0.989890, actvprof=,0.000000, best_B_id=,B08, best_B_prof=,4.816032, best_B_strat=,-1.000000, best_S_id=,S01, best_S_prof=,6.025704, best_S_strat=,1.000000, 
t=,3765600, id=,B00, PRDE,actvstrat=,-1.000000, actvprof=,0.000000, id=,B03, PRDE,actvstrat=,-1.000000, actvprof=,0.003066, id=,B05, PRDE,actvstrat=,1.000000, actvprof=,0.383953, id=,B06, PRDE,actvstrat=,1.000000, actvprof=,1.809110, id=,B08, PRDE,actvstrat=,-1.000000, actvprof=,4.791125, id=,S01, PRDE,actvstrat=,1.000000, actvprof=,5.955807, id=,S02, PRDE,actvstrat=,0.600508, actvprof=,2.122405, id=,S07, PRDE,actvstrat=,1.000000, actvprof=,0.000000, id=,S08, PRDE,actvstrat=,-1.000000, actvprof=,0.000000, id=,S09, PRDE,actvstrat=,0.989890, actvprof=,0.000000, best_B_id=,B08, best_B_prof=,4.791125, best_B_strat=,-1.000000, best_S_id=,S01, best_S_prof=,5.955807, best_S_strat=,1.000000, 
t=,3769200, id=,B00, PRDE,actvstrat=,1.000000, actvprof=,0.000000, id=,B03, PRDE,actvstrat=,1.000000, actvprof=,0.002517, id=,B05, PRDE,actvstrat=,-1.000000, actvprof=,0.969709, id=,B06, PRDE,actvstrat=,1.000000, actvprof=,2.451822, id=,B08, PRDE,actvstrat=,1.000000, actvprof=,5.776858, id=,S01, PRDE,actvstrat=,0.766106, actvprof=,3.943166, id=,S02, PRDE,actvstrat=,-1.000000, actvprof=,3.449221, id=,S07, PRDE,actvstrat=,0.498475, actvprof=,0.000000, id=,S08, PRDE,actvstrat=,1.000000, actvprof=,0.000000, id=,S09, PRDE,actvstrat=,0.941359, actvprof=,0.000000, best_B_id=,B08, best_B_prof=,5.776858, best_B_strat=,1.000000, best_S_id=,S01, best_S_prof=,3.943166, best_S_strat=,0.766106, 
t=,3772800, id=,B00, PRDE,actvstrat=,1.000000, actvprof=,0.000000, id=,B03, PRDE,actvstrat=,1.000000, actvprof=,0.001533, id=,B05, PRDE,actvstrat=,-1.000000, actvprof=,1.060172, id=,B06, PRDE,actvstrat=,1.000000, actvprof=,2.493154, id=,B08, PRDE,actvstrat=,1.000000, actvprof=,5.862653, id=,S01, PRDE,actvstrat=,0.766106, actvprof=,3.899794, id=,S02, PRDE,actvstrat=,-1.000000, actvprof=,3.415769, id=,S07, PRDE,actvstrat=,0.498475, actvprof=,0.000418, id=,S08, PRDE,actvstrat=,1.000000, actvprof=,0.000000, id=,S09, PRDE,actvstrat=,0.941359, actvprof=,0.000000, best_B_id=,B08, best_B_prof=,5.862653, best_B_strat=,1.000000, best_S_id=,S01, best_S_prof=,3.899794, best_S_strat=,0.766106, 
t=,3776400, id=,B00, PRDE,actvstrat=,-0.179891, actvprof=,0.000000, id=,B03, PRDE,actvstrat=,1.000000, actvprof=,0.001119, id=,B05, PRDE,actvstrat=,-1.000000, actvprof=,1.011692, id=,B06, PRDE,actvstrat=,1.000000, actvprof=,2.521817, id=,B08, PRDE,actvstrat=,-1.000000, actvprof=,5.473540, id=,S01, PRDE,actvstrat=,0.766106, actvprof=,4.028586, id=,S02, PRDE,actvstrat=,-1.000000, actvprof=,3.410439, id=,S07, PRDE,actvstrat=,1.000000, actvprof=,0.000000, id=,S08, PRDE,actvstrat=,1.000000, actvprof=,0.000000, id=,S09, PRDE,actvstrat=,0.989890, actvprof=,0.000000, best_B_id=,B08, best_B_prof=,5.473540, best_B_strat=,-1.000000, best_S_id=,S01, best_S_prof=,4.028586, best_S_strat=,0.766106, 
t=,3780000, id=,B00, PRDE,actvstrat=,-0.179891, actvprof=,0.000000, id=,B03, PRDE,actvstrat=,1.000000, actvprof=,0.001254, id=,B05, PRDE,actvstrat=,-1.000000, actvprof=,1.017951, id=,B06, PRDE,actvstrat=,1.000000, actvprof=,2.502369, id=,B08, PRDE,actvstrat=,-1.000000, actvprof=,5.500474, id=,S01, PRDE,actvstrat=,0.766106, actvprof=,4.046716, id=,S02, PRDE,actvstrat=,-1.000000, actvprof=,3.384853, id=,S07, PRDE,actvstrat=,1.000000, actvprof=,0.000000, id=,S08, PRDE,actvstrat=,1.000000, actvprof=,0.000000, id=,S09, PRDE,actvstrat=,0.989890, actvprof=,0.000000, best_B_id=,B08, best_B_prof=,5.500474, best_B_strat=,-1.000000, best_S_id=,S01, best_S_prof=,4.046716, best_S_strat=,0.766106, 
t=,3783600, id=,B00, PRDE,actvstrat=,1.000000, actvprof=,0.000000, id=,B03, PRDE,actvstrat=,1.000000, actvprof=,0.001119, id=,B05, PRDE,actvstrat=,-1.000000, actvprof=,0.916033, id=,B06, PRDE,actvstrat=,-1.000000, actvprof=,2.383923, id=,B08, PRDE,actvstrat=,-1.000000, actvprof=,5.515216, id=,S01, PRDE,actvstrat=,0.766106, actvprof=,4.179347, id=,S02, PRDE,actvstrat=,-1.000000, actvprof=,3.495189, id=,S07, PRDE,actvstrat=,0.498475, actvprof=,0.000000, id=,S08, PRDE,actvstrat=,1.000000, actvprof=,0.000000, id=,S09, PRDE,actvstrat=,1.000000, actvprof=,0.000000, best_B_id=,B08, best_B_prof=,5.515216, best_B_strat=,-1.000000, best_S_id=,S01, best_S_prof=,4.179347, best_S_strat=,0.766106, 
t=,3787200, id=,B00, PRDE,actvstrat=,1.000000, actvprof=,0.000000, id=,B03, PRDE,actvstrat=,1.000000, actvprof=,0.001115, id=,B05, PRDE,actvstrat=,-1.000000, actvprof=,0.916775, id=,B06, PRDE,actvstrat=,-1.000000, actvprof=,2.389776, id=,B08, PRDE,actvstrat=,-1.000000, actvprof=,5.476262, id=,S01, PRDE,actvstrat=,0.766106, actvprof=,4.123259, id=,S02, PRDE,actvstrat=,-1.000000, actvprof=,3.401462, id=,S07, PRDE,actvstrat=,0.498475, actvprof=,0.000000, id=,S08, PRDE,actvstrat=,1.000000, actvprof=,0.000000, id=,S09, PRDE,actvstrat=,1.000000, actvprof=,0.000000, best_B_id=,B08, best_B_prof=,5.476262, best_B_strat=,-1.000000, best_S_id=,S01, best_S_prof=,4.123259, best_S_strat=,0.766106, 
t=,3790800, id=,B00, PRDE,actvstrat=,-1.000000, actvprof=,0.000000, id=,B03, PRDE,actvstrat=,-1.000000, actvprof=,0.003077, id=,B05, PRDE,actvstrat=,-1.000000, actvprof=,0.999133, id=,B06, PRDE,actvstrat=,1.000000, actvprof=,2.462868, id=,B08, PRDE,actvstrat=,-1.000000, actvprof=,5.662779, id=,S01, PRDE,actvstrat=,0.766106, actvprof=,4.016951, id=,S02, PRDE,actvstrat=,-1.000000, actvprof=,3.477945, id=,S07, PRDE,actvstrat=,1.000000, actvprof=,0.000000, id=,S08, PRDE,actvstrat=,1.000000, actvprof=,0.000000, id=,S09, PRDE,actvstrat=,1.000000, actvprof=,0.000000, best_B_id=,B08, best_B_prof=,5.662779, best_B_strat=,-1.000000, best_S_id=,S01, best_S_prof=,4.016951, best_S_strat=,0.766106, 
t=,3794400, id=,B00, PRDE,actvstrat=,-1.000000, actvprof=,0.000000, id=,B03, PRDE,actvstrat=,-1.000000, actvprof=,0.004042, id=,B05, PRDE,actvstrat=,-1.000000, actvprof=,0.942983, id=,B06, PRDE,actvstrat=,1.000000, actvprof=,2.414461, id=,B08, PRDE,actvstrat=,-1.000000, actvprof=,5.550724, id=,S01, PRDE,actvstrat=,0.766106, actvprof=,4.097504, id=,S02, PRDE,actvstrat=,-1.000000, actvprof=,3.516885, id=,S07, PRDE,actvstrat=,1.000000, actvprof=,0.000000, id=,S08, PRDE,actvstrat=,1.000000, actvprof=,0.000000, id=,S09, PRDE,actvstrat=,1.000000, actvprof=,0.000000, best_B_id=,B08, best_B_prof=,5.550724, best_B_strat=,-1.000000, best_S_id=,S01, best_S_prof=,4.097504, best_S_strat=,0.766106, 
t=,3798000, id=,B00, PRDE,actvstrat=,-1.000000, actvprof=,0.000000, id=,B03, PRDE,actvstrat=,-1.000000, actvprof=,0.000000, id=,B05, PRDE,actvstrat=,1.000000, actvprof=,0.680830, id=,B06, PRDE,actvstrat=,-1.000000, actvprof=,2.192137, id=,B08, PRDE,actvstrat=,-1.000000, actvprof=,5.103145, id=,S01, PRDE,actvstrat=,0.532212, actvprof=,3.074642, id=,S02, PRDE,actvstrat=,-1.000000, actvprof=,3.569740, id=,S07, PRDE,actvstrat=,-0.003050, actvprof=,0.000000, id=,S08, PRDE,actvstrat=,1.000000, actvprof=,0.000000, id=,S09, PRDE,actvstrat=,0.931249, actvprof=,0.000000, best_B_id=,B08, best_B_prof=,5.103145, best_B_strat=,-1.000000, best_S_id=,S02, best_S_prof=,3.569740, best_S_strat=,-1.000000, 
t=,3801600, id=,B00, PRDE,actvstrat=,-1.000000, actvprof=,0.000000, id=,B03, PRDE,actvstrat=,-1.000000, actvprof=,0.001115, id=,B05, PRDE,actvstrat=,1.000000, actvprof=,0.684455, id=,B06, PRDE,actvstrat=,-1.000000, actvprof=,2.195664, id=,B08, PRDE,actvstrat=,-1.000000, actvprof=,5.085400, id=,S01, PRDE,actvstrat=,0.532212, actvprof=,3.147156, id=,S02, PRDE,actvstrat=,-1.000000, actvprof=,3.625898, id=,S07, PRDE,actvstrat=,-0.003050, actvprof=,0.000000, id=,S08, PRDE,actvstrat=,1.000000, actvprof=,0.000000, id=,S09, PRDE,actvstrat=,0.931249, actvprof=,0.000000, best_B_id=,B08, best_B_prof=,5.085400, best_B_strat=,-1.000000, best_S_id=,S02, best_S_prof=,3.625898, best_S_strat=,-1.000000, 
t=,3805200, id=,B00, PRDE,actvstrat=,-1.000000, actvprof=,0.000000, id=,B03, PRDE,actvstrat=,1.000000, actvprof=,0.000559, id=,B05, PRDE,actvstrat=,-1.000000, actvprof=,0.850629, id=,B06, PRDE,actvstrat=,-1.000000, actvprof=,2.290350, id=,B08, PRDE,actvstrat=,1.000000, actvprof=,5.530629, id=,S01, PRDE,actvstrat=,0.532212, actvprof=,3.012028, id=,S02, PRDE,actvstrat=,-1.000000, actvprof=,3.614545, id=,S07, PRDE,actvstrat=,0.498475, actvprof=,0.002238, id=,S08, PRDE,actvstrat=,1.000000, actvprof=,0.000000, id=,S09, PRDE,actvstrat=,0.975735, actvprof=,0.000000, best_B_id=,B08, best_B_prof=,5.530629, best_B_strat=,1.000000, best_S_id=,S02, best_S_prof=,3.614545, best_S_strat=,-1.000000, 
t=,3808800, id=,B00, PRDE,actvstrat=,-1.000000, actvprof=,0.000000, id=,B03, PRDE,actvstrat=,1.000000, actvprof=,0.000697, id=,B05, PRDE,actvstrat=,-1.000000, actvprof=,0.875819, id=,B06, PRDE,actvstrat=,-1.000000, actvprof=,2.358049, id=,B08, PRDE,actvstrat=,1.000000, actvprof=,5.607666, id=,S01, PRDE,actvstrat=,0.532212, actvprof=,3.015192, id=,S02, PRDE,actvstrat=,-1.000000, actvprof=,3.584808, id=,S07, PRDE,actvstrat=,0.498475, actvprof=,0.001115, id=,S08, PRDE,actvstrat=,1.000000, actvprof=,0.000000, id=,S09, PRDE,actvstrat=,0.975735, actvprof=,0.000000, best_B_id=,B08, best_B_prof=,5.607666, best_B_strat=,1.000000, best_S_id=,S02, best_S_prof=,3.584808, best_S_strat=,-1.000000, 
t=,3812400, id=,B00, PRDE,actvstrat=,1.000000, actvprof=,0.000000, id=,B03, PRDE,actvstrat=,-1.000000, actvprof=,0.002518, id=,B05, PRDE,actvstrat=,-1.000000, actvprof=,0.965328, id=,B06, PRDE,actvstrat=,-1.000000, actvprof=,2.494021, id=,B08, PRDE,actvstrat=,1.000000, actvprof=,5.868334, id=,S01, PRDE,actvstrat=,0.766106, actvprof=,4.023553, id=,S02, PRDE,actvstrat=,-1.000000, actvprof=,3.536273, id=,S07, PRDE,actvstrat=,1.000000, actvprof=,0.004476, id=,S08, PRDE,actvstrat=,1.000000, actvprof=,0.000000, id=,S09, PRDE,actvstrat=,1.000000, actvprof=,0.000000, best_B_id=,B08, best_B_prof=,5.868334, best_B_strat=,1.000000, best_S_id=,S01, best_S_prof=,4.023553, best_S_strat=,0.766106, 
t=,3816000, id=,B00, PRDE,actvstrat=,1.000000, actvprof=,0.000000, id=,B03, PRDE,actvstrat=,-1.000000, actvprof=,0.005436, id=,B05, PRDE,actvstrat=,-1.000000, actvprof=,0.970188, id=,B06, PRDE,actvstrat=,-1.000000, actvprof=,2.506237, id=,B08, PRDE,actvstrat=,1.000000, actvprof=,5.819872, id=,S01, PRDE,actvstrat=,0.766106, actvprof=,4.042565, id=,S02, PRDE,actvstrat=,-1.000000, actvprof=,3.499979, id=,S07, PRDE,actvstrat=,1.000000, actvprof=,0.004460, id=,S08, PRDE,actvstrat=,1.000000, actvprof=,0.000000, id=,S09, PRDE,actvstrat=,1.000000, actvprof=,0.000000, best_B_id=,B08, best_B_prof=,5.819872, best_B_strat=,1.000000, best_S_id=,S01, best_S_prof=,4.042565, best_S_strat=,0.766106, 
t=,3819600, id=,B00, PRDE,actvstrat=,1.000000, actvprof=,0.000000, id=,B03, PRDE,actvstrat=,-1.000000, actvprof=,0.006713, id=,B05, PRDE,actvstrat=,-1.000000, actvprof=,0.836107, id=,B06, PRDE,actvstrat=,-1.000000, actvprof=,2.412095, id=,B08, PRDE,actvstrat=,-1.000000, actvprof=,5.399032, id=,S01, PRDE,actvstrat=,0.766106, actvprof=,4.265854, id=,S02, PRDE,actvstrat=,-1.000000, actvprof=,3.583876, id=,S07, PRDE,actvstrat=,0.749237, actvprof=,0.000000, id=,S08, PRDE,actvstrat=,1.000000, actvprof=,0.000000, id=,S09, PRDE,actvstrat=,0.941359, actvprof=,0.000000, best_B_id=,B08, best_B_prof=,5.399032, best_B_strat=,-1.000000, best_S_id=,S01, best_S_prof=,4.265854, best_S_strat=,0.766106, 
t=,3823200, id=,B00, PRDE,actvstrat=,1.000000, actvprof=,0.000000, id=,B03, PRDE,actvstrat=,-1.000000, actvprof=,0.004599, id=,B05, PRDE,actvstrat=,-1.000000, actvprof=,0.843502, id=,B06, PRDE,actvstrat=,-1.000000, actvprof=,2.379004, id=,B08, PRDE,actvstrat=,-1.000000, actvprof=,5.381715, id=,S01, PRDE,actvstrat=,0.766106, actvprof=,4.191447, id=,S02, PRDE,actvstrat=,-1.000000, actvprof=,3.541816, id=,S07, PRDE,actvstrat=,0.749237, actvprof=,0.000000, id=,S08, PRDE,actvstrat=,1.000000, actvprof=,0.000000, id=,S09, PRDE,actvstrat=,0.941359, actvprof=,0.000000, best_B_id=,B08, best_B_prof=,5.381715, best_B_strat=,-1.000000, best_S_id=,S01, best_S_prof=,4.191447, best_S_strat=,0.766106, 
t=,3826800, id=,B00, PRDE,actvstrat=,1.000000, actvprof=,0.000000, id=,B03, PRDE,actvstrat=,-1.000000, actvprof=,0.000000, id=,B05, PRDE,actvstrat=,1.000000, actvprof=,0.570102, id=,B06, PRDE,actvstrat=,-1.000000, actvprof=,2.107251, id=,B08, PRDE,actvstrat=,-1.000000, actvprof=,4.956361, id=,S01, PRDE,actvstrat=,0.298318, actvprof=,2.367965, id=,S02, PRDE,actvstrat=,-1.000000, actvprof=,3.868188, id=,S07, PRDE,actvstrat=,1.000000, actvprof=,0.000000, id=,S08, PRDE,actvstrat=,1.000000, actvprof=,0.000000, id=,S09, PRDE,actvstrat=,0.991912, actvprof=,0.000000, best_B_id=,B08, best_B_prof=,4.956361, best_B_strat=,-1.000000, best_S_id=,S02, best_S_prof=,3.868188, best_S_strat=,-1.000000, 
t=,3830400, id=,B00, PRDE,actvstrat=,1.000000, actvprof=,0.000000, id=,B03, PRDE,actvstrat=,-1.000000, actvprof=,0.001115, id=,B05, PRDE,actvstrat=,1.000000, actvprof=,0.562656, id=,B06, PRDE,actvstrat=,-1.000000, actvprof=,2.053687, id=,B08, PRDE,actvstrat=,-1.000000, actvprof=,4.966899, id=,S01, PRDE,actvstrat=,0.298318, actvprof=,2.429302, id=,S02, PRDE,actvstrat=,-1.000000, actvprof=,3.899845, id=,S07, PRDE,actvstrat=,1.000000, actvprof=,0.000000, id=,S08, PRDE,actvstrat=,1.000000, actvprof=,0.000000, id=,S09, PRDE,actvstrat=,0.991912, actvprof=,0.000000, best_B_id=,B08, best_B_prof=,4.966899, best_B_strat=,-1.000000, best_S_id=,S02, best_S_prof=,3.899845, best_S_strat=,-1.000000, 
t=,3834000, id=,B00, PRDE,actvstrat=,1.000000, actvprof=,0.000000, id=,B03, PRDE,actvstrat=,-1.000000, actvprof=,0.004756, id=,B05, PRDE,actvstrat=,1.000000, actvprof=,0.934051, id=,B06, PRDE,actvstrat=,1.000000, actvprof=,2.432058, id=,B08, PRDE,actvstrat=,1.000000, actvprof=,5.799287, id=,S01, PRDE,actvstrat=,0.766106, actvprof=,3.776208, id=,S02, PRDE,actvstrat=,-1.000000, actvprof=,3.565564, id=,S07, PRDE,actvstrat=,-0.003050, actvprof=,0.000000, id=,S08, PRDE,actvstrat=,1.000000, actvprof=,0.000000, id=,S09, PRDE,actvstrat=,0.995956, actvprof=,0.000000, best_B_id=,B08, best_B_prof=,5.799287, best_B_strat=,1.000000, best_S_id=,S01, best_S_prof=,3.776208, best_S_strat=,0.766106, 
t=,3837600, id=,B00, PRDE,actvstrat=,1.000000, actvprof=,0.000000, id=,B03, PRDE,actvstrat=,-1.000000, actvprof=,0.006690, id=,B05, PRDE,actvstrat=,1.000000, actvprof=,1.022468, id=,B06, PRDE,actvstrat=,1.000000, actvprof=,2.522022, id=,B08, PRDE,actvstrat=,1.000000, actvprof=,5.890478, id=,S01, PRDE,actvstrat=,0.766106, actvprof=,3.707281, id=,S02, PRDE,actvstrat=,-1.000000, actvprof=,3.417378, id=,S07, PRDE,actvstrat=,-0.003050, actvprof=,0.000000, id=,S08, PRDE,actvstrat=,1.000000, actvprof=,0.000000, id=,S09, PRDE,actvstrat=,0.995956, actvprof=,0.000000, best_B_id=,B08, best_B_prof=,5.890478, best_B_strat=,1.000000, best_S_id=,S01, best_S_prof=,3.707281, best_S_strat=,0.766106, 
t=,3841200, id=,B00, PRDE,actvstrat=,-1.000000, actvprof=,0.000000, id=,B03, PRDE,actvstrat=,1.000000, actvprof=,0.000280, id=,B05, PRDE,actvstrat=,1.000000, actvprof=,0.488439, id=,B06, PRDE,actvstrat=,-1.000000, actvprof=,1.898368, id=,B08, PRDE,actvstrat=,1.000000, actvprof=,5.302058, id=,S01, PRDE,actvstrat=,-0.169471, actvprof=,0.691256, id=,S02, PRDE,actvstrat=,-1.000000, actvprof=,3.980250, id=,S07, PRDE,actvstrat=,1.000000, actvprof=,0.006154, id=,S08, PRDE,actvstrat=,-1.000000, actvprof=,0.000000, id=,S09, PRDE,actvstrat=,1.000000, actvprof=,0.000000, best_B_id=,B08, best_B_prof=,5.302058, best_B_strat=,1.000000, best_S_id=,S02, best_S_prof=,3.980250, best_S_strat=,-1.000000, 
t=,3844800, id=,B00, PRDE,actvstrat=,-1.000000, actvprof=,0.000000, id=,B03, PRDE,actvstrat=,1.000000, actvprof=,0.000139, id=,B05, PRDE,actvstrat=,1.000000, actvprof=,0.492149, id=,B06, PRDE,actvstrat=,-1.000000, actvprof=,1.881486, id=,B08, PRDE,actvstrat=,1.000000, actvprof=,5.325695, id=,S01, PRDE,actvstrat=,-0.169471, actvprof=,0.659126, id=,S02, PRDE,actvstrat=,-1.000000, actvprof=,3.995177, id=,S07, PRDE,actvstrat=,1.000000, actvprof=,0.004739, id=,S08, PRDE,actvstrat=,-1.000000, actvprof=,0.000000, id=,S09, PRDE,actvstrat=,1.000000, actvprof=,0.000000, best_B_id=,B08, best_B_prof=,5.325695, best_B_strat=,1.000000, best_S_id=,S02, best_S_prof=,3.995177, best_S_strat=,-1.000000, 
t=,3848400, id=,B00, PRDE,actvstrat=,1.000000, actvprof=,0.000000, id=,B03, PRDE,actvstrat=,1.000000, actvprof=,0.000280, id=,B05, PRDE,actvstrat=,-1.000000, actvprof=,1.054354, id=,B06, PRDE,actvstrat=,-1.000000, actvprof=,2.591266, id=,B08, PRDE,actvstrat=,-1.000000, actvprof=,5.546759, id=,S01, PRDE,actvstrat=,1.000000, actvprof=,5.432624, id=,S02, PRDE,actvstrat=,-1.000000, actvprof=,3.295381, id=,S07, PRDE,actvstrat=,0.498475, actvprof=,0.000000, id=,S08, PRDE,actvstrat=,1.000000, actvprof=,0.000000, id=,S09, PRDE,actvstrat=,0.991912, actvprof=,0.000000, best_B_id=,B08, best_B_prof=,5.546759, best_B_strat=,-1.000000, best_S_id=,S01, best_S_prof=,5.432624, best_S_strat=,1.000000, 
t=,3852000, id=,B00, PRDE,actvstrat=,1.000000, actvprof=,0.000000, id=,B03, PRDE,actvstrat=,1.000000, actvprof=,0.000976, id=,B05, PRDE,actvstrat=,-1.000000, actvprof=,1.069328, id=,B06, PRDE,actvstrat=,-1.000000, actvprof=,2.597915, id=,B08, PRDE,actvstrat=,-1.000000, actvprof=,5.574666, id=,S01, PRDE,actvstrat=,1.000000, actvprof=,5.378976, id=,S02, PRDE,actvstrat=,-1.000000, actvprof=,3.289800, id=,S07, PRDE,actvstrat=,0.498475, actvprof=,0.000000, id=,S08, PRDE,actvstrat=,1.000000, actvprof=,0.000000, id=,S09, PRDE,actvstrat=,0.991912, actvprof=,0.000000, best_B_id=,B08, best_B_prof=,5.574666, best_B_strat=,-1.000000, best_S_id=,S01, best_S_prof=,5.378976, best_S_strat=,1.000000, 
t=,3855600, id=,B00, PRDE,actvstrat=,-1.000000, actvprof=,0.000000, id=,B03, PRDE,actvstrat=,-1.000000, actvprof=,0.001679, id=,B05, PRDE,actvstrat=,-1.000000, actvprof=,0.855772, id=,B06, PRDE,actvstrat=,-1.000000, actvprof=,2.317774, id=,B08, PRDE,actvstrat=,-1.000000, actvprof=,5.415227, id=,S01, PRDE,actvstrat=,0.766106, actvprof=,4.188220, id=,S02, PRDE,actvstrat=,-1.000000, actvprof=,3.479319, id=,S07, PRDE,actvstrat=,1.000000, actvprof=,0.000000, id=,S08, PRDE,actvstrat=,1.000000, actvprof=,0.000000, id=,S09, PRDE,actvstrat=,0.989890, actvprof=,0.000000, best_B_id=,B08, best_B_prof=,5.415227, best_B_strat=,-1.000000, best_S_id=,S01, best_S_prof=,4.188220, best_S_strat=,0.766106, 
t=,3859200, id=,B00, PRDE,actvstrat=,-1.000000, actvprof=,0.000000, id=,B03, PRDE,actvstrat=,-1.000000, actvprof=,0.002230, id=,B05, PRDE,actvstrat=,-1.000000, actvprof=,0.876153, id=,B06, PRDE,actvstrat=,-1.000000, actvprof=,2.372971, id=,B08, PRDE,actvstrat=,-1.000000, actvprof=,5.446753, id=,S01, PRDE,actvstrat=,0.766106, actvprof=,4.168763, id=,S02, PRDE,actvstrat=,-1.000000, actvprof=,3.471019, id=,S07, PRDE,actvstrat=,1.000000, actvprof=,0.000000, id=,S08, PRDE,actvstrat=,1.000000, actvprof=,0.000000, id=,S09, PRDE,actvstrat=,0.989890, actvprof=,0.000000, best_B_id=,B08, best_B_prof=,5.446753, best_B_strat=,-1.000000, best_S_id=,S01, best_S_prof=,4.168763, best_S_strat=,0.766106, 
t=,3862800, id=,B00, PRDE,actvstrat=,-1.000000, actvprof=,0.000000, id=,B03, PRDE,actvstrat=,-0.314843, actvprof=,0.000000, id=,B05, PRDE,actvstrat=,-1.000000, actvprof=,0.910617, id=,B06, PRDE,actvstrat=,-1.000000, actvprof=,2.334872, id=,B08, PRDE,actvstrat=,1.000000, actvprof=,5.794377, id=,S01, PRDE,actvstrat=,0.766106, actvprof=,4.043083, id=,S02, PRDE,actvstrat=,-1.000000, actvprof=,3.489999, id=,S07, PRDE,actvstrat=,1.000000, actvprof=,0.000839, id=,S08, PRDE,actvstrat=,-1.000000, actvprof=,0.000000, id=,S09, PRDE,actvstrat=,1.000000, actvprof=,0.000000, best_B_id=,B08, best_B_prof=,5.794377, best_B_strat=,1.000000, best_S_id=,S01, best_S_prof=,4.043083, best_S_strat=,0.766106, 
t=,3866400, id=,B00, PRDE,actvstrat=,-1.000000, actvprof=,0.000000, id=,B03, PRDE,actvstrat=,-0.314843, actvprof=,0.000000, id=,B05, PRDE,actvstrat=,-1.000000, actvprof=,0.994355, id=,B06, PRDE,actvstrat=,-1.000000, actvprof=,2.408948, id=,B08, PRDE,actvstrat=,1.000000, actvprof=,5.863963, id=,S01, PRDE,actvstrat=,0.766106, actvprof=,3.898251, id=,S02, PRDE,actvstrat=,-1.000000, actvprof=,3.425605, id=,S07, PRDE,actvstrat=,1.000000, actvprof=,0.001673, id=,S08, PRDE,actvstrat=,-1.000000, actvprof=,0.000000, id=,S09, PRDE,actvstrat=,1.000000, actvprof=,0.000000, best_B_id=,B08, best_B_prof=,5.863963, best_B_strat=,1.000000, best_S_id=,S01, best_S_prof=,3.898251, best_S_strat=,0.766106, 
t=,3870000, id=,B00, PRDE,actvstrat=,-1.000000, actvprof=,0.000000, id=,B03, PRDE,actvstrat=,-1.000000, actvprof=,0.010351, id=,B05, PRDE,actvstrat=,-1.000000, actvprof=,1.159076, id=,B06, PRDE,actvstrat=,-0.012548, actvprof=,1.434646, id=,B08, PRDE,actvstrat=,-1.000000, actvprof=,5.772997, id=,S01, PRDE,actvstrat=,1.000000, actvprof=,5.121699, id=,S02, PRDE,actvstrat=,1.000000, actvprof=,3.436101, id=,S07, PRDE,actvstrat=,1.000000, actvprof=,0.000000, id=,S08, PRDE,actvstrat=,1.000000, actvprof=,0.000000, id=,S09, PRDE,actvstrat=,0.969669, actvprof=,0.000000, best_B_id=,B08, best_B_prof=,5.772997, best_B_strat=,-1.000000, best_S_id=,S01, best_S_prof=,5.121699, best_S_strat=,1.000000, 
t=,3873600, id=,B00, PRDE,actvstrat=,-1.000000, actvprof=,0.000000, id=,B03, PRDE,actvstrat=,-1.000000, actvprof=,0.012823, id=,B05, PRDE,actvstrat=,-1.000000, actvprof=,1.236906, id=,B06, PRDE,actvstrat=,-0.012548, actvprof=,1.447518, id=,B08, PRDE,actvstrat=,-1.000000, actvprof=,5.778084, id=,S01, PRDE,actvstrat=,1.000000, actvprof=,5.060110, id=,S02, PRDE,actvstrat=,1.000000, actvprof=,3.372849, id=,S07, PRDE,actvstrat=,1.000000, actvprof=,0.000000, id=,S08, PRDE,actvstrat=,1.000000, actvprof=,0.000000, id=,S09, PRDE,actvstrat=,0.969669, actvprof=,0.000000, best_B_id=,B08, best_B_prof=,5.778084, best_B_strat=,-1.000000, best_S_id=,S01, best_S_prof=,5.060110, best_S_strat=,1.000000, 
t=,3877200, id=,B00, PRDE,actvstrat=,-1.000000, actvprof=,0.000000, id=,B03, PRDE,actvstrat=,-1.000000, actvprof=,0.001119, id=,B05, PRDE,actvstrat=,-1.000000, actvprof=,1.514143, id=,B06, PRDE,actvstrat=,-0.012548, actvprof=,1.647595, id=,B08, PRDE,actvstrat=,-1.000000, actvprof=,5.971239, id=,S01, PRDE,actvstrat=,1.000000, actvprof=,4.863330, id=,S02, PRDE,actvstrat=,-1.000000, actvprof=,2.824329, id=,S07, PRDE,actvstrat=,1.000000, actvprof=,0.000000, id=,S08, PRDE,actvstrat=,-1.000000, actvprof=,0.000000, id=,S09, PRDE,actvstrat=,0.969669, actvprof=,0.000000, best_B_id=,B08, best_B_prof=,5.971239, best_B_strat=,-1.000000, best_S_id=,S01, best_S_prof=,4.863330, best_S_strat=,1.000000, 
t=,3880800, id=,B00, PRDE,actvstrat=,-1.000000, actvprof=,0.000000, id=,B03, PRDE,actvstrat=,-1.000000, actvprof=,0.008921, id=,B05, PRDE,actvstrat=,-1.000000, actvprof=,1.503979, id=,B06, PRDE,actvstrat=,-0.012548, actvprof=,1.670686, id=,B08, PRDE,actvstrat=,-1.000000, actvprof=,6.028323, id=,S01, PRDE,actvstrat=,1.000000, actvprof=,4.848975, id=,S02, PRDE,actvstrat=,-1.000000, actvprof=,2.862997, id=,S07, PRDE,actvstrat=,1.000000, actvprof=,0.000000, id=,S08, PRDE,actvstrat=,-1.000000, actvprof=,0.000000, id=,S09, PRDE,actvstrat=,0.969669, actvprof=,0.000000, best_B_id=,B08, best_B_prof=,6.028323, best_B_strat=,-1.000000, best_S_id=,S01, best_S_prof=,4.848975, best_S_strat=,1.000000, 
t=,3884400, id=,B00, PRDE,actvstrat=,1.000000, actvprof=,0.000000, id=,B03, PRDE,actvstrat=,-1.000000, actvprof=,0.000000, id=,B05, PRDE,actvstrat=,-1.000000, actvprof=,0.392810, id=,B06, PRDE,actvstrat=,-1.000000, actvprof=,1.870882, id=,B08, PRDE,actvstrat=,-1.000000, actvprof=,4.812478, id=,S01, PRDE,actvstrat=,-0.052524, actvprof=,1.366720, id=,S02, PRDE,actvstrat=,-1.000000, actvprof=,4.120865, id=,S07, PRDE,actvstrat=,-1.000000, actvprof=,0.000000, id=,S08, PRDE,actvstrat=,-1.000000, actvprof=,0.000000, id=,S09, PRDE,actvstrat=,0.911028, actvprof=,0.000000, best_B_id=,B08, best_B_prof=,4.812478, best_B_strat=,-1.000000, best_S_id=,S02, best_S_prof=,4.120865, best_S_strat=,-1.000000, 
t=,3888000, id=,B00, PRDE,actvstrat=,1.000000, actvprof=,0.000000, id=,B03, PRDE,actvstrat=,-1.000000, actvprof=,0.000000, id=,B05, PRDE,actvstrat=,-1.000000, actvprof=,0.427362, id=,B06, PRDE,actvstrat=,-1.000000, actvprof=,1.872530, id=,B08, PRDE,actvstrat=,-1.000000, actvprof=,4.833118, id=,S01, PRDE,actvstrat=,-0.052524, actvprof=,1.297836, id=,S02, PRDE,actvstrat=,-1.000000, actvprof=,4.050737, id=,S07, PRDE,actvstrat=,-1.000000, actvprof=,0.000000, id=,S08, PRDE,actvstrat=,-1.000000, actvprof=,0.000000, id=,S09, PRDE,actvstrat=,0.911028, actvprof=,0.000000, best_B_id=,B08, best_B_prof=,4.833118, best_B_strat=,-1.000000, best_S_id=,S02, best_S_prof=,4.050737, best_S_strat=,-1.000000, 
t=,3891600, id=,B00, PRDE,actvstrat=,1.000000, actvprof=,0.000000, id=,B03, PRDE,actvstrat=,-1.000000, actvprof=,0.004197, id=,B05, PRDE,actvstrat=,-1.000000, actvprof=,0.920206, id=,B06, PRDE,actvstrat=,-1.000000, actvprof=,2.401936, id=,B08, PRDE,actvstrat=,-1.000000, actvprof=,5.533266, id=,S01, PRDE,actvstrat=,0.766106, actvprof=,4.289911, id=,S02, PRDE,actvstrat=,-1.000000, actvprof=,3.463432, id=,S07, PRDE,actvstrat=,1.000000, actvprof=,0.000000, id=,S08, PRDE,actvstrat=,1.000000, actvprof=,0.000000, id=,S09, PRDE,actvstrat=,0.911028, actvprof=,0.000000, best_B_id=,B08, best_B_prof=,5.533266, best_B_strat=,-1.000000, best_S_id=,S01, best_S_prof=,4.289911, best_S_strat=,0.766106, 
t=,3895200, id=,B00, PRDE,actvstrat=,1.000000, actvprof=,0.000000, id=,B03, PRDE,actvstrat=,-1.000000, actvprof=,0.002648, id=,B05, PRDE,actvstrat=,-1.000000, actvprof=,0.861559, id=,B06, PRDE,actvstrat=,-1.000000, actvprof=,2.391207, id=,B08, PRDE,actvstrat=,-1.000000, actvprof=,5.456079, id=,S01, PRDE,actvstrat=,0.766106, actvprof=,4.177887, id=,S02, PRDE,actvstrat=,-1.000000, actvprof=,3.534053, id=,S07, PRDE,actvstrat=,1.000000, actvprof=,0.000000, id=,S08, PRDE,actvstrat=,1.000000, actvprof=,0.000000, id=,S09, PRDE,actvstrat=,0.911028, actvprof=,0.000000, best_B_id=,B08, best_B_prof=,5.456079, best_B_strat=,-1.000000, best_S_id=,S01, best_S_prof=,4.177887, best_S_strat=,0.766106, 
t=,3898800, id=,B00, PRDE,actvstrat=,1.000000, actvprof=,0.000000, id=,B03, PRDE,actvstrat=,0.376128, actvprof=,0.004197, id=,B05, PRDE,actvstrat=,-1.000000, actvprof=,1.208959, id=,B06, PRDE,actvstrat=,-1.000000, actvprof=,2.664410, id=,B08, PRDE,actvstrat=,-1.000000, actvprof=,5.714645, id=,S01, PRDE,actvstrat=,1.000000, actvprof=,5.040919, id=,S02, PRDE,actvstrat=,-1.000000, actvprof=,3.041003, id=,S07, PRDE,actvstrat=,1.000000, actvprof=,0.000000, id=,S08, PRDE,actvstrat=,1.000000, actvprof=,0.000000, id=,S09, PRDE,actvstrat=,0.852387, actvprof=,0.000000, best_B_id=,B08, best_B_prof=,5.714645, best_B_strat=,-1.000000, best_S_id=,S01, best_S_prof=,5.040919, best_S_strat=,1.000000, 
t=,3902400, id=,B00, PRDE,actvstrat=,1.000000, actvprof=,0.000000, id=,B03, PRDE,actvstrat=,0.376128, actvprof=,0.004321, id=,B05, PRDE,actvstrat=,-1.000000, actvprof=,1.208784, id=,B06, PRDE,actvstrat=,-1.000000, actvprof=,2.668888, id=,B08, PRDE,actvstrat=,-1.000000, actvprof=,5.707854, id=,S01, PRDE,actvstrat=,1.000000, actvprof=,5.058997, id=,S02, PRDE,actvstrat=,-1.000000, actvprof=,3.084547, id=,S07, PRDE,actvstrat=,1.000000, actvprof=,0.000000, id=,S08, PRDE,actvstrat=,1.000000, actvprof=,0.000000, id=,S09, PRDE,actvstrat=,0.852387, actvprof=,0.000000, best_B_id=,B08, best_B_prof=,5.707854, best_B_strat=,-1.000000, best_S_id=,S01, best_S_prof=,5.058997, best_S_strat=,1.000000, 
t=,3906000, id=,B00, PRDE,actvstrat=,1.000000, actvprof=,0.000000, id=,B03, PRDE,actvstrat=,0.376128, actvprof=,0.006995, id=,B05, PRDE,actvstrat=,-1.000000, actvprof=,0.461928, id=,B06, PRDE,actvstrat=,-1.000000, actvprof=,1.843795, id=,B08, PRDE,actvstrat=,-1.000000, actvprof=,4.971811, id=,S01, PRDE,actvstrat=,1.000000, actvprof=,5.987438, id=,S02, PRDE,actvstrat=,0.315970, actvprof=,1.531553, id=,S07, PRDE,actvstrat=,-0.014312, actvprof=,0.000000, id=,S08, PRDE,actvstrat=,1.000000, actvprof=,0.000000, id=,S09, PRDE,actvstrat=,0.989890, actvprof=,0.000000, best_B_id=,B08, best_B_prof=,4.971811, best_B_strat=,-1.000000, best_S_id=,S01, best_S_prof=,5.987438, best_S_strat=,1.000000, 
t=,3909600, id=,B00, PRDE,actvstrat=,1.000000, actvprof=,0.000000, id=,B03, PRDE,actvstrat=,0.376128, actvprof=,0.004042, id=,B05, PRDE,actvstrat=,-1.000000, actvprof=,0.460964, id=,B06, PRDE,actvstrat=,-1.000000, actvprof=,1.845528, id=,B08, PRDE,actvstrat=,-1.000000, actvprof=,4.872528, id=,S01, PRDE,actvstrat=,1.000000, actvprof=,5.988208, id=,S02, PRDE,actvstrat=,0.315970, actvprof=,1.572044, id=,S07, PRDE,actvstrat=,-0.014312, actvprof=,0.000000, id=,S08, PRDE,actvstrat=,1.000000, actvprof=,0.000000, id=,S09, PRDE,actvstrat=,0.989890, actvprof=,0.000000, best_B_id=,B08, best_B_prof=,4.872528, best_B_strat=,-1.000000, best_S_id=,S01, best_S_prof=,5.988208, best_S_strat=,1.000000, 
t=,3913200, id=,B00, PRDE,actvstrat=,-1.000000, actvprof=,0.000000, id=,B03, PRDE,actvstrat=,-1.000000, actvprof=,0.018746, id=,B05, PRDE,actvstrat=,1.000000, actvprof=,0.771114, id=,B06, PRDE,actvstrat=,-1.000000, actvprof=,2.372938, id=,B08, PRDE,actvstrat=,1.000000, actvprof=,5.701095, id=,S01, PRDE,actvstrat=,1.000000, actvprof=,5.265455, id=,S02, PRDE,actvstrat=,1.000000, actvprof=,3.487640, id=,S07, PRDE,actvstrat=,-1.000000, actvprof=,0.000000, id=,S08, PRDE,actvstrat=,1.000000, actvprof=,0.000000, id=,S09, PRDE,actvstrat=,0.704774, actvprof=,0.000000, best_B_id=,B08, best_B_prof=,5.701095, best_B_strat=,1.000000, best_S_id=,S01, best_S_prof=,5.265455, best_S_strat=,1.000000, 
t=,3916800, id=,B00, PRDE,actvstrat=,-1.000000, actvprof=,0.000000, id=,B03, PRDE,actvstrat=,-1.000000, actvprof=,0.025648, id=,B05, PRDE,actvstrat=,1.000000, actvprof=,0.771107, id=,B06, PRDE,actvstrat=,-1.000000, actvprof=,2.363920, id=,B08, PRDE,actvstrat=,1.000000, actvprof=,5.699530, id=,S01, PRDE,actvstrat=,1.000000, actvprof=,5.163575, id=,S02, PRDE,actvstrat=,1.000000, actvprof=,3.530478, id=,S07, PRDE,actvstrat=,-1.000000, actvprof=,0.000000, id=,S08, PRDE,actvstrat=,1.000000, actvprof=,0.000000, id=,S09, PRDE,actvstrat=,0.704774, actvprof=,0.000000, best_B_id=,B08, best_B_prof=,5.699530, best_B_strat=,1.000000, best_S_id=,S01, best_S_prof=,5.163575, best_S_strat=,1.000000, 
t=,3920400, id=,B00, PRDE,actvstrat=,-1.000000, actvprof=,0.000000, id=,B03, PRDE,actvstrat=,-1.000000, actvprof=,0.018187, id=,B05, PRDE,actvstrat=,-1.000000, actvprof=,0.988248, id=,B06, PRDE,actvstrat=,-1.000000, actvprof=,2.417459, id=,B08, PRDE,actvstrat=,1.000000, actvprof=,5.773363, id=,S01, PRDE,actvstrat=,1.000000, actvprof=,5.345271, id=,S02, PRDE,actvstrat=,1.000000, actvprof=,3.638500, id=,S07, PRDE,actvstrat=,1.000000, actvprof=,0.000560, id=,S08, PRDE,actvstrat=,-1.000000, actvprof=,0.000000, id=,S09, PRDE,actvstrat=,0.704774, actvprof=,0.000000, best_B_id=,B08, best_B_prof=,5.773363, best_B_strat=,1.000000, best_S_id=,S01, best_S_prof=,5.345271, best_S_strat=,1.000000, 
t=,3924000, id=,B00, PRDE,actvstrat=,-1.000000, actvprof=,0.000000, id=,B03, PRDE,actvstrat=,-1.000000, actvprof=,0.017285, id=,B05, PRDE,actvstrat=,-1.000000, actvprof=,1.018121, id=,B06, PRDE,actvstrat=,-1.000000, actvprof=,2.459994, id=,B08, PRDE,actvstrat=,1.000000, actvprof=,5.799972, id=,S01, PRDE,actvstrat=,1.000000, actvprof=,5.258294, id=,S02, PRDE,actvstrat=,1.000000, actvprof=,3.614302, id=,S07, PRDE,actvstrat=,1.000000, actvprof=,0.001533, id=,S08, PRDE,actvstrat=,-1.000000, actvprof=,0.000000, id=,S09, PRDE,actvstrat=,0.704774, actvprof=,0.000000, best_B_id=,B08, best_B_prof=,5.799972, best_B_strat=,1.000000, best_S_id=,S01, best_S_prof=,5.258294, best_S_strat=,1.000000, 
t=,3927600, id=,B00, PRDE,actvstrat=,-1.000000, actvprof=,0.000000, id=,B03, PRDE,actvstrat=,0.376128, actvprof=,0.005316, id=,B05, PRDE,actvstrat=,1.000000, actvprof=,1.044517, id=,B06, PRDE,actvstrat=,-1.000000, actvprof=,2.729791, id=,B08, PRDE,actvstrat=,1.000000, actvprof=,6.053331, id=,S01, PRDE,actvstrat=,1.000000, actvprof=,4.932427, id=,S02, PRDE,actvstrat=,-1.000000, actvprof=,3.284087, id=,S07, PRDE,actvstrat=,1.000000, actvprof=,0.001679, id=,S08, PRDE,actvstrat=,-1.000000, actvprof=,0.000000, id=,S09, PRDE,actvstrat=,0.842277, actvprof=,0.000000, best_B_id=,B08, best_B_prof=,6.053331, best_B_strat=,1.000000, best_S_id=,S01, best_S_prof=,4.932427, best_S_strat=,1.000000, 
t=,3931200, id=,B00, PRDE,actvstrat=,-1.000000, actvprof=,0.000000, id=,B03, PRDE,actvstrat=,0.376128, actvprof=,0.005576, id=,B05, PRDE,actvstrat=,1.000000, actvprof=,1.057166, id=,B06, PRDE,actvstrat=,-1.000000, actvprof=,2.668702, id=,B08, PRDE,actvstrat=,1.000000, actvprof=,6.061417, id=,S01, PRDE,actvstrat=,1.000000, actvprof=,5.041749, id=,S02, PRDE,actvstrat=,-1.000000, actvprof=,3.300436, id=,S07, PRDE,actvstrat=,1.000000, actvprof=,0.001255, id=,S08, PRDE,actvstrat=,-1.000000, actvprof=,0.000000, id=,S09, PRDE,actvstrat=,0.842277, actvprof=,0.000000, best_B_id=,B08, best_B_prof=,6.061417, best_B_strat=,1.000000, best_S_id=,S01, best_S_prof=,5.041749, best_S_strat=,1.000000, 
t=,3934800, id=,B00, PRDE,actvstrat=,-1.000000, actvprof=,0.000000, id=,B03, PRDE,actvstrat=,0.376128, actvprof=,0.006436, id=,B05, PRDE,actvstrat=,1.000000, actvprof=,0.935126, id=,B06, PRDE,actvstrat=,-1.000000, actvprof=,2.462331, id=,B08, PRDE,actvstrat=,-1.000000, actvprof=,5.452663, id=,S01, PRDE,actvstrat=,0.883053, actvprof=,4.762091, id=,S02, PRDE,actvstrat=,-1.000000, actvprof=,3.407810, id=,S07, PRDE,actvstrat=,1.000000, actvprof=,0.000000, id=,S08, PRDE,actvstrat=,-1.000000, actvprof=,0.000000, id=,S09, PRDE,actvstrat=,0.989890, actvprof=,0.000000, best_B_id=,B08, best_B_prof=,5.452663, best_B_strat=,-1.000000, best_S_id=,S01, best_S_prof=,4.762091, best_S_strat=,0.883053, 
t=,3938400, id=,B00, PRDE,actvstrat=,-1.000000, actvprof=,0.000000, id=,B03, PRDE,actvstrat=,0.376128, actvprof=,0.007527, id=,B05, PRDE,actvstrat=,1.000000, actvprof=,0.891844, id=,B06, PRDE,actvstrat=,-1.000000, actvprof=,2.423647, id=,B08, PRDE,actvstrat=,-1.000000, actvprof=,5.348137, id=,S01, PRDE,actvstrat=,0.883053, actvprof=,4.807009, id=,S02, PRDE,actvstrat=,-1.000000, actvprof=,3.456837, id=,S07, PRDE,actvstrat=,1.000000, actvprof=,0.000000, id=,S08, PRDE,actvstrat=,-1.000000, actvprof=,0.000000, id=,S09, PRDE,actvstrat=,0.989890, actvprof=,0.000000, best_B_id=,B08, best_B_prof=,5.348137, best_B_strat=,-1.000000, best_S_id=,S01, best_S_prof=,4.807009, best_S_strat=,0.883053, 
t=,3942000, id=,B00, PRDE,actvstrat=,-1.000000, actvprof=,0.000000, id=,B03, PRDE,actvstrat=,-1.000000, actvprof=,0.016229, id=,B05, PRDE,actvstrat=,-1.000000, actvprof=,1.036977, id=,B06, PRDE,actvstrat=,-1.000000, actvprof=,2.542916, id=,B08, PRDE,actvstrat=,-1.000000, actvprof=,5.704772, id=,S01, PRDE,actvstrat=,1.000000, actvprof=,5.278901, id=,S02, PRDE,actvstrat=,-1.000000, actvprof=,3.277978, id=,S07, PRDE,actvstrat=,-1.000000, actvprof=,0.000000, id=,S08, PRDE,actvstrat=,1.000000, actvprof=,0.000000, id=,S09, PRDE,actvstrat=,1.000000, actvprof=,0.000000, best_B_id=,B08, best_B_prof=,5.704772, best_B_strat=,-1.000000, best_S_id=,S01, best_S_prof=,5.278901, best_S_strat=,1.000000, 
t=,3945600, id=,B00, PRDE,actvstrat=,-1.000000, actvprof=,0.000000, id=,B03, PRDE,actvstrat=,-1.000000, actvprof=,0.008085, id=,B05, PRDE,actvstrat=,-1.000000, actvprof=,1.063593, id=,B06, PRDE,actvstrat=,-1.000000, actvprof=,2.576459, id=,B08, PRDE,actvstrat=,-1.000000, actvprof=,5.696284, id=,S01, PRDE,actvstrat=,1.000000, actvprof=,5.300956, id=,S02, PRDE,actvstrat=,-1.000000, actvprof=,3.227160, id=,S07, PRDE,actvstrat=,-1.000000, actvprof=,0.000000, id=,S08, PRDE,actvstrat=,1.000000, actvprof=,0.000000, id=,S09, PRDE,actvstrat=,1.000000, actvprof=,0.000000, best_B_id=,B08, best_B_prof=,5.696284, best_B_strat=,-1.000000, best_S_id=,S01, best_S_prof=,5.300956, best_S_strat=,1.000000, 
t=,3949200, id=,B00, PRDE,actvstrat=,1.000000, actvprof=,0.000000, id=,B03, PRDE,actvstrat=,-1.000000, actvprof=,0.000000, id=,B05, PRDE,actvstrat=,1.000000, actvprof=,0.818748, id=,B06, PRDE,actvstrat=,-1.000000, actvprof=,2.344316, id=,B08, PRDE,actvstrat=,-1.000000, actvprof=,5.440784, id=,S01, PRDE,actvstrat=,0.766106, actvprof=,4.158097, id=,S02, PRDE,actvstrat=,-1.000000, actvprof=,3.548094, id=,S07, PRDE,actvstrat=,1.000000, actvprof=,0.000000, id=,S08, PRDE,actvstrat=,1.000000, actvprof=,0.000000, id=,S09, PRDE,actvstrat=,0.842277, actvprof=,0.000000, best_B_id=,B08, best_B_prof=,5.440784, best_B_strat=,-1.000000, best_S_id=,S01, best_S_prof=,4.158097, best_S_strat=,0.766106, 
t=,3952800, id=,B00, PRDE,actvstrat=,1.000000, actvprof=,0.000000, id=,B03, PRDE,actvstrat=,-1.000000, actvprof=,0.000418, id=,B05, PRDE,actvstrat=,1.000000, actvprof=,0.804182, id=,B06, PRDE,actvstrat=,-1.000000, actvprof=,2.359575, id=,B08, PRDE,actvstrat=,-1.000000, actvprof=,5.415996, id=,S01, PRDE,actvstrat=,0.766106, actvprof=,4.080990, id=,S02, PRDE,actvstrat=,-1.000000, actvprof=,3.565639, id=,S07, PRDE,actvstrat=,1.000000, actvprof=,0.000000, id=,S08, PRDE,actvstrat=,1.000000, actvprof=,0.000000, id=,S09, PRDE,actvstrat=,0.842277, actvprof=,0.000000, best_B_id=,B08, best_B_prof=,5.415996, best_B_strat=,-1.000000, best_S_id=,S01, best_S_prof=,4.080990, best_S_strat=,0.766106, 
t=,3956400, id=,B00, PRDE,actvstrat=,1.000000, actvprof=,0.000000, id=,B03, PRDE,actvstrat=,-1.000000, actvprof=,0.000000, id=,B05, PRDE,actvstrat=,1.000000, actvprof=,0.945785, id=,B06, PRDE,actvstrat=,-0.012548, actvprof=,1.376705, id=,B08, PRDE,actvstrat=,1.000000, actvprof=,5.832529, id=,S01, PRDE,actvstrat=,-0.403365, actvprof=,0.385869, id=,S02, PRDE,actvstrat=,-1.000000, actvprof=,3.424414, id=,S07, PRDE,actvstrat=,-1.000000, actvprof=,0.002239, id=,S08, PRDE,actvstrat=,1.000000, actvprof=,0.000000, id=,S09, PRDE,actvstrat=,1.000000, actvprof=,0.000000, best_B_id=,B08, best_B_prof=,5.832529, best_B_strat=,1.000000, best_S_id=,S02, best_S_prof=,3.424414, best_S_strat=,-1.000000, 
t=,3960000, id=,B00, PRDE,actvstrat=,1.000000, actvprof=,0.000000, id=,B03, PRDE,actvstrat=,-1.000000, actvprof=,0.000000, id=,B05, PRDE,actvstrat=,1.000000, actvprof=,1.035449, id=,B06, PRDE,actvstrat=,-0.012548, actvprof=,1.391472, id=,B08, PRDE,actvstrat=,1.000000, actvprof=,5.924279, id=,S01, PRDE,actvstrat=,-0.403365, actvprof=,0.404115, id=,S02, PRDE,actvstrat=,-1.000000, actvprof=,3.340536, id=,S07, PRDE,actvstrat=,-1.000000, actvprof=,0.001115, id=,S08, PRDE,actvstrat=,1.000000, actvprof=,0.000000, id=,S09, PRDE,actvstrat=,1.000000, actvprof=,0.000000, best_B_id=,B08, best_B_prof=,5.924279, best_B_strat=,1.000000, best_S_id=,S02, best_S_prof=,3.340536, best_S_strat=,-1.000000, 
t=,3963600, id=,B00, PRDE,actvstrat=,1.000000, actvprof=,0.000000, id=,B03, PRDE,actvstrat=,-1.000000, actvprof=,0.009234, id=,B05, PRDE,actvstrat=,-1.000000, actvprof=,0.796385, id=,B06, PRDE,actvstrat=,-1.000000, actvprof=,2.269668, id=,B08, PRDE,actvstrat=,1.000000, actvprof=,5.565178, id=,S01, PRDE,actvstrat=,0.766106, actvprof=,4.305962, id=,S02, PRDE,actvstrat=,1.000000, actvprof=,3.816826, id=,S07, PRDE,actvstrat=,1.000000, actvprof=,0.000000, id=,S08, PRDE,actvstrat=,1.000000, actvprof=,0.000000, id=,S09, PRDE,actvstrat=,1.000000, actvprof=,0.000000, best_B_id=,B08, best_B_prof=,5.565178, best_B_strat=,1.000000, best_S_id=,S01, best_S_prof=,4.305962, best_S_strat=,0.766106, 
t=,3967200, id=,B00, PRDE,actvstrat=,1.000000, actvprof=,0.000000, id=,B03, PRDE,actvstrat=,-1.000000, actvprof=,0.006552, id=,B05, PRDE,actvstrat=,-1.000000, actvprof=,0.845455, id=,B06, PRDE,actvstrat=,-1.000000, actvprof=,2.316533, id=,B08, PRDE,actvstrat=,1.000000, actvprof=,5.618897, id=,S01, PRDE,actvstrat=,0.766106, actvprof=,4.112830, id=,S02, PRDE,actvstrat=,1.000000, actvprof=,3.812843, id=,S07, PRDE,actvstrat=,1.000000, actvprof=,0.001952, id=,S08, PRDE,actvstrat=,1.000000, actvprof=,0.000000, id=,S09, PRDE,actvstrat=,1.000000, actvprof=,0.000000, best_B_id=,B08, best_B_prof=,5.618897, best_B_strat=,1.000000, best_S_id=,S01, best_S_prof=,4.112830, best_S_strat=,0.766106, 
t=,3970800, id=,B00, PRDE,actvstrat=,-1.000000, actvprof=,0.000000, id=,B03, PRDE,actvstrat=,0.856063, actvprof=,0.025465, id=,B05, PRDE,actvstrat=,1.000000, actvprof=,1.064753, id=,B06, PRDE,actvstrat=,0.974905, actvprof=,2.611932, id=,B08, PRDE,actvstrat=,1.000000, actvprof=,6.015223, id=,S01, PRDE,actvstrat=,1.000000, actvprof=,4.790967, id=,S02, PRDE,actvstrat=,-1.000000, actvprof=,3.340609, id=,S07, PRDE,actvstrat=,1.000000, actvprof=,0.003358, id=,S08, PRDE,actvstrat=,1.000000, actvprof=,0.000000, id=,S09, PRDE,actvstrat=,0.636023, actvprof=,0.000000, best_B_id=,B08, best_B_prof=,6.015223, best_B_strat=,1.000000, best_S_id=,S01, best_S_prof=,4.790967, best_S_strat=,1.000000, 
t=,3974400, id=,B00, PRDE,actvstrat=,-1.000000, actvprof=,0.000000, id=,B03, PRDE,actvstrat=,0.856063, actvprof=,0.028577, id=,B05, PRDE,actvstrat=,1.000000, actvprof=,1.062236, id=,B06, PRDE,actvstrat=,0.974905, actvprof=,2.626175, id=,B08, PRDE,actvstrat=,1.000000, actvprof=,5.996334, id=,S01, PRDE,actvstrat=,1.000000, actvprof=,4.784382, id=,S02, PRDE,actvstrat=,-1.000000, actvprof=,3.248601, id=,S07, PRDE,actvstrat=,1.000000, actvprof=,0.002927, id=,S08, PRDE,actvstrat=,1.000000, actvprof=,0.000000, id=,S09, PRDE,actvstrat=,0.636023, actvprof=,0.000000, best_B_id=,B08, best_B_prof=,5.996334, best_B_strat=,1.000000, best_S_id=,S01, best_S_prof=,4.784382, best_S_strat=,1.000000, 
t=,3978000, id=,B00, PRDE,actvstrat=,-1.000000, actvprof=,0.000000, id=,B03, PRDE,actvstrat=,0.856063, actvprof=,0.013992, id=,B05, PRDE,actvstrat=,-1.000000, actvprof=,1.126067, id=,B06, PRDE,actvstrat=,-1.000000, actvprof=,2.667133, id=,B08, PRDE,actvstrat=,-1.000000, actvprof=,5.670071, id=,S01, PRDE,actvstrat=,1.000000, actvprof=,5.244158, id=,S02, PRDE,actvstrat=,-1.000000, actvprof=,3.226808, id=,S07, PRDE,actvstrat=,1.000000, actvprof=,0.000000, id=,S08, PRDE,actvstrat=,1.000000, actvprof=,0.000000, id=,S09, PRDE,actvstrat=,1.000000, actvprof=,0.000000, best_B_id=,B08, best_B_prof=,5.670071, best_B_strat=,-1.000000, best_S_id=,S01, best_S_prof=,5.244158, best_S_strat=,1.000000, 
t=,3981600, id=,B00, PRDE,actvstrat=,-1.000000, actvprof=,0.000000, id=,B03, PRDE,actvstrat=,0.856063, actvprof=,0.009340, id=,B05, PRDE,actvstrat=,-1.000000, actvprof=,1.152715, id=,B06, PRDE,actvstrat=,-1.000000, actvprof=,2.667735, id=,B08, PRDE,actvstrat=,-1.000000, actvprof=,5.683000, id=,S01, PRDE,actvstrat=,1.000000, actvprof=,5.191469, id=,S02, PRDE,actvstrat=,-1.000000, actvprof=,3.187705, id=,S07, PRDE,actvstrat=,1.000000, actvprof=,0.000000, id=,S08, PRDE,actvstrat=,1.000000, actvprof=,0.000000, id=,S09, PRDE,actvstrat=,1.000000, actvprof=,0.000000, best_B_id=,B08, best_B_prof=,5.683000, best_B_strat=,-1.000000, best_S_id=,S01, best_S_prof=,5.191469, best_S_strat=,1.000000, 
t=,3985200, id=,B00, PRDE,actvstrat=,-1.000000, actvprof=,0.000000, id=,B03, PRDE,actvstrat=,-1.000000, actvprof=,0.013712, id=,B05, PRDE,actvstrat=,1.000000, actvprof=,1.397529, id=,B06, PRDE,actvstrat=,-0.012548, actvprof=,1.627279, id=,B08, PRDE,actvstrat=,-1.000000, actvprof=,6.008759, id=,S01, PRDE,actvstrat=,1.000000, actvprof=,4.792008, id=,S02, PRDE,actvstrat=,-1.000000, actvprof=,3.009137, id=,S07, PRDE,actvstrat=,-1.000000, actvprof=,0.000000, id=,S08, PRDE,actvstrat=,-1.000000, actvprof=,0.000000, id=,S09, PRDE,actvstrat=,1.000000, actvprof=,0.000000, best_B_id=,B08, best_B_prof=,6.008759, best_B_strat=,-1.000000, best_S_id=,S01, best_S_prof=,4.792008, best_S_strat=,1.000000, 
t=,3988800, id=,B00, PRDE,actvstrat=,-1.000000, actvprof=,0.000000, id=,B03, PRDE,actvstrat=,-1.000000, actvprof=,0.018540, id=,B05, PRDE,actvstrat=,1.000000, actvprof=,1.459539, id=,B06, PRDE,actvstrat=,-0.012548, actvprof=,1.742943, id=,B08, PRDE,actvstrat=,-1.000000, actvprof=,5.981181, id=,S01, PRDE,actvstrat=,1.000000, actvprof=,4.724611, id=,S02, PRDE,actvstrat=,-1.000000, actvprof=,2.888688, id=,S07, PRDE,actvstrat=,-1.000000, actvprof=,0.000000, id=,S08, PRDE,actvstrat=,-1.000000, actvprof=,0.000000, id=,S09, PRDE,actvstrat=,1.000000, actvprof=,0.000000, best_B_id=,B08, best_B_prof=,5.981181, best_B_strat=,-1.000000, best_S_id=,S01, best_S_prof=,4.724611, best_S_strat=,1.000000, 
t=,3992400, id=,B00, PRDE,actvstrat=,1.000000, actvprof=,0.000000, id=,B03, PRDE,actvstrat=,-1.000000, actvprof=,0.007276, id=,B05, PRDE,actvstrat=,1.000000, actvprof=,1.197739, id=,B06, PRDE,actvstrat=,-0.506274, actvprof=,0.938322, id=,B08, PRDE,actvstrat=,-1.000000, actvprof=,5.599149, id=,S01, PRDE,actvstrat=,1.000000, actvprof=,4.888901, id=,S02, PRDE,actvstrat=,0.843923, actvprof=,2.460122, id=,S07, PRDE,actvstrat=,-1.000000, actvprof=,0.000000, id=,S08, PRDE,actvstrat=,-1.000000, actvprof=,0.000000, id=,S09, PRDE,actvstrat=,0.636023, actvprof=,0.000000, best_B_id=,B08, best_B_prof=,5.599149, best_B_strat=,-1.000000, best_S_id=,S01, best_S_prof=,4.888901, best_S_strat=,1.000000, 
t=,3996000, id=,B00, PRDE,actvstrat=,1.000000, actvprof=,0.000000, id=,B03, PRDE,actvstrat=,-1.000000, actvprof=,0.007946, id=,B05, PRDE,actvstrat=,1.000000, actvprof=,1.221596, id=,B06, PRDE,actvstrat=,-0.506274, actvprof=,0.935261, id=,B08, PRDE,actvstrat=,-1.000000, actvprof=,5.686007, id=,S01, PRDE,actvstrat=,1.000000, actvprof=,4.865196, id=,S02, PRDE,actvstrat=,0.843923, actvprof=,2.473304, id=,S07, PRDE,actvstrat=,-1.000000, actvprof=,0.000000, id=,S08, PRDE,actvstrat=,-1.000000, actvprof=,0.000000, id=,S09, PRDE,actvstrat=,0.636023, actvprof=,0.000000, best_B_id=,B08, best_B_prof=,5.686007, best_B_strat=,-1.000000, best_S_id=,S01, best_S_prof=,4.865196, best_S_strat=,1.000000, 
t=,3999600, id=,B00, PRDE,actvstrat=,-1.000000, actvprof=,0.000000, id=,B03, PRDE,actvstrat=,0.856063, actvprof=,0.000000, id=,B05, PRDE,actvstrat=,1.000000, actvprof=,0.515763, id=,B06, PRDE,actvstrat=,0.974905, actvprof=,2.041502, id=,B08, PRDE,actvstrat=,1.000000, actvprof=,5.347923, id=,S01, PRDE,actvstrat=,-0.403365, actvprof=,0.525837, id=,S02, PRDE,actvstrat=,-1.000000, actvprof=,4.027873, id=,S07, PRDE,actvstrat=,-1.000000, actvprof=,0.002239, id=,S08, PRDE,actvstrat=,1.000000, actvprof=,0.000000, id=,S09, PRDE,actvstrat=,1.000000, actvprof=,0.000000, best_B_id=,B08, best_B_prof=,5.347923, best_B_strat=,1.000000, best_S_id=,S02, best_S_prof=,4.027873, best_S_strat=,-1.000000, 
t=,4003200, id=,B00, PRDE,actvstrat=,-1.000000, actvprof=,0.000000, id=,B03, PRDE,actvstrat=,0.856063, actvprof=,0.000000, id=,B05, PRDE,actvstrat=,1.000000, actvprof=,0.495163, id=,B06, PRDE,actvstrat=,0.974905, actvprof=,1.985112, id=,B08, PRDE,actvstrat=,1.000000, actvprof=,5.309337, id=,S01, PRDE,actvstrat=,-0.403365, actvprof=,0.532105, id=,S02, PRDE,actvstrat=,-1.000000, actvprof=,4.102239, id=,S07, PRDE,actvstrat=,-1.000000, actvprof=,0.001115, id=,S08, PRDE,actvstrat=,1.000000, actvprof=,0.000000, id=,S09, PRDE,actvstrat=,1.000000, actvprof=,0.000000, best_B_id=,B08, best_B_prof=,5.309337, best_B_strat=,1.000000, best_S_id=,S02, best_S_prof=,4.102239, best_S_strat=,-1.000000, 
t=,4006800, id=,B00, PRDE,actvstrat=,-1.000000, actvprof=,0.000000, id=,B03, PRDE,actvstrat=,-1.000000, actvprof=,0.012314, id=,B05, PRDE,actvstrat=,1.000000, actvprof=,1.208687, id=,B06, PRDE,actvstrat=,0.974905, actvprof=,2.754037, id=,B08, PRDE,actvstrat=,1.000000, actvprof=,6.024123, id=,S01, PRDE,actvstrat=,1.000000, actvprof=,4.692581, id=,S02, PRDE,actvstrat=,-1.000000, actvprof=,3.178854, id=,S07, PRDE,actvstrat=,-1.000000, actvprof=,0.000000, id=,S08, PRDE,actvstrat=,1.000000, actvprof=,0.000000, id=,S09, PRDE,actvstrat=,1.000000, actvprof=,0.000000, best_B_id=,B08, best_B_prof=,6.024123, best_B_strat=,1.000000, best_S_id=,S01, best_S_prof=,4.692581, best_S_strat=,1.000000, 
t=,4010400, id=,B00, PRDE,actvstrat=,-1.000000, actvprof=,0.000000, id=,B03, PRDE,actvstrat=,-1.000000, actvprof=,0.011849, id=,B05, PRDE,actvstrat=,1.000000, actvprof=,1.167942, id=,B06, PRDE,actvstrat=,0.974905, actvprof=,2.700152, id=,B08, PRDE,actvstrat=,1.000000, actvprof=,5.991664, id=,S01, PRDE,actvstrat=,1.000000, actvprof=,4.761686, id=,S02, PRDE,actvstrat=,-1.000000, actvprof=,3.242301, id=,S07, PRDE,actvstrat=,-1.000000, actvprof=,0.000000, id=,S08, PRDE,actvstrat=,1.000000, actvprof=,0.000000, id=,S09, PRDE,actvstrat=,1.000000, actvprof=,0.000000, best_B_id=,B08, best_B_prof=,5.991664, best_B_strat=,1.000000, best_S_id=,S01, best_S_prof=,4.761686, best_S_strat=,1.000000, 
t=,4014000, id=,B00, PRDE,actvstrat=,-1.000000, actvprof=,0.000000, id=,B03, PRDE,actvstrat=,1.000000, actvprof=,0.000000, id=,B05, PRDE,actvstrat=,1.000000, actvprof=,0.326034, id=,B06, PRDE,actvstrat=,1.000000, actvprof=,1.765060, id=,B08, PRDE,actvstrat=,-1.000000, actvprof=,4.596656, id=,S01, PRDE,actvstrat=,-0.403365, actvprof=,0.677255, id=,S02, PRDE,actvstrat=,-1.000000, actvprof=,4.016512, id=,S07, PRDE,actvstrat=,-1.000000, actvprof=,0.000000, id=,S08, PRDE,actvstrat=,-1.000000, actvprof=,0.000000, id=,S09, PRDE,actvstrat=,0.862498, actvprof=,0.000000, best_B_id=,B08, best_B_prof=,4.596656, best_B_strat=,-1.000000, best_S_id=,S02, best_S_prof=,4.016512, best_S_strat=,-1.000000, 
t=,4017600, id=,B00, PRDE,actvstrat=,-1.000000, actvprof=,0.000000, id=,B03, PRDE,actvstrat=,1.000000, actvprof=,0.000000, id=,B05, PRDE,actvstrat=,1.000000, actvprof=,0.320357, id=,B06, PRDE,actvstrat=,1.000000, actvprof=,1.785383, id=,B08, PRDE,actvstrat=,-1.000000, actvprof=,4.630398, id=,S01, PRDE,actvstrat=,-0.403365, actvprof=,0.665946, id=,S02, PRDE,actvstrat=,-1.000000, actvprof=,4.158924, id=,S07, PRDE,actvstrat=,-1.000000, actvprof=,0.000000, id=,S08, PRDE,actvstrat=,-1.000000, actvprof=,0.000000, id=,S09, PRDE,actvstrat=,0.862498, actvprof=,0.000000, best_B_id=,B08, best_B_prof=,4.630398, best_B_strat=,-1.000000, best_S_id=,S02, best_S_prof=,4.158924, best_S_strat=,-1.000000, 
t=,4021200, id=,B00, PRDE,actvstrat=,-1.000000, actvprof=,0.000000, id=,B03, PRDE,actvstrat=,-1.000000, actvprof=,0.039740, id=,B05, PRDE,actvstrat=,1.000000, actvprof=,0.767100, id=,B06, PRDE,actvstrat=,1.000000, actvprof=,2.229374, id=,B08, PRDE,actvstrat=,1.000000, actvprof=,5.476883, id=,S01, PRDE,actvstrat=,1.000000, actvprof=,4.857831, id=,S02, PRDE,actvstrat=,0.979783, actvprof=,3.255345, id=,S07, PRDE,actvstrat=,-1.000000, actvprof=,0.004198, id=,S08, PRDE,actvstrat=,-1.000000, actvprof=,0.000000, id=,S09, PRDE,actvstrat=,1.000000, actvprof=,0.000000, best_B_id=,B08, best_B_prof=,5.476883, best_B_strat=,1.000000, best_S_id=,S01, best_S_prof=,4.857831, best_S_strat=,1.000000, 
t=,4024800, id=,B00, PRDE,actvstrat=,-1.000000, actvprof=,0.000000, id=,B03, PRDE,actvstrat=,-1.000000, actvprof=,0.037780, id=,B05, PRDE,actvstrat=,1.000000, actvprof=,0.732588, id=,B06, PRDE,actvstrat=,1.000000, actvprof=,2.187587, id=,B08, PRDE,actvstrat=,1.000000, actvprof=,5.425054, id=,S01, PRDE,actvstrat=,1.000000, actvprof=,4.852646, id=,S02, PRDE,actvstrat=,0.979783, actvprof=,3.223108, id=,S07, PRDE,actvstrat=,-1.000000, actvprof=,0.003206, id=,S08, PRDE,actvstrat=,-1.000000, actvprof=,0.000000, id=,S09, PRDE,actvstrat=,1.000000, actvprof=,0.000000, best_B_id=,B08, best_B_prof=,5.425054, best_B_strat=,1.000000, best_S_id=,S01, best_S_prof=,4.852646, best_S_strat=,1.000000, 
t=,4028400, id=,B00, PRDE,actvstrat=,-1.000000, actvprof=,0.000000, id=,B03, PRDE,actvstrat=,1.000000, actvprof=,0.000560, id=,B05, PRDE,actvstrat=,0.897799, actvprof=,0.692396, id=,B06, PRDE,actvstrat=,1.000000, actvprof=,2.302482, id=,B08, PRDE,actvstrat=,-1.000000, actvprof=,5.199407, id=,S01, PRDE,actvstrat=,0.298318, actvprof=,2.194453, id=,S02, PRDE,actvstrat=,-1.000000, actvprof=,3.732613, id=,S07, PRDE,actvstrat=,1.000000, actvprof=,0.000000, id=,S08, PRDE,actvstrat=,-1.000000, actvprof=,0.000000, id=,S09, PRDE,actvstrat=,0.852387, actvprof=,0.000000, best_B_id=,B08, best_B_prof=,5.199407, best_B_strat=,-1.000000, best_S_id=,S02, best_S_prof=,3.732613, best_S_strat=,-1.000000, 
t=,4032000, id=,B00, PRDE,actvstrat=,-1.000000, actvprof=,0.000000, id=,B03, PRDE,actvstrat=,1.000000, actvprof=,0.001115, id=,B05, PRDE,actvstrat=,0.897799, actvprof=,0.711826, id=,B06, PRDE,actvstrat=,1.000000, actvprof=,2.297194, id=,B08, PRDE,actvstrat=,-1.000000, actvprof=,5.145753, id=,S01, PRDE,actvstrat=,0.298318, actvprof=,2.219264, id=,S02, PRDE,actvstrat=,-1.000000, actvprof=,3.770476, id=,S07, PRDE,actvstrat=,1.000000, actvprof=,0.000000, id=,S08, PRDE,actvstrat=,-1.000000, actvprof=,0.000000, id=,S09, PRDE,actvstrat=,0.852387, actvprof=,0.000000, best_B_id=,B08, best_B_prof=,5.145753, best_B_strat=,-1.000000, best_S_id=,S02, best_S_prof=,3.770476, best_S_strat=,-1.000000, 
t=,4035600, id=,B00, PRDE,actvstrat=,-1.000000, actvprof=,0.000000, id=,B03, PRDE,actvstrat=,0.856063, actvprof=,0.022390, id=,B05, PRDE,actvstrat=,1.000000, actvprof=,1.751725, id=,B06, PRDE,actvstrat=,-0.012548, actvprof=,1.972824, id=,B08, PRDE,actvstrat=,1.000000, actvprof=,6.575055, id=,S01, PRDE,actvstrat=,1.000000, actvprof=,4.153874, id=,S02, PRDE,actvstrat=,-1.000000, actvprof=,2.435454, id=,S07, PRDE,actvstrat=,-1.000000, actvprof=,0.000000, id=,S08, PRDE,actvstrat=,1.000000, actvprof=,0.000000, id=,S09, PRDE,actvstrat=,0.852387, actvprof=,0.000000, best_B_id=,B08, best_B_prof=,6.575055, best_B_strat=,1.000000, best_S_id=,S01, best_S_prof=,4.153874, best_S_strat=,1.000000, 
t=,4039200, id=,B00, PRDE,actvstrat=,-1.000000, actvprof=,0.000000, id=,B03, PRDE,actvstrat=,0.856063, actvprof=,0.030113, id=,B05, PRDE,actvstrat=,1.000000, actvprof=,1.637925, id=,B06, PRDE,actvstrat=,-0.012548, actvprof=,1.906289, id=,B08, PRDE,actvstrat=,1.000000, actvprof=,6.526188, id=,S01, PRDE,actvstrat=,1.000000, actvprof=,4.225788, id=,S02, PRDE,actvstrat=,-1.000000, actvprof=,2.602501, id=,S07, PRDE,actvstrat=,-1.000000, actvprof=,0.000976, id=,S08, PRDE,actvstrat=,1.000000, actvprof=,0.000000, id=,S09, PRDE,actvstrat=,0.852387, actvprof=,0.000000, best_B_id=,B08, best_B_prof=,6.526188, best_B_strat=,1.000000, best_S_id=,S01, best_S_prof=,4.225788, best_S_strat=,1.000000, 
t=,4042800, id=,B00, PRDE,actvstrat=,-1.000000, actvprof=,0.000000, id=,B03, PRDE,actvstrat=,-1.000000, actvprof=,0.015953, id=,B05, PRDE,actvstrat=,1.000000, actvprof=,1.174380, id=,B06, PRDE,actvstrat=,1.000000, actvprof=,2.676220, id=,B08, PRDE,actvstrat=,1.000000, actvprof=,6.128549, id=,S01, PRDE,actvstrat=,1.000000, actvprof=,4.744819, id=,S02, PRDE,actvstrat=,-1.000000, actvprof=,3.222827, id=,S07, PRDE,actvstrat=,-1.000000, actvprof=,0.002239, id=,S08, PRDE,actvstrat=,-1.000000, actvprof=,0.000000, id=,S09, PRDE,actvstrat=,1.000000, actvprof=,0.000000, best_B_id=,B08, best_B_prof=,6.128549, best_B_strat=,1.000000, best_S_id=,S01, best_S_prof=,4.744819, best_S_strat=,1.000000, 
t=,4046400, id=,B00, PRDE,actvstrat=,-1.000000, actvprof=,0.000000, id=,B03, PRDE,actvstrat=,-1.000000, actvprof=,0.016590, id=,B05, PRDE,actvstrat=,1.000000, actvprof=,1.239518, id=,B06, PRDE,actvstrat=,1.000000, actvprof=,2.781004, id=,B08, PRDE,actvstrat=,1.000000, actvprof=,6.170683, id=,S01, PRDE,actvstrat=,1.000000, actvprof=,4.633380, id=,S02, PRDE,actvstrat=,-1.000000, actvprof=,3.079207, id=,S07, PRDE,actvstrat=,-1.000000, actvprof=,0.001673, id=,S08, PRDE,actvstrat=,-1.000000, actvprof=,0.000000, id=,S09, PRDE,actvstrat=,1.000000, actvprof=,0.000000, best_B_id=,B08, best_B_prof=,6.170683, best_B_strat=,1.000000, best_S_id=,S01, best_S_prof=,4.633380, best_S_strat=,1.000000, 
t=,4050000, id=,B00, PRDE,actvstrat=,-1.000000, actvprof=,0.000000, id=,B03, PRDE,actvstrat=,-1.000000, actvprof=,0.013435, id=,B05, PRDE,actvstrat=,1.000000, actvprof=,1.162377, id=,B06, PRDE,actvstrat=,1.000000, actvprof=,2.751585, id=,B08, PRDE,actvstrat=,1.000000, actvprof=,6.163987, id=,S01, PRDE,actvstrat=,1.000000, actvprof=,4.691213, id=,S02, PRDE,actvstrat=,-1.000000, actvprof=,3.099486, id=,S07, PRDE,actvstrat=,1.000000, actvprof=,0.003079, id=,S08, PRDE,actvstrat=,1.000000, actvprof=,0.000000, id=,S09, PRDE,actvstrat=,0.852387, actvprof=,0.000000, best_B_id=,B08, best_B_prof=,6.163987, best_B_strat=,1.000000, best_S_id=,S01, best_S_prof=,4.691213, best_S_strat=,1.000000, 
t=,4053600, id=,B00, PRDE,actvstrat=,-1.000000, actvprof=,0.000000, id=,B03, PRDE,actvstrat=,-1.000000, actvprof=,0.013384, id=,B05, PRDE,actvstrat=,1.000000, actvprof=,1.130652, id=,B06, PRDE,actvstrat=,1.000000, actvprof=,2.736709, id=,B08, PRDE,actvstrat=,1.000000, actvprof=,6.103571, id=,S01, PRDE,actvstrat=,1.000000, actvprof=,4.713050, id=,S02, PRDE,actvstrat=,-1.000000, actvprof=,3.186042, id=,S07, PRDE,actvstrat=,1.000000, actvprof=,0.003904, id=,S08, PRDE,actvstrat=,1.000000, actvprof=,0.000000, id=,S09, PRDE,actvstrat=,0.852387, actvprof=,0.000000, best_B_id=,B08, best_B_prof=,6.103571, best_B_strat=,1.000000, best_S_id=,S01, best_S_prof=,4.713050, best_S_strat=,1.000000, 
t=,4057200, id=,B00, PRDE,actvstrat=,-1.000000, actvprof=,0.000000, id=,B03, PRDE,actvstrat=,-1.000000, actvprof=,0.011196, id=,B05, PRDE,actvstrat=,1.000000, actvprof=,1.090756, id=,B06, PRDE,actvstrat=,-1.000000, actvprof=,2.664054, id=,B08, PRDE,actvstrat=,1.000000, actvprof=,6.002939, id=,S01, PRDE,actvstrat=,1.000000, actvprof=,4.972080, id=,S02, PRDE,actvstrat=,-1.000000, actvprof=,3.171227, id=,S07, PRDE,actvstrat=,-1.000000, actvprof=,0.000000, id=,S08, PRDE,actvstrat=,1.000000, actvprof=,0.000000, id=,S09, PRDE,actvstrat=,1.000000, actvprof=,0.000000, best_B_id=,B08, best_B_prof=,6.002939, best_B_strat=,1.000000, best_S_id=,S01, best_S_prof=,4.972080, best_S_strat=,1.000000, 
t=,4060800, id=,B00, PRDE,actvstrat=,-1.000000, actvprof=,0.000000, id=,B03, PRDE,actvstrat=,-1.000000, actvprof=,0.012548, id=,B05, PRDE,actvstrat=,1.000000, actvprof=,1.036151, id=,B06, PRDE,actvstrat=,-1.000000, actvprof=,2.619516, id=,B08, PRDE,actvstrat=,1.000000, actvprof=,5.966094, id=,S01, PRDE,actvstrat=,1.000000, actvprof=,5.028790, id=,S02, PRDE,actvstrat=,-1.000000, actvprof=,3.247592, id=,S07, PRDE,actvstrat=,-1.000000, actvprof=,0.000000, id=,S08, PRDE,actvstrat=,1.000000, actvprof=,0.000000, id=,S09, PRDE,actvstrat=,1.000000, actvprof=,0.000000, best_B_id=,B08, best_B_prof=,5.966094, best_B_strat=,1.000000, best_S_id=,S01, best_S_prof=,5.028790, best_S_strat=,1.000000, 
t=,4064400, id=,B00, PRDE,actvstrat=,1.000000, actvprof=,0.000000, id=,B03, PRDE,actvstrat=,-1.000000, actvprof=,0.028270, id=,B05, PRDE,actvstrat=,0.897799, actvprof=,1.459680, id=,B06, PRDE,actvstrat=,-0.012548, actvprof=,1.831948, id=,B08, PRDE,actvstrat=,1.000000, actvprof=,6.391525, id=,S01, PRDE,actvstrat=,1.000000, actvprof=,4.516472, id=,S02, PRDE,actvstrat=,-1.000000, actvprof=,2.773813, id=,S07, PRDE,actvstrat=,-1.000000, actvprof=,0.000000, id=,S08, PRDE,actvstrat=,1.000000, actvprof=,0.000000, id=,S09, PRDE,actvstrat=,1.000000, actvprof=,0.000000, best_B_id=,B08, best_B_prof=,6.391525, best_B_strat=,1.000000, best_S_id=,S01, best_S_prof=,4.516472, best_S_strat=,1.000000, 
t=,4068000, id=,B00, PRDE,actvstrat=,1.000000, actvprof=,0.000000, id=,B03, PRDE,actvstrat=,-1.000000, actvprof=,0.019519, id=,B05, PRDE,actvstrat=,0.897799, actvprof=,1.509484, id=,B06, PRDE,actvstrat=,-0.012548, actvprof=,1.789297, id=,B08, PRDE,actvstrat=,1.000000, actvprof=,6.512377, id=,S01, PRDE,actvstrat=,1.000000, actvprof=,4.453863, id=,S02, PRDE,actvstrat=,-1.000000, actvprof=,2.798826, id=,S07, PRDE,actvstrat=,-1.000000, actvprof=,0.000000, id=,S08, PRDE,actvstrat=,1.000000, actvprof=,0.000000, id=,S09, PRDE,actvstrat=,1.000000, actvprof=,0.000000, best_B_id=,B08, best_B_prof=,6.512377, best_B_strat=,1.000000, best_S_id=,S01, best_S_prof=,4.453863, best_S_strat=,1.000000, 
t=,4071600, id=,B00, PRDE,actvstrat=,-1.000000, actvprof=,0.000000, id=,B03, PRDE,actvstrat=,-1.000000, actvprof=,0.000000, id=,B05, PRDE,actvstrat=,1.000000, actvprof=,0.626155, id=,B06, PRDE,actvstrat=,-1.000000, actvprof=,2.170408, id=,B08, PRDE,actvstrat=,1.000000, actvprof=,5.562895, id=,S01, PRDE,actvstrat=,0.298318, actvprof=,2.235627, id=,S02, PRDE,actvstrat=,-1.000000, actvprof=,3.901080, id=,S07, PRDE,actvstrat=,-1.000000, actvprof=,0.000000, id=,S08, PRDE,actvstrat=,1.000000, actvprof=,0.000000, id=,S09, PRDE,actvstrat=,0.862498, actvprof=,0.000000, best_B_id=,B08, best_B_prof=,5.562895, best_B_strat=,1.000000, best_S_id=,S02, best_S_prof=,3.901080, best_S_strat=,-1.000000, 
t=,4075200, id=,B00, PRDE,actvstrat=,-1.000000, actvprof=,0.000000, id=,B03, PRDE,actvstrat=,-1.000000, actvprof=,0.000000, id=,B05, PRDE,actvstrat=,1.000000, actvprof=,0.619584, id=,B06, PRDE,actvstrat=,-1.000000, actvprof=,2.156834, id=,B08, PRDE,actvstrat=,1.000000, actvprof=,5.549212, id=,S01, PRDE,actvstrat=,0.298318, actvprof=,2.263212, id=,S02, PRDE,actvstrat=,-1.000000, actvprof=,3.883835, id=,S07, PRDE,actvstrat=,-1.000000, actvprof=,0.000000, id=,S08, PRDE,actvstrat=,1.000000, actvprof=,0.000000, id=,S09, PRDE,actvstrat=,0.862498, actvprof=,0.000000, best_B_id=,B08, best_B_prof=,5.549212, best_B_strat=,1.000000, best_S_id=,S02, best_S_prof=,3.883835, best_S_strat=,-1.000000, 
t=,4078800, id=,B00, PRDE,actvstrat=,-1.000000, actvprof=,0.000000, id=,B03, PRDE,actvstrat=,-1.000000, actvprof=,0.005878, id=,B05, PRDE,actvstrat=,1.000000, actvprof=,0.986424, id=,B06, PRDE,actvstrat=,-1.000000, actvprof=,2.658922, id=,B08, PRDE,actvstrat=,-1.000000, actvprof=,5.601959, id=,S01, PRDE,actvstrat=,1.000000, actvprof=,5.217075, id=,S02, PRDE,actvstrat=,-1.000000, actvprof=,3.384465, id=,S07, PRDE,actvstrat=,-1.000000, actvprof=,0.000000, id=,S08, PRDE,actvstrat=,1.000000, actvprof=,0.000000, id=,S09, PRDE,actvstrat=,1.000000, actvprof=,0.000000, best_B_id=,B08, best_B_prof=,5.601959, best_B_strat=,-1.000000, best_S_id=,S01, best_S_prof=,5.217075, best_S_strat=,1.000000, 
t=,4082400, id=,B00, PRDE,actvstrat=,-1.000000, actvprof=,0.000000, id=,B03, PRDE,actvstrat=,-1.000000, actvprof=,0.006832, id=,B05, PRDE,actvstrat=,1.000000, actvprof=,0.996989, id=,B06, PRDE,actvstrat=,-1.000000, actvprof=,2.644229, id=,B08, PRDE,actvstrat=,-1.000000, actvprof=,5.600480, id=,S01, PRDE,actvstrat=,1.000000, actvprof=,5.217913, id=,S02, PRDE,actvstrat=,-1.000000, actvprof=,3.356245, id=,S07, PRDE,actvstrat=,-1.000000, actvprof=,0.000000, id=,S08, PRDE,actvstrat=,1.000000, actvprof=,0.000000, id=,S09, PRDE,actvstrat=,1.000000, actvprof=,0.000000, best_B_id=,B08, best_B_prof=,5.600480, best_B_strat=,-1.000000, best_S_id=,S01, best_S_prof=,5.217913, best_S_strat=,1.000000, 
t=,4086000, id=,B00, PRDE,actvstrat=,-1.000000, actvprof=,0.000000, id=,B03, PRDE,actvstrat=,1.000000, actvprof=,0.000000, id=,B05, PRDE,actvstrat=,1.000000, actvprof=,0.193979, id=,B06, PRDE,actvstrat=,1.000000, actvprof=,1.498370, id=,B08, PRDE,actvstrat=,-1.000000, actvprof=,4.374746, id=,S01, PRDE,actvstrat=,0.298318, actvprof=,2.794642, id=,S02, PRDE,actvstrat=,0.636080, actvprof=,2.594505, id=,S07, PRDE,actvstrat=,-1.000000, actvprof=,0.000000, id=,S08, PRDE,actvstrat=,1.000000, actvprof=,0.000000, id=,S09, PRDE,actvstrat=,1.000000, actvprof=,0.000000, best_B_id=,B08, best_B_prof=,4.374746, best_B_strat=,-1.000000, best_S_id=,S01, best_S_prof=,2.794642, best_S_strat=,0.298318, 
t=,4089600, id=,B00, PRDE,actvstrat=,-1.000000, actvprof=,0.000000, id=,B03, PRDE,actvstrat=,1.000000, actvprof=,0.000000, id=,B05, PRDE,actvstrat=,1.000000, actvprof=,0.189753, id=,B06, PRDE,actvstrat=,1.000000, actvprof=,1.491112, id=,B08, PRDE,actvstrat=,-1.000000, actvprof=,4.480446, id=,S01, PRDE,actvstrat=,0.298318, actvprof=,2.825096, id=,S02, PRDE,actvstrat=,0.636080, actvprof=,2.608156, id=,S07, PRDE,actvstrat=,-1.000000, actvprof=,0.000000, id=,S08, PRDE,actvstrat=,1.000000, actvprof=,0.000000, id=,S09, PRDE,actvstrat=,1.000000, actvprof=,0.000000, best_B_id=,B08, best_B_prof=,4.480446, best_B_strat=,-1.000000, best_S_id=,S01, best_S_prof=,2.825096, best_S_strat=,0.298318, 
t=,4093200, id=,B00, PRDE,actvstrat=,0.970628, actvprof=,0.000000, id=,B03, PRDE,actvstrat=,-1.000000, actvprof=,0.000000, id=,B05, PRDE,actvstrat=,1.000000, actvprof=,0.216661, id=,B06, PRDE,actvstrat=,1.000000, actvprof=,1.561695, id=,B08, PRDE,actvstrat=,-1.000000, actvprof=,4.330422, id=,S01, PRDE,actvstrat=,0.298318, actvprof=,3.019819, id=,S02, PRDE,actvstrat=,0.636080, actvprof=,2.562703, id=,S07, PRDE,actvstrat=,-1.000000, actvprof=,0.000000, id=,S08, PRDE,actvstrat=,1.000000, actvprof=,0.000000, id=,S09, PRDE,actvstrat=,0.862498, actvprof=,0.000000, best_B_id=,B08, best_B_prof=,4.330422, best_B_strat=,-1.000000, best_S_id=,S01, best_S_prof=,3.019819, best_S_strat=,0.298318, 
t=,4096800, id=,B00, PRDE,actvstrat=,0.970628, actvprof=,0.000000, id=,B03, PRDE,actvstrat=,-1.000000, actvprof=,0.000837, id=,B05, PRDE,actvstrat=,1.000000, actvprof=,0.210111, id=,B06, PRDE,actvstrat=,1.000000, actvprof=,1.549830, id=,B08, PRDE,actvstrat=,-1.000000, actvprof=,4.405638, id=,S01, PRDE,actvstrat=,0.298318, actvprof=,2.959818, id=,S02, PRDE,actvstrat=,0.636080, actvprof=,2.587418, id=,S07, PRDE,actvstrat=,-1.000000, actvprof=,0.000000, id=,S08, PRDE,actvstrat=,1.000000, actvprof=,0.000000, id=,S09, PRDE,actvstrat=,0.862498, actvprof=,0.000000, best_B_id=,B08, best_B_prof=,4.405638, best_B_strat=,-1.000000, best_S_id=,S01, best_S_prof=,2.959818, best_S_strat=,0.298318, 
t=,4100400, id=,B00, PRDE,actvstrat=,-1.000000, actvprof=,0.000000, id=,B03, PRDE,actvstrat=,-1.000000, actvprof=,0.000000, id=,B05, PRDE,actvstrat=,1.000000, actvprof=,0.388254, id=,B06, PRDE,actvstrat=,1.000000, actvprof=,1.816426, id=,B08, PRDE,actvstrat=,-1.000000, actvprof=,4.622943, id=,S01, PRDE,actvstrat=,-0.403365, actvprof=,0.638506, id=,S02, PRDE,actvstrat=,-1.000000, actvprof=,4.140914, id=,S07, PRDE,actvstrat=,1.000000, actvprof=,0.000000, id=,S08, PRDE,actvstrat=,-1.000000, actvprof=,0.000000, id=,S09, PRDE,actvstrat=,1.000000, actvprof=,0.000000, best_B_id=,B08, best_B_prof=,4.622943, best_B_strat=,-1.000000, best_S_id=,S02, best_S_prof=,4.140914, best_S_strat=,-1.000000, 
t=,4104000, id=,B00, PRDE,actvstrat=,-1.000000, actvprof=,0.000000, id=,B03, PRDE,actvstrat=,-1.000000, actvprof=,0.000000, id=,B05, PRDE,actvstrat=,1.000000, actvprof=,0.373936, id=,B06, PRDE,actvstrat=,1.000000, actvprof=,1.852810, id=,B08, PRDE,actvstrat=,-1.000000, actvprof=,4.633767, id=,S01, PRDE,actvstrat=,-0.403365, actvprof=,0.666867, id=,S02, PRDE,actvstrat=,-1.000000, actvprof=,4.153311, id=,S07, PRDE,actvstrat=,1.000000, actvprof=,0.000000, id=,S08, PRDE,actvstrat=,-1.000000, actvprof=,0.000000, id=,S09, PRDE,actvstrat=,1.000000, actvprof=,0.000000, best_B_id=,B08, best_B_prof=,4.633767, best_B_strat=,-1.000000, best_S_id=,S02, best_S_prof=,4.153311, best_S_strat=,-1.000000, 
t=,4107600, id=,B00, PRDE,actvstrat=,-1.000000, actvprof=,0.000000, id=,B03, PRDE,actvstrat=,0.235952, actvprof=,0.011197, id=,B05, PRDE,actvstrat=,1.000000, actvprof=,0.980041, id=,B06, PRDE,actvstrat=,-1.000000, actvprof=,2.588528, id=,B08, PRDE,actvstrat=,-1.000000, actvprof=,5.495899, id=,S01, PRDE,actvstrat=,1.000000, actvprof=,5.095037, id=,S02, PRDE,actvstrat=,-1.000000, actvprof=,3.311312, id=,S07, PRDE,actvstrat=,1.000000, actvprof=,0.000000, id=,S08, PRDE,actvstrat=,1.000000, actvprof=,0.000000, id=,S09, PRDE,actvstrat=,1.000000, actvprof=,0.000000, best_B_id=,B08, best_B_prof=,5.495899, best_B_strat=,-1.000000, best_S_id=,S01, best_S_prof=,5.095037, best_S_strat=,1.000000, 
t=,4111200, id=,B00, PRDE,actvstrat=,-1.000000, actvprof=,0.000000, id=,B03, PRDE,actvstrat=,0.235952, actvprof=,0.011293, id=,B05, PRDE,actvstrat=,1.000000, actvprof=,0.991732, id=,B06, PRDE,actvstrat=,-1.000000, actvprof=,2.590522, id=,B08, PRDE,actvstrat=,-1.000000, actvprof=,5.519708, id=,S01, PRDE,actvstrat=,1.000000, actvprof=,5.105894, id=,S02, PRDE,actvstrat=,-1.000000, actvprof=,3.344394, id=,S07, PRDE,actvstrat=,1.000000, actvprof=,0.000000, id=,S08, PRDE,actvstrat=,1.000000, actvprof=,0.000000, id=,S09, PRDE,actvstrat=,1.000000, actvprof=,0.000000, best_B_id=,B08, best_B_prof=,5.519708, best_B_strat=,-1.000000, best_S_id=,S01, best_S_prof=,5.105894, best_S_strat=,1.000000, 
t=,4114800, id=,B00, PRDE,actvstrat=,-1.000000, actvprof=,0.000000, id=,B03, PRDE,actvstrat=,-1.000000, actvprof=,0.019595, id=,B05, PRDE,actvstrat=,1.000000, actvprof=,0.652521, id=,B06, PRDE,actvstrat=,1.000000, actvprof=,2.194665, id=,B08, PRDE,actvstrat=,-1.000000, actvprof=,5.138986, id=,S01, PRDE,actvstrat=,1.000000, actvprof=,5.344736, id=,S02, PRDE,actvstrat=,1.000000, actvprof=,3.664026, id=,S07, PRDE,actvstrat=,-1.000000, actvprof=,0.000000, id=,S08, PRDE,actvstrat=,1.000000, actvprof=,0.000000, id=,S09, PRDE,actvstrat=,1.000000, actvprof=,0.000000, best_B_id=,B08, best_B_prof=,5.138986, best_B_strat=,-1.000000, best_S_id=,S01, best_S_prof=,5.344736, best_S_strat=,1.000000, 
t=,4118400, id=,B00, PRDE,actvstrat=,-1.000000, actvprof=,0.000000, id=,B03, PRDE,actvstrat=,-1.000000, actvprof=,0.019938, id=,B05, PRDE,actvstrat=,1.000000, actvprof=,0.671337, id=,B06, PRDE,actvstrat=,1.000000, actvprof=,2.178117, id=,B08, PRDE,actvstrat=,-1.000000, actvprof=,5.109694, id=,S01, PRDE,actvstrat=,1.000000, actvprof=,5.345882, id=,S02, PRDE,actvstrat=,1.000000, actvprof=,3.670815, id=,S07, PRDE,actvstrat=,-1.000000, actvprof=,0.000000, id=,S08, PRDE,actvstrat=,1.000000, actvprof=,0.000000, id=,S09, PRDE,actvstrat=,1.000000, actvprof=,0.000000, best_B_id=,B08, best_B_prof=,5.109694, best_B_strat=,-1.000000, best_S_id=,S01, best_S_prof=,5.345882, best_S_strat=,1.000000, 
t=,4122000, id=,B00, PRDE,actvstrat=,-1.000000, actvprof=,0.000000, id=,B03, PRDE,actvstrat=,-1.000000, actvprof=,0.019596, id=,B05, PRDE,actvstrat=,0.897799, actvprof=,0.777112, id=,B06, PRDE,actvstrat=,0.974905, actvprof=,2.285706, id=,B08, PRDE,actvstrat=,-1.000000, actvprof=,5.357483, id=,S01, PRDE,actvstrat=,1.000000, actvprof=,5.248306, id=,S02, PRDE,actvstrat=,1.000000, actvprof=,3.620178, id=,S07, PRDE,actvstrat=,-1.000000, actvprof=,0.000000, id=,S08, PRDE,actvstrat=,1.000000, actvprof=,0.000000, id=,S09, PRDE,actvstrat=,1.000000, actvprof=,0.000000, best_B_id=,B08, best_B_prof=,5.357483, best_B_strat=,-1.000000, best_S_id=,S01, best_S_prof=,5.248306, best_S_strat=,1.000000, 
t=,4125600, id=,B00, PRDE,actvstrat=,-1.000000, actvprof=,0.000000, id=,B03, PRDE,actvstrat=,-1.000000, actvprof=,0.023981, id=,B05, PRDE,actvstrat=,0.897799, actvprof=,0.792644, id=,B06, PRDE,actvstrat=,0.974905, actvprof=,2.286885, id=,B08, PRDE,actvstrat=,-1.000000, actvprof=,5.402387, id=,S01, PRDE,actvstrat=,1.000000, actvprof=,5.270071, id=,S02, PRDE,actvstrat=,1.000000, actvprof=,3.592343, id=,S07, PRDE,actvstrat=,-1.000000, actvprof=,0.000000, id=,S08, PRDE,actvstrat=,1.000000, actvprof=,0.000000, id=,S09, PRDE,actvstrat=,1.000000, actvprof=,0.000000, best_B_id=,B08, best_B_prof=,5.402387, best_B_strat=,-1.000000, best_S_id=,S01, best_S_prof=,5.270071, best_S_strat=,1.000000, 
t=,4129200, id=,B00, PRDE,actvstrat=,-0.886704, actvprof=,0.000000, id=,B03, PRDE,actvstrat=,-1.000000, actvprof=,0.000560, id=,B05, PRDE,actvstrat=,1.000000, actvprof=,1.509735, id=,B06, PRDE,actvstrat=,1.000000, actvprof=,3.116610, id=,B08, PRDE,actvstrat=,1.000000, actvprof=,6.334560, id=,S01, PRDE,actvstrat=,-1.000000, actvprof=,4.315048, id=,S02, PRDE,actvstrat=,-1.000000, actvprof=,2.859622, id=,S07, PRDE,actvstrat=,1.000000, actvprof=,0.001960, id=,S08, PRDE,actvstrat=,-1.000000, actvprof=,0.000000, id=,S09, PRDE,actvstrat=,1.000000, actvprof=,0.000000, best_B_id=,B08, best_B_prof=,6.334560, best_B_strat=,1.000000, best_S_id=,S01, best_S_prof=,4.315048, best_S_strat=,-1.000000, 
t=,4132800, id=,B00, PRDE,actvstrat=,-0.886704, actvprof=,0.000000, id=,B03, PRDE,actvstrat=,-1.000000, actvprof=,0.000279, id=,B05, PRDE,actvstrat=,1.000000, actvprof=,1.433322, id=,B06, PRDE,actvstrat=,1.000000, actvprof=,2.996173, id=,B08, PRDE,actvstrat=,1.000000, actvprof=,6.279149, id=,S01, PRDE,actvstrat=,-1.000000, actvprof=,4.391988, id=,S02, PRDE,actvstrat=,-1.000000, actvprof=,2.859951, id=,S07, PRDE,actvstrat=,1.000000, actvprof=,0.003346, id=,S08, PRDE,actvstrat=,-1.000000, actvprof=,0.000000, id=,S09, PRDE,actvstrat=,1.000000, actvprof=,0.000000, best_B_id=,B08, best_B_prof=,6.279149, best_B_strat=,1.000000, best_S_id=,S01, best_S_prof=,4.391988, best_S_strat=,-1.000000, 
t=,4136400, id=,B00, PRDE,actvstrat=,-1.000000, actvprof=,0.000000, id=,B03, PRDE,actvstrat=,-1.000000, actvprof=,0.007839, id=,B05, PRDE,actvstrat=,0.897799, actvprof=,1.160102, id=,B06, PRDE,actvstrat=,-1.000000, actvprof=,2.711850, id=,B08, PRDE,actvstrat=,1.000000, actvprof=,5.983875, id=,S01, PRDE,actvstrat=,1.000000, actvprof=,5.033734, id=,S02, PRDE,actvstrat=,-1.000000, actvprof=,3.225554, id=,S07, PRDE,actvstrat=,-1.000000, actvprof=,0.004479, id=,S08, PRDE,actvstrat=,-1.000000, actvprof=,0.000000, id=,S09, PRDE,actvstrat=,0.931249, actvprof=,0.000000, best_B_id=,B08, best_B_prof=,5.983875, best_B_strat=,1.000000, best_S_id=,S01, best_S_prof=,5.033734, best_S_strat=,1.000000, 
t=,4140000, id=,B00, PRDE,actvstrat=,-1.000000, actvprof=,0.000000, id=,B03, PRDE,actvstrat=,-1.000000, actvprof=,0.007111, id=,B05, PRDE,actvstrat=,0.897799, actvprof=,1.159337, id=,B06, PRDE,actvstrat=,-1.000000, actvprof=,2.759265, id=,B08, PRDE,actvstrat=,1.000000, actvprof=,6.007222, id=,S01, PRDE,actvstrat=,1.000000, actvprof=,5.046429, id=,S02, PRDE,actvstrat=,-1.000000, actvprof=,3.299406, id=,S07, PRDE,actvstrat=,-1.000000, actvprof=,0.002231, id=,S08, PRDE,actvstrat=,-1.000000, actvprof=,0.000000, id=,S09, PRDE,actvstrat=,0.931249, actvprof=,0.000000, best_B_id=,B08, best_B_prof=,6.007222, best_B_strat=,1.000000, best_S_id=,S01, best_S_prof=,5.046429, best_S_strat=,1.000000, 
t=,4143600, id=,B00, PRDE,actvstrat=,-1.000000, actvprof=,0.000000, id=,B03, PRDE,actvstrat=,-1.000000, actvprof=,0.006999, id=,B05, PRDE,actvstrat=,1.000000, actvprof=,1.056566, id=,B06, PRDE,actvstrat=,1.000000, actvprof=,2.659052, id=,B08, PRDE,actvstrat=,-1.000000, actvprof=,5.460323, id=,S01, PRDE,actvstrat=,1.000000, actvprof=,5.021627, id=,S02, PRDE,actvstrat=,-1.000000, actvprof=,3.230448, id=,S07, PRDE,actvstrat=,1.000000, actvprof=,0.000000, id=,S08, PRDE,actvstrat=,1.000000, actvprof=,0.000000, id=,S09, PRDE,actvstrat=,1.000000, actvprof=,0.000000, best_B_id=,B08, best_B_prof=,5.460323, best_B_strat=,-1.000000, best_S_id=,S01, best_S_prof=,5.021627, best_S_strat=,1.000000, 
t=,4147200, id=,B00, PRDE,actvstrat=,-1.000000, actvprof=,0.000000, id=,B03, PRDE,actvstrat=,-1.000000, actvprof=,0.006414, id=,B05, PRDE,actvstrat=,1.000000, actvprof=,1.040303, id=,B06, PRDE,actvstrat=,1.000000, actvprof=,2.605986, id=,B08, PRDE,actvstrat=,-1.000000, actvprof=,5.516352, id=,S01, PRDE,actvstrat=,1.000000, actvprof=,5.077838, id=,S02, PRDE,actvstrat=,-1.000000, actvprof=,3.303286, id=,S07, PRDE,actvstrat=,1.000000, actvprof=,0.000000, id=,S08, PRDE,actvstrat=,1.000000, actvprof=,0.000000, id=,S09, PRDE,actvstrat=,1.000000, actvprof=,0.000000, best_B_id=,B08, best_B_prof=,5.516352, best_B_strat=,-1.000000, best_S_id=,S01, best_S_prof=,5.077838, best_S_strat=,1.000000, 
t=,4150800, id=,B00, PRDE,actvstrat=,-1.000000, actvprof=,0.000000, id=,B03, PRDE,actvstrat=,-1.000000, actvprof=,0.006159, id=,B05, PRDE,actvstrat=,1.000000, actvprof=,0.929770, id=,B06, PRDE,actvstrat=,1.000000, actvprof=,2.486947, id=,B08, PRDE,actvstrat=,1.000000, actvprof=,5.773759, id=,S01, PRDE,actvstrat=,0.298318, actvprof=,2.010723, id=,S02, PRDE,actvstrat=,-1.000000, actvprof=,3.526464, id=,S07, PRDE,actvstrat=,-1.000000, actvprof=,0.001680, id=,S08, PRDE,actvstrat=,-1.000000, actvprof=,0.000000, id=,S09, PRDE,actvstrat=,1.000000, actvprof=,0.000000, best_B_id=,B08, best_B_prof=,5.773759, best_B_strat=,1.000000, best_S_id=,S02, best_S_prof=,3.526464, best_S_strat=,-1.000000, 
t=,4154400, id=,B00, PRDE,actvstrat=,-1.000000, actvprof=,0.000000, id=,B03, PRDE,actvstrat=,-1.000000, actvprof=,0.004322, id=,B05, PRDE,actvstrat=,1.000000, actvprof=,0.826565, id=,B06, PRDE,actvstrat=,1.000000, actvprof=,2.376374, id=,B08, PRDE,actvstrat=,1.000000, actvprof=,5.651680, id=,S01, PRDE,actvstrat=,0.298318, actvprof=,2.106430, id=,S02, PRDE,actvstrat=,-1.000000, actvprof=,3.600605, id=,S07, PRDE,actvstrat=,-1.000000, actvprof=,0.000837, id=,S08, PRDE,actvstrat=,-1.000000, actvprof=,0.000000, id=,S09, PRDE,actvstrat=,1.000000, actvprof=,0.000000, best_B_id=,B08, best_B_prof=,5.651680, best_B_strat=,1.000000, best_S_id=,S02, best_S_prof=,3.600605, best_S_strat=,-1.000000, 
t=,4158000, id=,B00, PRDE,actvstrat=,-0.886704, actvprof=,0.000000, id=,B03, PRDE,actvstrat=,-1.000000, actvprof=,0.000000, id=,B05, PRDE,actvstrat=,1.000000, actvprof=,0.961700, id=,B06, PRDE,actvstrat=,1.000000, actvprof=,2.572652, id=,B08, PRDE,actvstrat=,1.000000, actvprof=,5.858951, id=,S01, PRDE,actvstrat=,-1.000000, actvprof=,4.831738, id=,S02, PRDE,actvstrat=,0.636080, actvprof=,1.585195, id=,S07, PRDE,actvstrat=,1.000000, actvprof=,0.003640, id=,S08, PRDE,actvstrat=,1.000000, actvprof=,0.000000, id=,S09, PRDE,actvstrat=,1.000000, actvprof=,0.000000, best_B_id=,B08, best_B_prof=,5.858951, best_B_strat=,1.000000, best_S_id=,S01, best_S_prof=,4.831738, best_S_strat=,-1.000000, 
t=,4161600, id=,B00, PRDE,actvstrat=,-0.886704, actvprof=,0.000000, id=,B03, PRDE,actvstrat=,-1.000000, actvprof=,0.000418, id=,B05, PRDE,actvstrat=,1.000000, actvprof=,0.850972, id=,B06, PRDE,actvstrat=,1.000000, actvprof=,2.381132, id=,B08, PRDE,actvstrat=,1.000000, actvprof=,5.729245, id=,S01, PRDE,actvstrat=,-1.000000, actvprof=,4.930701, id=,S02, PRDE,actvstrat=,0.636080, actvprof=,1.775147, id=,S07, PRDE,actvstrat=,1.000000, actvprof=,0.003904, id=,S08, PRDE,actvstrat=,1.000000, actvprof=,0.000000, id=,S09, PRDE,actvstrat=,1.000000, actvprof=,0.000000, best_B_id=,B08, best_B_prof=,5.729245, best_B_strat=,1.000000, best_S_id=,S01, best_S_prof=,4.930701, best_S_strat=,-1.000000, 
t=,4165200, id=,B00, PRDE,actvstrat=,-1.000000, actvprof=,0.000000, id=,B03, PRDE,actvstrat=,-0.383193, actvprof=,0.000000, id=,B05, PRDE,actvstrat=,1.000000, actvprof=,1.047386, id=,B06, PRDE,actvstrat=,-1.000000, actvprof=,2.596486, id=,B08, PRDE,actvstrat=,-1.000000, actvprof=,5.524463, id=,S01, PRDE,actvstrat=,-1.000000, actvprof=,4.860363, id=,S02, PRDE,actvstrat=,-1.000000, actvprof=,3.240148, id=,S07, PRDE,actvstrat=,-1.000000, actvprof=,0.000000, id=,S08, PRDE,actvstrat=,1.000000, actvprof=,0.000000, id=,S09, PRDE,actvstrat=,1.000000, actvprof=,0.000000, best_B_id=,B08, best_B_prof=,5.524463, best_B_strat=,-1.000000, best_S_id=,S01, best_S_prof=,4.860363, best_S_strat=,-1.000000, 
t=,4168800, id=,B00, PRDE,actvstrat=,-1.000000, actvprof=,0.000000, id=,B03, PRDE,actvstrat=,-0.383193, actvprof=,0.000000, id=,B05, PRDE,actvstrat=,1.000000, actvprof=,1.096525, id=,B06, PRDE,actvstrat=,-1.000000, actvprof=,2.637432, id=,B08, PRDE,actvstrat=,-1.000000, actvprof=,5.565308, id=,S01, PRDE,actvstrat=,-1.000000, actvprof=,4.789347, id=,S02, PRDE,actvstrat=,-1.000000, actvprof=,3.198522, id=,S07, PRDE,actvstrat=,-1.000000, actvprof=,0.000000, id=,S08, PRDE,actvstrat=,1.000000, actvprof=,0.000000, id=,S09, PRDE,actvstrat=,1.000000, actvprof=,0.000000, best_B_id=,B08, best_B_prof=,5.565308, best_B_strat=,-1.000000, best_S_id=,S01, best_S_prof=,4.789347, best_S_strat=,-1.000000, 
t=,4172400, id=,B00, PRDE,actvstrat=,-1.000000, actvprof=,0.000000, id=,B03, PRDE,actvstrat=,-1.000000, actvprof=,0.010919, id=,B05, PRDE,actvstrat=,-0.462516, actvprof=,0.557158, id=,B06, PRDE,actvstrat=,1.000000, actvprof=,3.687320, id=,B08, PRDE,actvstrat=,1.000000, actvprof=,7.159336, id=,S01, PRDE,actvstrat=,-1.000000, actvprof=,3.563569, id=,S02, PRDE,actvstrat=,1.000000, actvprof=,2.087521, id=,S07, PRDE,actvstrat=,1.000000, actvprof=,0.003080, id=,S08, PRDE,actvstrat=,1.000000, actvprof=,0.000000, id=,S09, PRDE,actvstrat=,0.724995, actvprof=,0.000000, best_B_id=,B08, best_B_prof=,7.159336, best_B_strat=,1.000000, best_S_id=,S01, best_S_prof=,3.563569, best_S_strat=,-1.000000, 
t=,4176000, id=,B00, PRDE,actvstrat=,-1.000000, actvprof=,0.000000, id=,B03, PRDE,actvstrat=,-1.000000, actvprof=,0.016593, id=,B05, PRDE,actvstrat=,-0.462516, actvprof=,0.549510, id=,B06, PRDE,actvstrat=,1.000000, actvprof=,3.654287, id=,B08, PRDE,actvstrat=,1.000000, actvprof=,7.051876, id=,S01, PRDE,actvstrat=,-1.000000, actvprof=,3.623333, id=,S02, PRDE,actvstrat=,1.000000, actvprof=,2.115354, id=,S07, PRDE,actvstrat=,1.000000, actvprof=,0.001813, id=,S08, PRDE,actvstrat=,1.000000, actvprof=,0.000000, id=,S09, PRDE,actvstrat=,0.724995, actvprof=,0.000000, best_B_id=,B08, best_B_prof=,7.051876, best_B_strat=,1.000000, best_S_id=,S01, best_S_prof=,3.623333, best_S_strat=,-1.000000, 
t=,4179600, id=,B00, PRDE,actvstrat=,-1.000000, actvprof=,0.000000, id=,B03, PRDE,actvstrat=,-1.000000, actvprof=,0.005040, id=,B05, PRDE,actvstrat=,1.000000, actvprof=,1.187950, id=,B06, PRDE,actvstrat=,1.000000, actvprof=,2.744631, id=,B08, PRDE,actvstrat=,1.000000, actvprof=,6.004144, id=,S01, PRDE,actvstrat=,1.000000, actvprof=,4.696923, id=,S02, PRDE,actvstrat=,-1.000000, actvprof=,3.184478, id=,S07, PRDE,actvstrat=,-1.000000, actvprof=,0.000000, id=,S08, PRDE,actvstrat=,1.000000, actvprof=,0.000000, id=,S09, PRDE,actvstrat=,0.862498, actvprof=,0.000000, best_B_id=,B08, best_B_prof=,6.004144, best_B_strat=,1.000000, best_S_id=,S01, best_S_prof=,4.696923, best_S_strat=,1.000000, 
t=,4183200, id=,B00, PRDE,actvstrat=,-1.000000, actvprof=,0.000000, id=,B03, PRDE,actvstrat=,-1.000000, actvprof=,0.013107, id=,B05, PRDE,actvstrat=,1.000000, actvprof=,1.149387, id=,B06, PRDE,actvstrat=,1.000000, actvprof=,2.715275, id=,B08, PRDE,actvstrat=,1.000000, actvprof=,6.069175, id=,S01, PRDE,actvstrat=,1.000000, actvprof=,4.714257, id=,S02, PRDE,actvstrat=,-1.000000, actvprof=,3.185320, id=,S07, PRDE,actvstrat=,-1.000000, actvprof=,0.000000, id=,S08, PRDE,actvstrat=,1.000000, actvprof=,0.000000, id=,S09, PRDE,actvstrat=,0.862498, actvprof=,0.000000, best_B_id=,B08, best_B_prof=,6.069175, best_B_strat=,1.000000, best_S_id=,S01, best_S_prof=,4.714257, best_S_strat=,1.000000, 
t=,4186800, id=,B00, PRDE,actvstrat=,-0.773408, actvprof=,0.000000, id=,B03, PRDE,actvstrat=,-1.000000, actvprof=,0.001680, id=,B05, PRDE,actvstrat=,1.000000, actvprof=,0.918636, id=,B06, PRDE,actvstrat=,1.000000, actvprof=,2.431403, id=,B08, PRDE,actvstrat=,1.000000, actvprof=,5.701086, id=,S01, PRDE,actvstrat=,0.403365, actvprof=,2.325568, id=,S02, PRDE,actvstrat=,-1.000000, actvprof=,3.501232, id=,S07, PRDE,actvstrat=,1.000000, actvprof=,0.005880, id=,S08, PRDE,actvstrat=,-1.000000, actvprof=,0.000000, id=,S09, PRDE,actvstrat=,0.724995, actvprof=,0.000000, best_B_id=,B08, best_B_prof=,5.701086, best_B_strat=,1.000000, best_S_id=,S02, best_S_prof=,3.501232, best_S_strat=,-1.000000, 
t=,4190400, id=,B00, PRDE,actvstrat=,-0.773408, actvprof=,0.000000, id=,B03, PRDE,actvstrat=,-1.000000, actvprof=,0.000837, id=,B05, PRDE,actvstrat=,1.000000, actvprof=,0.858525, id=,B06, PRDE,actvstrat=,1.000000, actvprof=,2.390262, id=,B08, PRDE,actvstrat=,1.000000, actvprof=,5.654805, id=,S01, PRDE,actvstrat=,0.403365, actvprof=,2.316080, id=,S02, PRDE,actvstrat=,-1.000000, actvprof=,3.560851, id=,S07, PRDE,actvstrat=,1.000000, actvprof=,0.005159, id=,S08, PRDE,actvstrat=,-1.000000, actvprof=,0.000000, id=,S09, PRDE,actvstrat=,0.724995, actvprof=,0.000000, best_B_id=,B08, best_B_prof=,5.654805, best_B_strat=,1.000000, best_S_id=,S02, best_S_prof=,3.560851, best_S_strat=,-1.000000, 
t=,4194000, id=,B00, PRDE,actvstrat=,-0.943352, actvprof=,0.000000, id=,B03, PRDE,actvstrat=,0.635111, actvprof=,0.001400, id=,B05, PRDE,actvstrat=,-0.462516, actvprof=,0.233239, id=,B06, PRDE,actvstrat=,1.000000, actvprof=,3.090341, id=,B08, PRDE,actvstrat=,1.000000, actvprof=,6.466281, id=,S01, PRDE,actvstrat=,0.298318, actvprof=,1.507231, id=,S02, PRDE,actvstrat=,0.636080, actvprof=,1.203993, id=,S07, PRDE,actvstrat=,1.000000, actvprof=,0.001400, id=,S08, PRDE,actvstrat=,-1.000000, actvprof=,0.000000, id=,S09, PRDE,actvstrat=,1.000000, actvprof=,0.000000, best_B_id=,B08, best_B_prof=,6.466281, best_B_strat=,1.000000, best_S_id=,S01, best_S_prof=,1.507231, best_S_strat=,0.298318, 
t=,4197600, id=,B00, PRDE,actvstrat=,-0.943352, actvprof=,0.000000, id=,B03, PRDE,actvstrat=,0.635111, actvprof=,0.001813, id=,B05, PRDE,actvstrat=,-0.462516, actvprof=,0.230218, id=,B06, PRDE,actvstrat=,1.000000, actvprof=,3.020031, id=,B08, PRDE,actvstrat=,1.000000, actvprof=,6.420598, id=,S01, PRDE,actvstrat=,0.298318, actvprof=,1.494537, id=,S02, PRDE,actvstrat=,0.636080, actvprof=,1.281749, id=,S07, PRDE,actvstrat=,1.000000, actvprof=,0.001952, id=,S08, PRDE,actvstrat=,-1.000000, actvprof=,0.000000, id=,S09, PRDE,actvstrat=,1.000000, actvprof=,0.000000, best_B_id=,B08, best_B_prof=,6.420598, best_B_strat=,1.000000, best_S_id=,S01, best_S_prof=,1.494537, best_S_strat=,0.298318, 
t=,4201200, id=,B00, PRDE,actvstrat=,-1.000000, actvprof=,0.000000, id=,B03, PRDE,actvstrat=,-1.000000, actvprof=,0.022960, id=,B05, PRDE,actvstrat=,1.000000, actvprof=,0.840847, id=,B06, PRDE,actvstrat=,0.476923, actvprof=,1.867615, id=,B08, PRDE,actvstrat=,1.000000, actvprof=,5.675365, id=,S01, PRDE,actvstrat=,1.000000, actvprof=,4.736798, id=,S02, PRDE,actvstrat=,1.000000, actvprof=,3.116705, id=,S07, PRDE,actvstrat=,1.000000, actvprof=,0.003360, id=,S08, PRDE,actvstrat=,1.000000, actvprof=,0.000000, id=,S09, PRDE,actvstrat=,1.000000, actvprof=,0.000000, best_B_id=,B08, best_B_prof=,5.675365, best_B_strat=,1.000000, best_S_id=,S01, best_S_prof=,4.736798, best_S_strat=,1.000000, 
t=,4204800, id=,B00, PRDE,actvstrat=,-1.000000, actvprof=,0.000000, id=,B03, PRDE,actvstrat=,-1.000000, actvprof=,0.028725, id=,B05, PRDE,actvstrat=,1.000000, actvprof=,0.791059, id=,B06, PRDE,actvstrat=,0.476923, actvprof=,1.808294, id=,B08, PRDE,actvstrat=,1.000000, actvprof=,5.686477, id=,S01, PRDE,actvstrat=,1.000000, actvprof=,4.860697, id=,S02, PRDE,actvstrat=,1.000000, actvprof=,3.203837, id=,S07, PRDE,actvstrat=,1.000000, actvprof=,0.004462, id=,S08, PRDE,actvstrat=,1.000000, actvprof=,0.000000, id=,S09, PRDE,actvstrat=,1.000000, actvprof=,0.000000, best_B_id=,B08, best_B_prof=,5.686477, best_B_strat=,1.000000, best_S_id=,S01, best_S_prof=,4.860697, best_S_strat=,1.000000, 
t=,4208400, id=,B00, PRDE,actvstrat=,-1.000000, actvprof=,0.000000, id=,B03, PRDE,actvstrat=,-1.000000, actvprof=,0.006720, id=,B05, PRDE,actvstrat=,1.000000, actvprof=,1.013902, id=,B06, PRDE,actvstrat=,1.000000, actvprof=,2.543296, id=,B08, PRDE,actvstrat=,-1.000000, actvprof=,5.439960, id=,S01, PRDE,actvstrat=,1.000000, actvprof=,5.096672, id=,S02, PRDE,actvstrat=,-1.000000, actvprof=,3.361194, id=,S07, PRDE,actvstrat=,1.000000, actvprof=,0.000000, id=,S08, PRDE,actvstrat=,1.000000, actvprof=,0.000000, id=,S09, PRDE,actvstrat=,1.000000, actvprof=,0.000000, best_B_id=,B08, best_B_prof=,5.439960, best_B_strat=,-1.000000, best_S_id=,S01, best_S_prof=,5.096672, best_S_strat=,1.000000, 
t=,4212000, id=,B00, PRDE,actvstrat=,-1.000000, actvprof=,0.000000, id=,B03, PRDE,actvstrat=,-1.000000, actvprof=,0.009482, id=,B05, PRDE,actvstrat=,1.000000, actvprof=,1.057240, id=,B06, PRDE,actvstrat=,1.000000, actvprof=,2.592624, id=,B08, PRDE,actvstrat=,-1.000000, actvprof=,5.508889, id=,S01, PRDE,actvstrat=,1.000000, actvprof=,5.096702, id=,S02, PRDE,actvstrat=,-1.000000, actvprof=,3.316600, id=,S07, PRDE,actvstrat=,1.000000, actvprof=,0.000000, id=,S08, PRDE,actvstrat=,1.000000, actvprof=,0.000000, id=,S09, PRDE,actvstrat=,1.000000, actvprof=,0.000000, best_B_id=,B08, best_B_prof=,5.508889, best_B_strat=,-1.000000, best_S_id=,S01, best_S_prof=,5.096702, best_S_strat=,1.000000, 
t=,4215600, id=,B00, PRDE,actvstrat=,-0.886704, actvprof=,0.000000, id=,B03, PRDE,actvstrat=,-1.000000, actvprof=,0.007000, id=,B05, PRDE,actvstrat=,0.268742, actvprof=,0.842527, id=,B06, PRDE,actvstrat=,1.000000, actvprof=,3.164025, id=,B08, PRDE,actvstrat=,-1.000000, actvprof=,6.237050, id=,S01, PRDE,actvstrat=,-1.000000, actvprof=,4.321835, id=,S02, PRDE,actvstrat=,1.000000, actvprof=,2.940304, id=,S07, PRDE,actvstrat=,-1.000000, actvprof=,0.000000, id=,S08, PRDE,actvstrat=,1.000000, actvprof=,0.000000, id=,S09, PRDE,actvstrat=,1.000000, actvprof=,0.000000, best_B_id=,B08, best_B_prof=,6.237050, best_B_strat=,-1.000000, best_S_id=,S01, best_S_prof=,4.321835, best_S_strat=,-1.000000, 
t=,4219200, id=,B00, PRDE,actvstrat=,-0.886704, actvprof=,0.000000, id=,B03, PRDE,actvstrat=,-1.000000, actvprof=,0.010598, id=,B05, PRDE,actvstrat=,0.268742, actvprof=,0.835553, id=,B06, PRDE,actvstrat=,1.000000, actvprof=,3.095115, id=,B08, PRDE,actvstrat=,-1.000000, actvprof=,6.083137, id=,S01, PRDE,actvstrat=,-1.000000, actvprof=,4.293224, id=,S02, PRDE,actvstrat=,1.000000, actvprof=,2.946049, id=,S07, PRDE,actvstrat=,-1.000000, actvprof=,0.000000, id=,S08, PRDE,actvstrat=,1.000000, actvprof=,0.000000, id=,S09, PRDE,actvstrat=,1.000000, actvprof=,0.000000, best_B_id=,B08, best_B_prof=,6.083137, best_B_strat=,-1.000000, best_S_id=,S01, best_S_prof=,4.293224, best_S_strat=,-1.000000, 
t=,4222800, id=,B00, PRDE,actvstrat=,-1.000000, actvprof=,0.000000, id=,B03, PRDE,actvstrat=,-1.000000, actvprof=,0.014001, id=,B05, PRDE,actvstrat=,1.000000, actvprof=,0.635072, id=,B06, PRDE,actvstrat=,1.000000, actvprof=,2.123626, id=,B08, PRDE,actvstrat=,-1.000000, actvprof=,5.234022, id=,S01, PRDE,actvstrat=,1.000000, actvprof=,5.395870, id=,S02, PRDE,actvstrat=,1.000000, actvprof=,3.740147, id=,S07, PRDE,actvstrat=,1.000000, actvprof=,0.000000, id=,S08, PRDE,actvstrat=,1.000000, actvprof=,0.000000, id=,S09, PRDE,actvstrat=,1.000000, actvprof=,0.000000, best_B_id=,B08, best_B_prof=,5.234022, best_B_strat=,-1.000000, best_S_id=,S01, best_S_prof=,5.395870, best_S_strat=,1.000000, 
t=,4226400, id=,B00, PRDE,actvstrat=,-1.000000, actvprof=,0.000000, id=,B03, PRDE,actvstrat=,-1.000000, actvprof=,0.018128, id=,B05, PRDE,actvstrat=,1.000000, actvprof=,0.668363, id=,B06, PRDE,actvstrat=,1.000000, actvprof=,2.172982, id=,B08, PRDE,actvstrat=,-1.000000, actvprof=,5.257103, id=,S01, PRDE,actvstrat=,1.000000, actvprof=,5.363640, id=,S02, PRDE,actvstrat=,1.000000, actvprof=,3.713857, id=,S07, PRDE,actvstrat=,1.000000, actvprof=,0.000000, id=,S08, PRDE,actvstrat=,1.000000, actvprof=,0.000000, id=,S09, PRDE,actvstrat=,1.000000, actvprof=,0.000000, best_B_id=,B08, best_B_prof=,5.257103, best_B_strat=,-1.000000, best_S_id=,S01, best_S_prof=,5.363640, best_S_strat=,1.000000, 
t=,4230000, id=,B00, PRDE,actvstrat=,-0.546817, actvprof=,0.000000, id=,B03, PRDE,actvstrat=,-0.877602, actvprof=,0.017081, id=,B05, PRDE,actvstrat=,-0.462516, actvprof=,0.833905, id=,B06, PRDE,actvstrat=,1.000000, actvprof=,4.070678, id=,B08, PRDE,actvstrat=,1.000000, actvprof=,7.274687, id=,S01, PRDE,actvstrat=,1.000000, actvprof=,3.246013, id=,S02, PRDE,actvstrat=,-1.000000, actvprof=,1.924030, id=,S07, PRDE,actvstrat=,-1.000000, actvprof=,0.000000, id=,S08, PRDE,actvstrat=,-1.000000, actvprof=,0.000000, id=,S09, PRDE,actvstrat=,1.000000, actvprof=,0.000000, best_B_id=,B08, best_B_prof=,7.274687, best_B_strat=,1.000000, best_S_id=,S01, best_S_prof=,3.246013, best_S_strat=,1.000000, 
t=,4233600, id=,B00, PRDE,actvstrat=,-0.546817, actvprof=,0.000000, id=,B03, PRDE,actvstrat=,-0.877602, actvprof=,0.018686, id=,B05, PRDE,actvstrat=,-0.462516, actvprof=,0.870572, id=,B06, PRDE,actvstrat=,1.000000, actvprof=,4.099482, id=,B08, PRDE,actvstrat=,1.000000, actvprof=,7.297435, id=,S01, PRDE,actvstrat=,1.000000, actvprof=,3.220543, id=,S02, PRDE,actvstrat=,-1.000000, actvprof=,1.882404, id=,S07, PRDE,actvstrat=,-1.000000, actvprof=,0.000000, id=,S08, PRDE,actvstrat=,-1.000000, actvprof=,0.000000, id=,S09, PRDE,actvstrat=,1.000000, actvprof=,0.000000, best_B_id=,B08, best_B_prof=,7.297435, best_B_strat=,1.000000, best_S_id=,S01, best_S_prof=,3.220543, best_S_strat=,1.000000, 
t=,4237200, id=,B00, PRDE,actvstrat=,-0.886704, actvprof=,0.000000, id=,B03, PRDE,actvstrat=,-1.000000, actvprof=,0.000000, id=,B05, PRDE,actvstrat=,0.268742, actvprof=,0.534032, id=,B06, PRDE,actvstrat=,1.000000, actvprof=,2.732326, id=,B08, PRDE,actvstrat=,-1.000000, actvprof=,5.890869, id=,S01, PRDE,actvstrat=,0.298318, actvprof=,1.832566, id=,S02, PRDE,actvstrat=,-1.000000, actvprof=,3.171705, id=,S07, PRDE,actvstrat=,1.000000, actvprof=,0.000000, id=,S08, PRDE,actvstrat=,-1.000000, actvprof=,0.000000, id=,S09, PRDE,actvstrat=,1.000000, actvprof=,0.000000, best_B_id=,B08, best_B_prof=,5.890869, best_B_strat=,-1.000000, best_S_id=,S02, best_S_prof=,3.171705, best_S_strat=,-1.000000, 
t=,4240800, id=,B00, PRDE,actvstrat=,-0.886704, actvprof=,0.000000, id=,B03, PRDE,actvstrat=,-1.000000, actvprof=,0.001116, id=,B05, PRDE,actvstrat=,0.268742, actvprof=,0.542466, id=,B06, PRDE,actvstrat=,1.000000, actvprof=,2.773412, id=,B08, PRDE,actvstrat=,-1.000000, actvprof=,5.836047, id=,S01, PRDE,actvstrat=,0.298318, actvprof=,1.836995, id=,S02, PRDE,actvstrat=,-1.000000, actvprof=,3.167084, id=,S07, PRDE,actvstrat=,1.000000, actvprof=,0.000000, id=,S08, PRDE,actvstrat=,-1.000000, actvprof=,0.000000, id=,S09, PRDE,actvstrat=,1.000000, actvprof=,0.000000, best_B_id=,B08, best_B_prof=,5.836047, best_B_strat=,-1.000000, best_S_id=,S02, best_S_prof=,3.167084, best_S_strat=,-1.000000, 
t=,4244400, id=,B00, PRDE,actvstrat=,-0.093633, actvprof=,0.000000, id=,B03, PRDE,actvstrat=,-0.938801, actvprof=,0.022403, id=,B05, PRDE,actvstrat=,-1.000000, actvprof=,1.265227, id=,B06, PRDE,actvstrat=,1.000000, actvprof=,2.628749, id=,B08, PRDE,actvstrat=,1.000000, actvprof=,6.086421, id=,S01, PRDE,actvstrat=,1.000000, actvprof=,4.932930, id=,S02, PRDE,actvstrat=,-1.000000, actvprof=,3.239239, id=,S07, PRDE,actvstrat=,-1.000000, actvprof=,0.002520, id=,S08, PRDE,actvstrat=,1.000000, actvprof=,0.000000, id=,S09, PRDE,actvstrat=,1.000000, actvprof=,0.000000, best_B_id=,B08, best_B_prof=,6.086421, best_B_strat=,1.000000, best_S_id=,S01, best_S_prof=,4.932930, best_S_strat=,1.000000, 
t=,4248000, id=,B00, PRDE,actvstrat=,-0.093633, actvprof=,0.000000, id=,B03, PRDE,actvstrat=,-0.938801, actvprof=,0.024125, id=,B05, PRDE,actvstrat=,-1.000000, actvprof=,1.304020, id=,B06, PRDE,actvstrat=,1.000000, actvprof=,2.737592, id=,B08, PRDE,actvstrat=,1.000000, actvprof=,6.108159, id=,S01, PRDE,actvstrat=,1.000000, actvprof=,4.830495, id=,S02, PRDE,actvstrat=,-1.000000, actvprof=,3.145491, id=,S07, PRDE,actvstrat=,-1.000000, actvprof=,0.001255, id=,S08, PRDE,actvstrat=,1.000000, actvprof=,0.000000, id=,S09, PRDE,actvstrat=,1.000000, actvprof=,0.000000, best_B_id=,B08, best_B_prof=,6.108159, best_B_strat=,1.000000, best_S_id=,S01, best_S_prof=,4.830495, best_S_strat=,1.000000, 
t=,4251600, id=,B00, PRDE,actvstrat=,-0.886704, actvprof=,0.000000, id=,B03, PRDE,actvstrat=,-0.938801, actvprof=,0.015963, id=,B05, PRDE,actvstrat=,1.000000, actvprof=,1.263285, id=,B06, PRDE,actvstrat=,0.476923, actvprof=,2.233082, id=,B08, PRDE,actvstrat=,-1.000000, actvprof=,5.884033, id=,S01, PRDE,actvstrat=,-1.000000, actvprof=,4.620749, id=,S02, PRDE,actvstrat=,1.000000, actvprof=,3.131747, id=,S07, PRDE,actvstrat=,-1.000000, actvprof=,0.000000, id=,S08, PRDE,actvstrat=,-1.000000, actvprof=,0.000000, id=,S09, PRDE,actvstrat=,1.000000, actvprof=,0.000000, best_B_id=,B08, best_B_prof=,5.884033, best_B_strat=,-1.000000, best_S_id=,S01, best_S_prof=,4.620749, best_S_strat=,-1.000000, 
t=,4255200, id=,B00, PRDE,actvstrat=,-0.886704, actvprof=,0.000000, id=,B03, PRDE,actvstrat=,-0.938801, actvprof=,0.017292, id=,B05, PRDE,actvstrat=,1.000000, actvprof=,1.182697, id=,B06, PRDE,actvstrat=,0.476923, actvprof=,2.178248, id=,B08, PRDE,actvstrat=,-1.000000, actvprof=,5.827023, id=,S01, PRDE,actvstrat=,-1.000000, actvprof=,4.601096, id=,S02, PRDE,actvstrat=,1.000000, actvprof=,3.199180, id=,S07, PRDE,actvstrat=,-1.000000, actvprof=,0.000000, id=,S08, PRDE,actvstrat=,-1.000000, actvprof=,0.000000, id=,S09, PRDE,actvstrat=,1.000000, actvprof=,0.000000, best_B_id=,B08, best_B_prof=,5.827023, best_B_strat=,-1.000000, best_S_id=,S01, best_S_prof=,4.601096, best_S_strat=,-1.000000, 
t=,4258800, id=,B00, PRDE,actvstrat=,-1.000000, actvprof=,0.000000, id=,B03, PRDE,actvstrat=,-1.000000, actvprof=,0.028285, id=,B05, PRDE,actvstrat=,-1.000000, actvprof=,1.197211, id=,B06, PRDE,actvstrat=,0.738462, actvprof=,2.373138, id=,B08, PRDE,actvstrat=,1.000000, actvprof=,6.007057, id=,S01, PRDE,actvstrat=,1.000000, actvprof=,4.908984, id=,S02, PRDE,actvstrat=,1.000000, actvprof=,3.322785, id=,S07, PRDE,actvstrat=,1.000000, actvprof=,0.001960, id=,S08, PRDE,actvstrat=,1.000000, actvprof=,0.000000, id=,S09, PRDE,actvstrat=,0.449990, actvprof=,0.000000, best_B_id=,B08, best_B_prof=,6.007057, best_B_strat=,1.000000, best_S_id=,S01, best_S_prof=,4.908984, best_S_strat=,1.000000, 
t=,4262400, id=,B00, PRDE,actvstrat=,-1.000000, actvprof=,0.000000, id=,B03, PRDE,actvstrat=,-1.000000, actvprof=,0.021476, id=,B05, PRDE,actvstrat=,-1.000000, actvprof=,1.193303, id=,B06, PRDE,actvstrat=,0.738462, actvprof=,2.351744, id=,B08, PRDE,actvstrat=,1.000000, actvprof=,5.935559, id=,S01, PRDE,actvstrat=,1.000000, actvprof=,5.025346, id=,S02, PRDE,actvstrat=,1.000000, actvprof=,3.341445, id=,S07, PRDE,actvstrat=,1.000000, actvprof=,0.003905, id=,S08, PRDE,actvstrat=,1.000000, actvprof=,0.000000, id=,S09, PRDE,actvstrat=,0.449990, actvprof=,0.000000, best_B_id=,B08, best_B_prof=,5.935559, best_B_strat=,1.000000, best_S_id=,S01, best_S_prof=,5.025346, best_S_strat=,1.000000, 
t=,4266000, id=,B00, PRDE,actvstrat=,-0.773408, actvprof=,0.000000, id=,B03, PRDE,actvstrat=,-1.000000, actvprof=,0.016803, id=,B05, PRDE,actvstrat=,0.268742, actvprof=,0.972051, id=,B06, PRDE,actvstrat=,1.000000, actvprof=,3.281057, id=,B08, PRDE,actvstrat=,1.000000, actvprof=,6.716702, id=,S01, PRDE,actvstrat=,1.000000, actvprof=,4.200459, id=,S02, PRDE,actvstrat=,-1.000000, actvprof=,2.520164, id=,S07, PRDE,actvstrat=,1.000000, actvprof=,0.000000, id=,S08, PRDE,actvstrat=,1.000000, actvprof=,0.000000, id=,S09, PRDE,actvstrat=,1.000000, actvprof=,0.000000, best_B_id=,B08, best_B_prof=,6.716702, best_B_strat=,1.000000, best_S_id=,S01, best_S_prof=,4.200459, best_S_strat=,1.000000, 
t=,4269600, id=,B00, PRDE,actvstrat=,-0.773408, actvprof=,0.000000, id=,B03, PRDE,actvstrat=,-1.000000, actvprof=,0.017292, id=,B05, PRDE,actvstrat=,0.268742, actvprof=,0.958192, id=,B06, PRDE,actvstrat=,1.000000, actvprof=,3.264350, id=,B08, PRDE,actvstrat=,1.000000, actvprof=,6.643471, id=,S01, PRDE,actvstrat=,1.000000, actvprof=,4.216266, id=,S02, PRDE,actvstrat=,-1.000000, actvprof=,2.580465, id=,S07, PRDE,actvstrat=,1.000000, actvprof=,0.002231, id=,S08, PRDE,actvstrat=,1.000000, actvprof=,0.000000, id=,S09, PRDE,actvstrat=,1.000000, actvprof=,0.000000, best_B_id=,B08, best_B_prof=,6.643471, best_B_strat=,1.000000, best_S_id=,S01, best_S_prof=,4.216266, best_S_strat=,1.000000, 
t=,4273200, id=,B00, PRDE,actvstrat=,1.000000, actvprof=,0.000000, id=,B03, PRDE,actvstrat=,-0.755205, actvprof=,0.000000, id=,B05, PRDE,actvstrat=,-1.000000, actvprof=,1.501001, id=,B06, PRDE,actvstrat=,0.476923, actvprof=,2.412803, id=,B08, PRDE,actvstrat=,1.000000, actvprof=,6.473627, id=,S01, PRDE,actvstrat=,-1.000000, actvprof=,4.319019, id=,S02, PRDE,actvstrat=,-1.000000, actvprof=,2.823898, id=,S07, PRDE,actvstrat=,1.000000, actvprof=,0.000280, id=,S08, PRDE,actvstrat=,-1.000000, actvprof=,0.000000, id=,S09, PRDE,actvstrat=,-0.375025, actvprof=,0.000000, best_B_id=,B08, best_B_prof=,6.473627, best_B_strat=,1.000000, best_S_id=,S01, best_S_prof=,4.319019, best_S_strat=,-1.000000, 
t=,4276800, id=,B00, PRDE,actvstrat=,1.000000, actvprof=,0.000000, id=,B03, PRDE,actvstrat=,-0.755205, actvprof=,0.000000, id=,B05, PRDE,actvstrat=,-1.000000, actvprof=,1.514636, id=,B06, PRDE,actvstrat=,0.476923, actvprof=,2.458756, id=,B08, PRDE,actvstrat=,1.000000, actvprof=,6.518889, id=,S01, PRDE,actvstrat=,-1.000000, actvprof=,4.358431, id=,S02, PRDE,actvstrat=,-1.000000, actvprof=,2.779087, id=,S07, PRDE,actvstrat=,1.000000, actvprof=,0.000139, id=,S08, PRDE,actvstrat=,-1.000000, actvprof=,0.000000, id=,S09, PRDE,actvstrat=,-0.375025, actvprof=,0.000000, best_B_id=,B08, best_B_prof=,6.518889, best_B_strat=,1.000000, best_S_id=,S01, best_S_prof=,4.358431, best_S_strat=,-1.000000, 
t=,4280400, id=,B00, PRDE,actvstrat=,-0.886704, actvprof=,0.000000, id=,B03, PRDE,actvstrat=,-0.877602, actvprof=,0.004201, id=,B05, PRDE,actvstrat=,-1.000000, actvprof=,1.365018, id=,B06, PRDE,actvstrat=,1.000000, actvprof=,2.839819, id=,B08, PRDE,actvstrat=,1.000000, actvprof=,6.163864, id=,S01, PRDE,actvstrat=,-1.000000, actvprof=,4.513744, id=,S02, PRDE,actvstrat=,1.000000, actvprof=,3.037542, id=,S07, PRDE,actvstrat=,-1.000000, actvprof=,0.001680, id=,S08, PRDE,actvstrat=,-1.000000, actvprof=,0.000000, id=,S09, PRDE,actvstrat=,0.449990, actvprof=,0.000000, best_B_id=,B08, best_B_prof=,6.163864, best_B_strat=,1.000000, best_S_id=,S01, best_S_prof=,4.513744, best_S_strat=,-1.000000, 
t=,4284000, id=,B00, PRDE,actvstrat=,-0.886704, actvprof=,0.000000, id=,B03, PRDE,actvstrat=,-0.877602, actvprof=,0.005718, id=,B05, PRDE,actvstrat=,-1.000000, actvprof=,1.398479, id=,B06, PRDE,actvstrat=,1.000000, actvprof=,2.840886, id=,B08, PRDE,actvstrat=,1.000000, actvprof=,6.216452, id=,S01, PRDE,actvstrat=,-1.000000, actvprof=,4.599165, id=,S02, PRDE,actvstrat=,1.000000, actvprof=,3.044215, id=,S07, PRDE,actvstrat=,-1.000000, actvprof=,0.000837, id=,S08, PRDE,actvstrat=,-1.000000, actvprof=,0.000000, id=,S09, PRDE,actvstrat=,0.449990, actvprof=,0.000000, best_B_id=,B08, best_B_prof=,6.216452, best_B_strat=,1.000000, best_S_id=,S01, best_S_prof=,4.599165, best_S_strat=,-1.000000, 
t=,4287600, id=,B00, PRDE,actvstrat=,-1.000000, actvprof=,0.000000, id=,B03, PRDE,actvstrat=,-1.000000, actvprof=,0.006441, id=,B05, PRDE,actvstrat=,1.000000, actvprof=,1.140425, id=,B06, PRDE,actvstrat=,0.738462, actvprof=,2.514423, id=,B08, PRDE,actvstrat=,1.000000, actvprof=,6.179074, id=,S01, PRDE,actvstrat=,-1.000000, actvprof=,4.503725, id=,S02, PRDE,actvstrat=,1.000000, actvprof=,3.080715, id=,S07, PRDE,actvstrat=,-1.000000, actvprof=,0.000000, id=,S08, PRDE,actvstrat=,1.000000, actvprof=,0.000000, id=,S09, PRDE,actvstrat=,1.000000, actvprof=,0.000000, best_B_id=,B08, best_B_prof=,6.179074, best_B_strat=,1.000000, best_S_id=,S01, best_S_prof=,4.503725, best_S_strat=,-1.000000, 
t=,4291200, id=,B00, PRDE,actvstrat=,-1.000000, actvprof=,0.000000, id=,B03, PRDE,actvstrat=,-1.000000, actvprof=,0.007531, id=,B05, PRDE,actvstrat=,1.000000, actvprof=,1.141048, id=,B06, PRDE,actvstrat=,0.738462, actvprof=,2.505788, id=,B08, PRDE,actvstrat=,1.000000, actvprof=,6.109670, id=,S01, PRDE,actvstrat=,-1.000000, actvprof=,4.632248, id=,S02, PRDE,actvstrat=,1.000000, actvprof=,3.115081, id=,S07, PRDE,actvstrat=,-1.000000, actvprof=,0.000000, id=,S08, PRDE,actvstrat=,1.000000, actvprof=,0.000000, id=,S09, PRDE,actvstrat=,1.000000, actvprof=,0.000000, best_B_id=,B08, best_B_prof=,6.109670, best_B_strat=,1.000000, best_S_id=,S01, best_S_prof=,4.632248, best_S_strat=,-1.000000, 
t=,4294800, id=,B00, PRDE,actvstrat=,-1.000000, actvprof=,0.000000, id=,B03, PRDE,actvstrat=,-1.000000, actvprof=,0.001680, id=,B05, PRDE,actvstrat=,-1.000000, actvprof=,1.311021, id=,B06, PRDE,actvstrat=,1.000000, actvprof=,2.895673, id=,B08, PRDE,actvstrat=,1.000000, actvprof=,6.278953, id=,S01, PRDE,actvstrat=,-1.000000, actvprof=,4.661252, id=,S02, PRDE,actvstrat=,-1.000000, actvprof=,3.240443, id=,S07, PRDE,actvstrat=,-1.000000, actvprof=,0.002241, id=,S08, PRDE,actvstrat=,-1.000000, actvprof=,0.000000, id=,S09, PRDE,actvstrat=,1.000000, actvprof=,0.000000, best_B_id=,B08, best_B_prof=,6.278953, best_B_strat=,1.000000, best_S_id=,S01, best_S_prof=,4.661252, best_S_strat=,-1.000000, 
t=,4298400, id=,B00, PRDE,actvstrat=,-1.000000, actvprof=,0.000000, id=,B03, PRDE,actvstrat=,-1.000000, actvprof=,0.000976, id=,B05, PRDE,actvstrat=,-1.000000, actvprof=,1.272296, id=,B06, PRDE,actvstrat=,1.000000, actvprof=,2.850429, id=,B08, PRDE,actvstrat=,1.000000, actvprof=,6.247960, id=,S01, PRDE,actvstrat=,-1.000000, actvprof=,4.653929, id=,S02, PRDE,actvstrat=,-1.000000, actvprof=,3.254445, id=,S07, PRDE,actvstrat=,-1.000000, actvprof=,0.001255, id=,S08, PRDE,actvstrat=,-1.000000, actvprof=,0.000000, id=,S09, PRDE,actvstrat=,1.000000, actvprof=,0.000000, best_B_id=,B08, best_B_prof=,6.247960, best_B_strat=,1.000000, best_S_id=,S01, best_S_prof=,4.653929, best_S_strat=,-1.000000, 
t=,4302000, id=,B00, PRDE,actvstrat=,0.812734, actvprof=,0.000000, id=,B03, PRDE,actvstrat=,-1.000000, actvprof=,0.002241, id=,B05, PRDE,actvstrat=,1.000000, actvprof=,0.918932, id=,B06, PRDE,actvstrat=,1.000000, actvprof=,2.460474, id=,B08, PRDE,actvstrat=,-1.000000, actvprof=,5.590332, id=,S01, PRDE,actvstrat=,1.000000, actvprof=,5.303533, id=,S02, PRDE,actvstrat=,-1.000000, actvprof=,3.426179, id=,S07, PRDE,actvstrat=,1.000000, actvprof=,0.000000, id=,S08, PRDE,actvstrat=,1.000000, actvprof=,0.000000, id=,S09, PRDE,actvstrat=,-1.000000, actvprof=,0.000000, best_B_id=,B08, best_B_prof=,5.590332, best_B_strat=,-1.000000, best_S_id=,S01, best_S_prof=,5.303533, best_S_strat=,1.000000, 
t=,4305600, id=,B00, PRDE,actvstrat=,0.812734, actvprof=,0.000000, id=,B03, PRDE,actvstrat=,-1.000000, actvprof=,0.002092, id=,B05, PRDE,actvstrat=,1.000000, actvprof=,1.012768, id=,B06, PRDE,actvstrat=,1.000000, actvprof=,2.572502, id=,B08, PRDE,actvstrat=,-1.000000, actvprof=,5.626425, id=,S01, PRDE,actvstrat=,1.000000, actvprof=,5.187262, id=,S02, PRDE,actvstrat=,-1.000000, actvprof=,3.361156, id=,S07, PRDE,actvstrat=,1.000000, actvprof=,0.000000, id=,S08, PRDE,actvstrat=,1.000000, actvprof=,0.000000, id=,S09, PRDE,actvstrat=,-1.000000, actvprof=,0.000000, best_B_id=,B08, best_B_prof=,5.626425, best_B_strat=,-1.000000, best_S_id=,S01, best_S_prof=,5.187262, best_S_strat=,1.000000, 
t=,4309200, id=,B00, PRDE,actvstrat=,1.000000, actvprof=,0.000000, id=,B03, PRDE,actvstrat=,-1.000000, actvprof=,0.000280, id=,B05, PRDE,actvstrat=,-1.000000, actvprof=,1.351669, id=,B06, PRDE,actvstrat=,1.000000, actvprof=,3.035234, id=,B08, PRDE,actvstrat=,1.000000, actvprof=,6.377437, id=,S01, PRDE,actvstrat=,-1.000000, actvprof=,4.484652, id=,S02, PRDE,actvstrat=,-1.000000, actvprof=,2.976697, id=,S07, PRDE,actvstrat=,-1.000000, actvprof=,0.000000, id=,S08, PRDE,actvstrat=,1.000000, actvprof=,0.000000, id=,S09, PRDE,actvstrat=,0.724995, actvprof=,0.000000, best_B_id=,B08, best_B_prof=,6.377437, best_B_strat=,1.000000, best_S_id=,S01, best_S_prof=,4.484652, best_S_strat=,-1.000000, 
t=,4312800, id=,B00, PRDE,actvstrat=,1.000000, actvprof=,0.000000, id=,B03, PRDE,actvstrat=,-1.000000, actvprof=,0.000976, id=,B05, PRDE,actvstrat=,-1.000000, actvprof=,1.355424, id=,B06, PRDE,actvstrat=,1.000000, actvprof=,2.999533, id=,B08, PRDE,actvstrat=,1.000000, actvprof=,6.301697, id=,S01, PRDE,actvstrat=,-1.000000, actvprof=,4.561638, id=,S02, PRDE,actvstrat=,-1.000000, actvprof=,3.025473, id=,S07, PRDE,actvstrat=,-1.000000, actvprof=,0.000000, id=,S08, PRDE,actvstrat=,1.000000, actvprof=,0.000000, id=,S09, PRDE,actvstrat=,0.724995, actvprof=,0.000000, best_B_id=,B08, best_B_prof=,6.301697, best_B_strat=,1.000000, best_S_id=,S01, best_S_prof=,4.561638, best_S_strat=,-1.000000, 
t=,4316400, id=,B00, PRDE,actvstrat=,-1.000000, actvprof=,0.000000, id=,B03, PRDE,actvstrat=,-0.938801, actvprof=,0.000000, id=,B05, PRDE,actvstrat=,-0.462516, actvprof=,1.018388, id=,B06, PRDE,actvstrat=,1.000000, actvprof=,4.533449, id=,B08, PRDE,actvstrat=,-0.847726, actvprof=,4.362598, id=,S01, PRDE,actvstrat=,-1.000000, actvprof=,2.750431, id=,S02, PRDE,actvstrat=,-1.000000, actvprof=,1.451678, id=,S07, PRDE,actvstrat=,1.000000, actvprof=,0.000000, id=,S08, PRDE,actvstrat=,-1.000000, actvprof=,0.000000, id=,S09, PRDE,actvstrat=,0.724995, actvprof=,0.000000, best_B_id=,B06, best_B_prof=,4.533449, best_B_strat=,1.000000, best_S_id=,S01, best_S_prof=,2.750431, best_S_strat=,-1.000000, 
