Trd, 4317958.543, 137
Trd, 4317960.343, 140
Trd, 4317961.993, 140
Trd, 4317963.343, 140
Trd, 4317964.143, 140
Trd, 4317964.893, 140
Trd, 4317965.643, 139
Trd, 4317965.743, 138
Trd, 4317966.943, 140
Trd, 4317967.593, 87
Trd, 4317970.693, 140
Trd, 4317970.743, 140
Trd, 4317971.143, 140
Trd, 4317972.043, 140
Trd, 4317972.943, 140
Trd, 4317973.543, 119
Trd, 4317973.993, 140
Trd, 4317974.293, 129
Trd, 4317974.543, 97
Trd, 4317976.093, 140
Trd, 4317976.843, 139
Trd, 4317979.243, 140
Trd, 4317979.893, 140
Trd, 4317979.943, 139
Trd, 4317980.493, 111
Trd, 4317981.643, 139
Trd, 4317982.693, 121
Trd, 4317983.093, 124
Trd, 4317983.893, 131
Trd, 4317984.443, 121
Trd, 4317984.743, 126
Trd, 4317985.093, 120
Trd, 4317985.743, 116
Trd, 4317986.193, 62
Trd, 4317986.293, 72
Trd, 4317989.793, 140
Trd, 4317989.993, 140
Trd, 4317990.043, 140
Trd, 4317990.743, 140
Trd, 4317990.843, 140
Trd, 4317992.543, 128
Trd, 4317994.693, 140
Trd, 4317995.043, 139
Trd, 4317996.893, 139
Trd, 4317997.443, 140
Trd, 4317997.543, 139
Trd, 4317997.743, 107
Trd, 4317998.143, 108
Trd, 4318001.043, 140
Trd, 4318001.093, 140
Trd, 4318001.843, 140
Trd, 4318002.993, 139
Trd, 4318004.043, 140
Trd, 4318004.793, 140
Trd, 4318004.893, 139
Trd, 4318005.793, 132
Trd, 4318005.993, 106
Trd, 4318008.693, 140
Trd, 4318009.193, 140
Trd, 4318009.443, 140
Trd, 4318010.543, 140
Trd, 4318010.643, 134
Trd, 4318012.643, 140
Trd, 4318014.493, 138
Trd, 4318015.293, 137
Trd, 4318016.943, 140
Trd, 4318017.043, 140
Trd, 4318019.293, 140
Trd, 4318021.593, 140
Trd, 4318021.743, 140
Trd, 4318021.943, 140
Trd, 4318022.243, 140
Trd, 4318023.593, 140
Trd, 4318025.293, 140
Trd, 4318025.493, 140
Trd, 4318025.893, 140
Trd, 4318030.093, 140
Trd, 4318030.443, 137
Trd, 4318030.693, 139
Trd, 4318031.643, 140
Trd, 4318032.143, 140
Trd, 4318032.543, 140
Trd, 4318032.893, 110
Trd, 4318034.243, 140
Trd, 4318035.043, 140
Trd, 4318037.243, 140
Trd, 4318037.593, 140
Trd, 4318039.093, 140
Trd, 4318040.443, 140
Trd, 4318040.743, 138
Trd, 4318042.843, 140
Trd, 4318044.143, 140
Trd, 4318045.543, 140
Trd, 4318045.793, 140
Trd, 4318046.093, 138
Trd, 4318046.443, 140
Trd, 4318046.993, 106
Trd, 4318048.043, 139
Trd, 4318048.943, 76
Trd, 4318049.743, 131
Trd, 4318054.193, 140
Trd, 4318054.493, 140
Trd, 4318055.293, 140
Trd, 4318056.243, 140
Trd, 4318057.643, 140
Trd, 4318059.193, 140
Trd, 4318059.643, 140
Trd, 4318059.743, 140
Trd, 4318059.843, 138
Trd, 4318060.893, 140
Trd, 4318061.693, 94
Trd, 4318062.093, 139
Trd, 4318062.693, 122
Trd, 4318064.693, 140
Trd, 4318065.543, 140
Trd, 4318067.393, 140
Trd, 4318069.243, 140
Trd, 4318070.293, 140
Trd, 4318070.543, 140
Trd, 4318072.393, 140
Trd, 4318073.293, 140
Trd, 4318075.793, 140
Trd, 4318076.943, 140
Trd, 4318077.643, 140
Trd, 4318078.193, 140
Trd, 4318079.143, 139
Trd, 4318080.543, 140
Trd, 4318082.743, 140
Trd, 4318082.993, 139
Trd, 4318084.393, 140
Trd, 4318084.493, 139
Trd, 4318085.343, 140
Trd, 4318085.543, 106
Trd, 4318087.293, 125
Trd, 4318087.343, 140
Trd, 4318088.293, 125
Trd, 4318088.893, 118
Trd, 4318090.593, 125
Trd, 4318092.143, 119
Trd, 4318092.293, 118
Trd, 4318092.693, 115
Trd, 4318092.793, 104
Trd, 4318093.043, 118
Trd, 4318096.593, 140
Trd, 4318096.843, 140
Trd, 4318098.243, 140
Trd, 4318099.293, 140
Trd, 4318100.593, 140
Trd, 4318101.743, 140
Trd, 4318102.243, 140
Trd, 4318102.943, 140
Trd, 4318103.893, 140
Trd, 4318104.193, 139
Trd, 4318105.493, 140
Trd, 4318105.643, 89
Trd, 4318105.893, 88
Trd, 4318109.693, 140
Trd, 4318110.593, 140
Trd, 4318111.443, 140
Trd, 4318112.343, 140
Trd, 4318113.293, 140
Trd, 4318114.393, 140
Trd, 4318115.243, 139
Trd, 4318115.843, 140
Trd, 4318117.393, 140
Trd, 4318117.743, 140
Trd, 4318117.793, 140
Trd, 4318119.943, 140
Trd, 4318121.043, 140
Trd, 4318122.193, 140
Trd, 4318122.293, 140
Trd, 4318122.593, 116
Trd, 4318125.493, 140
Trd, 4318126.693, 140
Trd, 4318126.993, 140
Trd, 4318128.543, 140
Trd, 4318130.043, 140
Trd, 4318131.793, 140
Trd, 4318134.593, 140
Trd, 4318134.943, 140
Trd, 4318136.493, 140
Trd, 4318137.043, 140
Trd, 4318137.943, 140
Trd, 4318138.143, 140
Trd, 4318139.543, 140
Trd, 4318142.493, 140
Trd, 4318142.543, 140
Trd, 4318143.093, 140
Trd, 4318144.243, 140
Trd, 4318144.343, 140
Trd, 4318144.393, 139
Trd, 4318144.593, 135
Trd, 4318144.743, 109
Trd, 4318145.843, 140
Trd, 4318148.593, 140
Trd, 4318150.493, 140
Trd, 4318151.093, 140
Trd, 4318151.993, 140
Trd, 4318152.993, 140
Trd, 4318154.393, 140
Trd, 4318155.143, 140
Trd, 4318155.843, 140
Trd, 4318157.293, 140
Trd, 4318158.143, 140
Trd, 4318159.093, 140
Trd, 4318159.193, 140
Trd, 4318159.793, 139
Trd, 4318160.843, 139
Trd, 4318162.243, 140
Trd, 4318163.293, 140
Trd, 4318167.293, 140
Trd, 4318168.293, 140
Trd, 4318169.243, 140
Trd, 4318170.193, 140
Trd, 4318171.293, 140
Trd, 4318172.643, 139
Trd, 4318174.343, 139
Trd, 4318175.043, 108
Trd, 4318175.743, 136
Trd, 4318176.243, 139
Trd, 4318176.543, 125
Trd, 4318177.993, 102
Trd, 4318179.293, 107
Trd, 4318180.193, 112
Trd, 4318180.793, 83
Trd, 4318181.893, 81
Trd, 4318182.493, 63
Trd, 4318184.243, 86
Trd, 4318184.443, 130
Trd, 4318186.043, 140
Trd, 4318190.943, 140
Trd, 4318191.043, 140
Trd, 4318193.043, 140
Trd, 4318193.093, 140
Trd, 4318193.243, 139
Trd, 4318193.693, 135
Trd, 4318195.393, 140
Trd, 4318196.193, 140
Trd, 4318196.243, 138
Trd, 4318198.643, 140
Trd, 4318199.693, 140
Trd, 4318200.643, 140
Trd, 4318200.943, 140
Trd, 4318201.743, 140
Trd, 4318203.593, 140
Trd, 4318205.643, 140
Trd, 4318206.093, 140
Trd, 4318206.193, 140
Trd, 4318210.843, 140
Trd, 4318211.443, 140
Trd, 4318212.693, 140
Trd, 4318213.593, 140
Trd, 4318213.943, 140
Trd, 4318214.393, 139
Trd, 4318216.193, 140
Trd, 4318217.643, 140
Trd, 4318219.743, 140
Trd, 4318220.443, 140
Trd, 4318222.143, 140
Trd, 4318223.243, 140
Trd, 4318225.493, 140
Trd, 4318226.093, 140
Trd, 4318227.443, 140
Trd, 4318228.243, 139
Trd, 4318228.393, 139
Trd, 4318228.843, 119
Trd, 4318230.793, 140
Trd, 4318231.393, 140
Trd, 4318234.893, 140
Trd, 4318235.393, 140
Trd, 4318235.443, 140
Trd, 4318235.743, 139
Trd, 4318236.043, 139
Trd, 4318238.243, 139
Trd, 4318239.343, 135
Trd, 4318239.443, 134
Trd, 4318241.293, 139
Trd, 4318241.343, 138
Trd, 4318241.643, 111
Trd, 4318243.593, 140
Trd, 4318244.143, 140
Trd, 4318246.893, 140
Trd, 4318247.393, 140
Trd, 4318248.793, 140
Trd, 4318249.043, 140
Trd, 4318251.243, 140
Trd, 4318251.393, 140
Trd, 4318251.843, 140
Trd, 4318252.093, 140
Trd, 4318253.093, 140
Trd, 4318253.843, 139
Trd, 4318254.093, 131
Trd, 4318255.843, 139
Trd, 4318259.643, 140
Trd, 4318260.793, 140
Trd, 4318261.543, 140
Trd, 4318262.243, 140
Trd, 4318262.593, 140
Trd, 4318264.643, 140
Trd, 4318264.743, 140
Trd, 4318266.043, 139
Trd, 4318266.143, 139
Trd, 4318266.893, 140
Trd, 4318268.893, 140
Trd, 4318269.993, 140
Trd, 4318271.693, 140
Trd, 4318273.043, 140
Trd, 4318274.343, 140
Trd, 4318275.643, 140
Trd, 4318276.293, 140
Trd, 4318277.043, 140
Trd, 4318277.543, 140
Trd, 4318278.093, 140
Trd, 4318281.843, 140
Trd, 4318283.243, 140
Trd, 4318283.293, 140
Trd, 4318285.193, 140
Trd, 4318286.693, 140
Trd, 4318286.943, 139
Trd, 4318291.243, 140
Trd, 4318291.343, 140
Trd, 4318292.043, 139
Trd, 4318292.743, 140
Trd, 4318292.993, 140
Trd, 4318293.643, 138
Trd, 4318295.143, 140
Trd, 4318297.843, 140
Trd, 4318298.793, 140
Trd, 4318299.043, 118
Trd, 4318299.993, 135
Trd, 4318300.143, 109
Trd, 4318302.293, 140
Trd, 4318302.893, 140
Trd, 4318304.593, 140
Trd, 4318305.643, 140
Trd, 4318306.193, 140
Trd, 4318306.493, 140
Trd, 4318306.593, 140
Trd, 4318308.243, 129
Trd, 4318309.093, 95
Trd, 4318309.443, 140
Trd, 4318309.643, 85
Trd, 4318314.743, 140
Trd, 4318315.493, 140
Trd, 4318316.793, 140
Trd, 4318317.543, 140
Trd, 4318318.193, 140
Trd, 4318318.493, 139
Trd, 4318320.143, 140
Trd, 4318320.243, 140
Trd, 4318323.093, 140
Trd, 4318324.593, 140
Trd, 4318325.943, 140
Trd, 4318326.443, 140
Trd, 4318326.893, 140
Trd, 4318328.393, 140
Trd, 4318328.543, 140
Trd, 4318328.943, 138
Trd, 4318329.543, 140
Trd, 4318331.843, 140
Trd, 4318334.343, 140
Trd, 4318335.043, 140
Trd, 4318335.193, 139
Trd, 4318335.843, 140
Trd, 4318339.393, 140
Trd, 4318339.543, 137
Trd, 4318341.593, 140
Trd, 4318342.143, 140
Trd, 4318342.893, 140
Trd, 4318344.393, 140
Trd, 4318344.643, 140
Trd, 4318345.243, 140
Trd, 4318345.743, 138
Trd, 4318345.993, 140
Trd, 4318346.593, 114
Trd, 4318348.143, 131
Trd, 4318348.543, 139
Trd, 4318350.493, 137
Trd, 4318351.043, 138
Trd, 4318351.543, 86
Trd, 4318353.143, 140
Trd, 4318355.043, 140
Trd, 4318357.593, 140
Trd, 4318358.793, 140
Trd, 4318359.443, 140
Trd, 4318360.643, 140
Trd, 4318360.693, 140
Trd, 4318361.843, 140
Trd, 4318362.093, 132
Trd, 4318364.893, 140
Trd, 4318365.543, 140
Trd, 4318368.493, 140
Trd, 4318370.393, 140
Trd, 4318370.443, 140
Trd, 4318370.543, 140
Trd, 4318371.643, 140
Trd, 4318373.143, 140
Trd, 4318374.743, 140
Trd, 4318375.143, 140
Trd, 4318376.493, 140
Trd, 4318377.193, 139
Trd, 4318378.893, 140
Trd, 4318379.543, 140
Trd, 4318380.393, 140
Trd, 4318381.093, 140
Trd, 4318383.043, 138
Trd, 4318383.443, 138
Trd, 4318384.493, 116
Trd, 4318384.793, 115
Trd, 4318385.093, 115
Trd, 4318386.343, 140
Trd, 4318387.043, 140
Trd, 4318389.043, 140
Trd, 4318389.793, 140
Trd, 4318390.343, 140
Trd, 4318390.993, 139
Trd, 4318392.843, 140
Trd, 4318394.943, 140
Trd, 4318395.193, 140
Trd, 4318396.643, 139
Trd, 4318397.293, 140
Trd, 4318397.643, 131
Trd, 4318399.293, 140
Trd, 4318399.393, 140
Trd, 4318400.193, 133
Trd, 4318400.593, 132
Trd, 4318402.493, 140
Trd, 4318402.643, 140
Trd, 4318402.693, 139
Trd, 4318405.643, 140
Trd, 4318406.943, 140
Trd, 4318408.993, 140
Trd, 4318409.993, 140
Trd, 4318410.193, 140
Trd, 4318410.493, 140
Trd, 4318410.893, 136
Trd, 4318412.493, 140
Trd, 4318412.643, 122
Trd, 4318413.893, 140
Trd, 4318415.643, 140
Trd, 4318415.743, 140
Trd, 4318416.593, 140
Trd, 4318417.743, 140
Trd, 4318419.293, 140
Trd, 4318419.793, 140
Trd, 4318420.343, 140
Trd, 4318420.593, 139
Trd, 4318422.343, 140
Trd, 4318423.243, 140
Trd, 4318423.943, 140
Trd, 4318423.993, 140
Trd, 4318424.593, 140
Trd, 4318425.443, 140
Trd, 4318427.443, 140
Trd, 4318427.793, 140
Trd, 4318428.643, 140
Trd, 4318430.993, 140
Trd, 4318431.643, 140
Trd, 4318431.993, 140
Trd, 4318432.343, 85
Trd, 4318432.593, 86
Trd, 4318433.593, 60
Trd, 4318434.743, 60
Trd, 4318434.893, 61
Trd, 4318435.143, 62
Trd, 4318437.193, 140
Trd, 4318437.393, 140
Trd, 4318440.493, 140
Trd, 4318440.543, 140
Trd, 4318442.243, 140
Trd, 4318443.093, 140
Trd, 4318443.593, 139
Trd, 4318443.643, 138
Trd, 4318445.493, 140
Trd, 4318448.843, 140
Trd, 4318449.193, 140
Trd, 4318450.343, 140
Trd, 4318450.443, 140
Trd, 4318451.843, 139
Trd, 4318452.393, 140
Trd, 4318455.143, 140
Trd, 4318455.993, 140
Trd, 4318456.843, 140
Trd, 4318457.193, 140
Trd, 4318457.293, 138
Trd, 4318457.943, 140
Trd, 4318460.543, 140
Trd, 4318461.493, 140
Trd, 4318462.493, 140
Trd, 4318464.493, 140
Trd, 4318465.343, 140
Trd, 4318466.493, 140
Trd, 4318468.943, 140
Trd, 4318469.693, 140
Trd, 4318471.543, 140
Trd, 4318472.093, 140
Trd, 4318472.543, 140
Trd, 4318472.593, 139
Trd, 4318475.043, 140
Trd, 4318475.543, 140
Trd, 4318476.043, 140
Trd, 4318476.393, 140
Trd, 4318478.193, 140
Trd, 4318478.743, 140
Trd, 4318480.743, 140
Trd, 4318483.543, 140
Trd, 4318486.093, 140
Trd, 4318486.193, 140
Trd, 4318486.893, 140
Trd, 4318487.643, 140
Trd, 4318487.943, 140
Trd, 4318488.093, 140
Trd, 4318491.443, 140
Trd, 4318492.593, 140
Trd, 4318493.393, 140
Trd, 4318493.843, 140
Trd, 4318494.193, 140
Trd, 4318497.293, 140
Trd, 4318497.693, 140
Trd, 4318498.193, 140
Trd, 4318498.843, 140
Trd, 4318499.743, 139
Trd, 4318500.143, 138
Trd, 4318500.893, 139
Trd, 4318502.593, 139
Trd, 4318502.993, 138
Trd, 4318504.393, 121
Trd, 4318505.643, 140
Trd, 4318507.143, 140
Trd, 4318507.393, 132
Trd, 4318508.843, 140
Trd, 4318509.093, 121
Trd, 4318510.443, 140
Trd, 4318512.893, 140
Trd, 4318512.993, 140
Trd, 4318513.293, 113
Trd, 4318515.293, 140
Trd, 4318515.343, 140
Trd, 4318516.643, 140
Trd, 4318518.143, 140
Trd, 4318519.843, 140
Trd, 4318520.693, 140
Trd, 4318520.943, 140
Trd, 4318522.193, 140
Trd, 4318523.893, 140
Trd, 4318523.943, 140
Trd, 4318525.193, 140
Trd, 4318526.443, 140
Trd, 4318526.843, 140
Trd, 4318527.293, 140
Trd, 4318528.143, 140
Trd, 4318528.543, 137
Trd, 4318528.843, 128
Trd, 4318531.543, 140
Trd, 4318531.743, 140
Trd, 4318531.793, 140
Trd, 4318533.893, 140
Trd, 4318534.743, 140
Trd, 4318535.693, 140
Trd, 4318536.393, 140
Trd, 4318538.693, 140
Trd, 4318539.793, 140
Trd, 4318539.943, 140
Trd, 4318540.843, 140
Trd, 4318541.493, 140
Trd, 4318542.043, 140
Trd, 4318544.043, 140
Trd, 4318545.543, 140
Trd, 4318545.893, 139
Trd, 4318548.193, 140
Trd, 4318548.943, 140
Trd, 4318549.443, 140
Trd, 4318550.093, 140
Trd, 4318552.543, 140
Trd, 4318554.243, 140
Trd, 4318554.943, 140
Trd, 4318556.743, 140
Trd, 4318557.043, 140
Trd, 4318558.593, 140
Trd, 4318559.393, 140
Trd, 4318559.493, 139
Trd, 4318560.893, 140
Trd, 4318561.543, 126
Trd, 4318562.893, 140
Trd, 4318564.093, 140
Trd, 4318564.793, 140
Trd, 4318566.793, 140
Trd, 4318568.293, 140
Trd, 4318568.343, 140
Trd, 4318569.393, 140
Trd, 4318569.793, 140
Trd, 4318572.993, 140
Trd, 4318573.543, 140
Trd, 4318573.593, 137
Trd, 4318574.493, 140
Trd, 4318577.343, 140
Trd, 4318578.243, 140
Trd, 4318578.843, 140
Trd, 4318579.243, 140
Trd, 4318579.643, 140
Trd, 4318580.943, 140
Trd, 4318581.143, 140
Trd, 4318584.093, 138
Trd, 4318584.693, 117
Trd, 4318584.993, 116
Trd, 4318587.093, 140
Trd, 4318588.293, 140
Trd, 4318588.643, 140
Trd, 4318589.093, 140
Trd, 4318591.393, 140
Trd, 4318592.943, 140
Trd, 4318593.193, 140
Trd, 4318593.293, 140
Trd, 4318593.743, 139
Trd, 4318596.593, 139
Trd, 4318596.893, 138
Trd, 4318600.043, 140
Trd, 4318601.293, 140
Trd, 4318601.893, 140
Trd, 4318602.443, 140
Trd, 4318603.693, 139
Trd, 4318606.943, 140
Trd, 4318607.393, 140
Trd, 4318607.443, 140
Trd, 4318607.793, 138
Trd, 4318611.093, 140
Trd, 4318612.493, 140
Trd, 4318613.043, 140
Trd, 4318613.443, 138
Trd, 4318614.293, 140
Trd, 4318614.643, 139
Trd, 4318615.543, 140
Trd, 4318615.993, 139
Trd, 4318617.193, 111
Trd, 4318618.293, 137
Trd, 4318618.593, 133
Trd, 4318619.243, 138
Trd, 4318619.443, 93
Trd, 4318620.693, 140
Trd, 4318621.393, 114
Trd, 4318623.443, 139
Trd, 4318625.143, 140
Trd, 4318626.693, 140
Trd, 4318627.843, 140
Trd, 4318629.993, 140
Trd, 4318630.243, 140
Trd, 4318630.343, 139
Trd, 4318631.343, 140
Trd, 4318631.393, 139
Trd, 4318631.643, 137
Trd, 4318633.143, 140
Trd, 4318633.593, 135
Trd, 4318633.943, 101
Trd, 4318634.393, 84
Trd, 4318634.743, 63
Trd, 4318636.293, 80
Trd, 4318638.293, 127
Trd, 4318638.443, 108
Trd, 4318641.193, 140
Trd, 4318642.393, 140
Trd, 4318644.193, 140
Trd, 4318644.593, 140
Trd, 4318646.143, 140
Trd, 4318646.293, 140
Trd, 4318646.843, 140
Trd, 4318647.043, 140
Trd, 4318650.243, 140
Trd, 4318650.893, 140
Trd, 4318651.843, 140
Trd, 4318652.393, 139
Trd, 4318652.943, 95
Trd, 4318654.843, 140
Trd, 4318655.643, 140
Trd, 4318655.943, 140
Trd, 4318658.443, 140
Trd, 4318659.143, 140
Trd, 4318660.843, 140
Trd, 4318660.943, 140
Trd, 4318661.493, 140
Trd, 4318661.593, 140
Trd, 4318663.643, 132
Trd, 4318664.043, 134
Trd, 4318664.943, 140
Trd, 4318665.793, 140
Trd, 4318666.793, 134
Trd, 4318667.493, 90
Trd, 4318669.643, 140
Trd, 4318669.993, 140
Trd, 4318670.443, 140
Trd, 4318671.343, 140
Trd, 4318671.843, 140
Trd, 4318675.843, 140
Trd, 4318676.543, 140
Trd, 4318677.743, 140
Trd, 4318679.893, 140
Trd, 4318682.143, 140
Trd, 4318683.293, 140
Trd, 4318683.543, 140
Trd, 4318684.293, 140
Trd, 4318684.793, 140
Trd, 4318686.893, 140
Trd, 4318687.043, 140
Trd, 4318688.043, 140
Trd, 4318688.143, 140
Trd, 4318689.193, 140
Trd, 4318690.243, 127
Trd, 4318692.543, 139
Trd, 4318695.643, 140
Trd, 4318696.493, 140
Trd, 4318697.793, 140
Trd, 4318698.193, 140
Trd, 4318698.293, 140
Trd, 4318698.443, 140
Trd, 4318698.543, 139
Trd, 4318701.493, 140
Trd, 4318703.143, 140
Trd, 4318703.293, 140
Trd, 4318705.143, 140
Trd, 4318707.043, 140
Trd, 4318707.843, 139
Trd, 4318707.943, 138
Trd, 4318710.193, 140
Trd, 4318711.693, 140
Trd, 4318712.543, 140
Trd, 4318712.743, 140
Trd, 4318713.343, 139
Trd, 4318714.093, 138
Trd, 4318715.143, 112
Trd, 4318716.093, 137
Trd, 4318718.143, 140
Trd, 4318718.193, 140
Trd, 4318718.593, 139
Trd, 4318719.443, 109
Trd, 4318720.443, 139
Trd, 4318721.493, 132
Trd, 4318723.843, 140
Trd, 4318724.643, 140
Trd, 4318726.043, 140
Trd, 4318726.393, 127
Trd, 4318728.993, 140
Trd, 4318729.593, 140
Trd, 4318730.593, 140
Trd, 4318730.843, 140
Trd, 4318733.593, 140
Trd, 4318733.943, 140
Trd, 4318735.693, 140
Trd, 4318736.743, 140
Trd, 4318737.893, 140
Trd, 4318738.243, 140
Trd, 4318738.293, 140
Trd, 4318739.093, 139
Trd, 4318739.293, 131
Trd, 4318741.393, 140
Trd, 4318741.593, 140
Trd, 4318742.043, 139
Trd, 4318744.493, 140
Trd, 4318747.993, 140
Trd, 4318748.343, 140
Trd, 4318748.943, 140
Trd, 4318751.243, 140
Trd, 4318751.643, 138
Trd, 4318752.743, 139
Trd, 4318752.793, 137
Trd, 4318753.143, 140
Trd, 4318753.793, 140
Trd, 4318754.293, 140
Trd, 4318757.093, 139
Trd, 4318758.043, 140
Trd, 4318758.443, 136
Trd, 4318761.343, 140
Trd, 4318762.193, 140
Trd, 4318763.093, 140
Trd, 4318764.793, 131
Trd, 4318765.343, 136
Trd, 4318765.493, 138
Trd, 4318766.043, 133
Trd, 4318766.443, 132
Trd, 4318769.393, 140
Trd, 4318770.493, 140
Trd, 4318771.243, 140
Trd, 4318771.693, 140
Trd, 4318772.693, 140
Trd, 4318773.743, 140
Trd, 4318773.893, 140
Trd, 4318775.843, 140
Trd, 4318776.843, 140
Trd, 4318779.093, 140
Trd, 4318779.343, 140
Trd, 4318779.893, 140
Trd, 4318780.243, 137
Trd, 4318783.443, 140
Trd, 4318784.143, 140
Trd, 4318785.943, 140
Trd, 4318789.143, 140
Trd, 4318789.293, 140
Trd, 4318789.843, 139
Trd, 4318791.343, 140
Trd, 4318791.393, 140
Trd, 4318791.543, 139
Trd, 4318791.843, 139
Trd, 4318793.093, 138
Trd, 4318795.793, 140
Trd, 4318796.893, 139
Trd, 4318797.293, 139
Trd, 4318797.943, 138
Trd, 4318798.543, 139
Trd, 4318799.243, 104
Trd, 4318799.643, 139
Trd, 4318800.493, 120
Trd, 4318800.643, 115
Trd, 4318801.643, 103
Trd, 4318802.143, 109
Trd, 4318802.643, 104
Trd, 4318802.843, 102
Trd, 4318803.893, 106
Trd, 4318805.893, 135
Trd, 4318806.793, 131
Trd, 4318807.593, 140
Trd, 4318809.643, 140
Trd, 4318810.043, 139
Trd, 4318810.193, 95
Trd, 4318810.993, 140
Trd, 4318811.743, 140
Trd, 4318813.393, 137
Trd, 4318813.993, 138
Trd, 4318814.093, 137
Trd, 4318815.793, 140
Trd, 4318817.193, 140
Trd, 4318818.893, 140
Trd, 4318820.543, 140
Trd, 4318821.443, 140
Trd, 4318824.293, 140
Trd, 4318824.643, 140
Trd, 4318825.343, 140
Trd, 4318825.743, 139
Trd, 4318826.593, 132
Trd, 4318827.293, 132
Trd, 4318827.893, 108
Trd, 4318828.293, 109
Trd, 4318831.643, 140
Trd, 4318832.443, 140
Trd, 4318832.543, 140
Trd, 4318833.343, 140
Trd, 4318833.543, 139
Trd, 4318834.043, 133
Trd, 4318836.043, 132
Trd, 4318837.593, 140
Trd, 4318837.643, 140
Trd, 4318838.093, 140
Trd, 4318838.243, 139
Trd, 4318839.893, 140
Trd, 4318841.443, 140
Trd, 4318841.643, 140
Trd, 4318841.993, 140
Trd, 4318842.993, 140
Trd, 4318843.543, 116
Trd, 4318845.143, 140
Trd, 4318845.493, 139
Trd, 4318846.643, 124
Trd, 4318846.943, 101
Trd, 4318847.743, 127
Trd, 4318847.843, 128
Trd, 4318848.243, 140
Trd, 4318852.543, 140
Trd, 4318852.893, 140
Trd, 4318853.793, 139
Trd, 4318854.393, 139
Trd, 4318854.693, 122
Trd, 4318856.243, 140
Trd, 4318856.843, 140
Trd, 4318858.593, 140
Trd, 4318859.293, 139
Trd, 4318860.043, 138
Trd, 4318860.843, 138
Trd, 4318864.543, 140
Trd, 4318866.593, 140
Trd, 4318867.693, 140
Trd, 4318868.493, 140
Trd, 4318868.993, 140
Trd, 4318869.993, 140
Trd, 4318870.743, 140
Trd, 4318871.393, 135
Trd, 4318874.543, 140
Trd, 4318875.343, 140
Trd, 4318875.743, 140
Trd, 4318875.843, 140
Trd, 4318876.493, 138
Trd, 4318878.193, 138
Trd, 4318879.643, 140
Trd, 4318880.093, 140
Trd, 4318881.843, 140
Trd, 4318882.343, 140
Trd, 4318882.693, 140
Trd, 4318883.593, 139
Trd, 4318884.393, 140
Trd, 4318888.243, 140
Trd, 4318888.943, 140
Trd, 4318890.043, 140
Trd, 4318890.343, 140
Trd, 4318891.393, 140
Trd, 4318893.093, 140
Trd, 4318893.193, 140
Trd, 4318893.893, 140
Trd, 4318896.243, 140
Trd, 4318897.893, 140
Trd, 4318900.043, 140
Trd, 4318901.093, 140
Trd, 4318901.143, 140
Trd, 4318902.493, 140
Trd, 4318902.643, 140
Trd, 4318902.793, 140
Trd, 4318903.193, 139
Trd, 4318904.093, 137
Trd, 4318904.193, 136
Trd, 4318904.543, 137
Trd, 4318904.693, 135
Trd, 4318907.093, 140
Trd, 4318908.243, 140
Trd, 4318908.893, 140
Trd, 4318909.843, 122
Trd, 4318911.293, 140
Trd, 4318912.193, 138
Trd, 4318913.343, 140
Trd, 4318914.043, 140
Trd, 4318914.893, 140
Trd, 4318916.793, 140
Trd, 4318917.293, 140
Trd, 4318919.693, 140
Trd, 4318919.843, 140
Trd, 4318920.143, 140
Trd, 4318920.293, 140
Trd, 4318921.143, 126
Trd, 4318923.543, 137
Trd, 4318924.593, 140
Trd, 4318925.043, 114
Trd, 4318925.343, 113
Trd, 4318926.143, 139
Trd, 4318926.493, 139
Trd, 4318927.143, 138
Trd, 4318930.193, 140
Trd, 4318931.793, 140
Trd, 4318932.193, 140
Trd, 4318932.643, 140
Trd, 4318932.843, 135
Trd, 4318934.943, 122
Trd, 4318936.143, 140
Trd, 4318936.893, 140
Trd, 4318937.443, 140
Trd, 4318937.493, 140
Trd, 4318939.243, 140
Trd, 4318939.743, 140
Trd, 4318940.893, 124
Trd, 4318941.193, 125
Trd, 4318941.943, 88
Trd, 4318942.843, 116
Trd, 4318946.193, 140
Trd, 4318946.493, 140
Trd, 4318946.543, 140
Trd, 4318946.643, 139
Trd, 4318950.243, 140
Trd, 4318951.143, 140
Trd, 4318951.243, 140
Trd, 4318952.443, 140
Trd, 4318954.043, 140
Trd, 4318954.743, 140
Trd, 4318955.593, 140
Trd, 4318956.643, 140
Trd, 4318956.793, 140
Trd, 4318960.693, 140
Trd, 4318962.693, 140
Trd, 4318964.893, 140
Trd, 4318965.543, 140
Trd, 4318965.643, 140
Trd, 4318966.093, 140
Trd, 4318967.893, 140
Trd, 4318968.193, 140
Trd, 4318969.043, 140
Trd, 4318969.193, 140
Trd, 4318971.693, 140
Trd, 4318973.893, 140
Trd, 4318973.993, 140
Trd, 4318975.043, 140
Trd, 4318975.643, 140
Trd, 4318975.993, 128
Trd, 4318976.093, 108
Trd, 4318978.943, 140
Trd, 4318979.093, 140
Trd, 4318980.593, 140
Trd, 4318980.743, 140
Trd, 4318981.593, 140
Trd, 4318982.343, 138
Trd, 4318982.743, 139
Trd, 4318984.393, 140
Trd, 4318986.643, 140
Trd, 4318986.893, 140
Trd, 4318989.193, 140
Trd, 4318991.543, 140
Trd, 4318991.993, 140
Trd, 4318992.943, 140
Trd, 4318994.143, 140
Trd, 4318994.843, 140
Trd, 4318994.943, 140
Trd, 4318995.043, 139
Trd, 4318995.643, 139
Trd, 4318998.193, 139
Trd, 4318998.343, 62
Trd, 4319000.493, 140
Trd, 4319001.243, 140
Trd, 4319002.543, 140
Trd, 4319002.893, 140
Trd, 4319003.793, 140
Trd, 4319004.743, 140
Trd, 4319006.693, 139
Trd, 4319007.743, 136
Trd, 4319010.543, 140
Trd, 4319010.793, 140
Trd, 4319012.393, 140
Trd, 4319012.593, 140
Trd, 4319013.693, 140
Trd, 4319014.893, 140
Trd, 4319017.743, 140
Trd, 4319017.943, 140
Trd, 4319022.343, 140
Trd, 4319022.543, 140
Trd, 4319025.593, 140
Trd, 4319026.843, 140
Trd, 4319028.343, 140
Trd, 4319028.943, 140
Trd, 4319029.393, 140
Trd, 4319029.543, 140
Trd, 4319030.143, 139
Trd, 4319031.693, 139
Trd, 4319031.993, 139
Trd, 4319033.443, 68
Trd, 4319036.093, 140
Trd, 4319036.943, 140
Trd, 4319038.343, 140
Trd, 4319039.493, 139
Trd, 4319041.843, 140
Trd, 4319042.093, 140
Trd, 4319042.193, 140
Trd, 4319042.343, 137
Trd, 4319042.393, 113
Trd, 4319042.543, 140
Trd, 4319044.043, 113
Trd, 4319045.993, 126
Trd, 4319049.093, 139
Trd, 4319049.143, 138
Trd, 4319050.693, 140
Trd, 4319051.093, 140
Trd, 4319051.293, 140
Trd, 4319052.193, 139
Trd, 4319052.593, 138
Trd, 4319052.843, 139
Trd, 4319053.993, 139
Trd, 4319057.843, 140
Trd, 4319057.993, 140
Trd, 4319058.593, 140
Trd, 4319059.443, 140
Trd, 4319060.493, 140
Trd, 4319062.943, 140
Trd, 4319063.493, 140
Trd, 4319064.343, 140
Trd, 4319065.293, 140
Trd, 4319065.393, 140
Trd, 4319066.243, 120
Trd, 4319066.493, 122
Trd, 4319068.843, 140
Trd, 4319069.293, 140
Trd, 4319070.043, 139
Trd, 4319070.143, 107
Trd, 4319070.843, 124
Trd, 4319074.093, 140
Trd, 4319074.643, 140
Trd, 4319075.843, 88
Trd, 4319076.093, 140
Trd, 4319077.443, 140
Trd, 4319078.943, 140
Trd, 4319081.443, 140
Trd, 4319082.043, 140
Trd, 4319083.393, 140
Trd, 4319083.643, 139
Trd, 4319084.143, 140
Trd, 4319085.243, 138
Trd, 4319085.993, 139
Trd, 4319087.743, 139
Trd, 4319088.493, 123
Trd, 4319089.743, 125
Trd, 4319091.793, 140
Trd, 4319092.943, 140
Trd, 4319093.293, 140
Trd, 4319094.093, 140
Trd, 4319095.143, 140
Trd, 4319096.943, 140
Trd, 4319097.343, 140
Trd, 4319097.743, 140
Trd, 4319098.993, 126
Trd, 4319099.043, 125
Trd, 4319100.993, 108
Trd, 4319101.143, 112
Trd, 4319101.493, 128
Trd, 4319102.543, 138
Trd, 4319103.443, 138
Trd, 4319105.143, 140
Trd, 4319105.593, 140
Trd, 4319106.193, 140
Trd, 4319106.993, 140
Trd, 4319108.943, 140
Trd, 4319109.543, 140
Trd, 4319110.943, 140
Trd, 4319110.993, 140
Trd, 4319112.093, 140
Trd, 4319112.643, 105
Trd, 4319113.093, 112
Trd, 4319114.293, 136
Trd, 4319114.793, 138
Trd, 4319120.493, 140
Trd, 4319122.443, 140
Trd, 4319122.693, 140
Trd, 4319123.043, 140
Trd, 4319124.643, 135
Trd, 4319126.693, 140
Trd, 4319127.493, 140
Trd, 4319127.543, 140
Trd, 4319128.293, 140
Trd, 4319128.443, 137
Trd, 4319129.493, 117
Trd, 4319130.193, 67
Trd, 4319132.093, 140
Trd, 4319133.593, 139
Trd, 4319134.043, 128
Trd, 4319134.393, 139
Trd, 4319135.193, 129
Trd, 4319136.043, 130
Trd, 4319136.593, 133
Trd, 4319137.343, 101
Trd, 4319138.393, 138
Trd, 4319140.493, 127
Trd, 4319142.093, 139
Trd, 4319142.293, 140
Trd, 4319143.343, 140
Trd, 4319143.643, 129
Trd, 4319145.743, 140
Trd, 4319146.793, 140
Trd, 4319147.943, 139
Trd, 4319148.993, 130
Trd, 4319150.843, 135
Trd, 4319151.093, 132
Trd, 4319151.393, 139
Trd, 4319151.743, 134
Trd, 4319153.293, 131
Trd, 4319153.793, 89
Trd, 4319154.143, 138
Trd, 4319157.893, 140
Trd, 4319158.393, 140
Trd, 4319158.693, 140
Trd, 4319159.243, 140
Trd, 4319159.693, 140
Trd, 4319163.593, 140
Trd, 4319164.693, 140
Trd, 4319165.143, 140
Trd, 4319165.843, 140
Trd, 4319167.043, 140
Trd, 4319167.843, 140
Trd, 4319169.243, 140
Trd, 4319169.543, 140
Trd, 4319170.543, 140
Trd, 4319170.843, 140
Trd, 4319171.093, 138
Trd, 4319171.993, 79
Trd, 4319173.793, 140
Trd, 4319175.343, 140
Trd, 4319175.693, 140
Trd, 4319175.943, 139
Trd, 4319176.593, 109
Trd, 4319177.093, 140
Trd, 4319179.393, 139
Trd, 4319179.593, 138
Trd, 4319180.193, 132
Trd, 4319181.743, 139
Trd, 4319182.243, 139
Trd, 4319183.143, 139
Trd, 4319185.643, 134
Trd, 4319187.393, 140
Trd, 4319187.643, 140
Trd, 4319188.293, 97
Trd, 4319190.543, 139
Trd, 4319191.393, 106
Trd, 4319193.893, 140
Trd, 4319193.993, 140
Trd, 4319194.243, 140
Trd, 4319195.493, 140
Trd, 4319197.143, 140
Trd, 4319197.243, 140
Trd, 4319198.243, 140
Trd, 4319198.343, 140
Trd, 4319199.343, 96
Trd, 4319200.893, 121
Trd, 4319201.193, 122
Trd, 4319201.543, 122
Trd, 4319201.643, 96
Trd, 4319202.043, 88
Trd, 4319202.893, 140
Trd, 4319204.043, 140
Trd, 4319204.393, 140
Trd, 4319205.393, 106
Trd, 4319206.043, 118
Trd, 4319207.193, 117
Trd, 4319208.643, 131
Trd, 4319209.493, 140
Trd, 4319210.593, 140
Trd, 4319211.143, 140
Trd, 4319212.393, 140
Trd, 4319213.143, 140
Trd, 4319213.993, 140
Trd, 4319216.293, 140
Trd, 4319216.543, 140
Trd, 4319219.793, 140
Trd, 4319219.943, 140
Trd, 4319220.043, 140
Trd, 4319220.143, 140
Trd, 4319221.543, 139
Trd, 4319222.143, 140
Trd, 4319223.743, 140
Trd, 4319225.593, 140
Trd, 4319229.593, 140
Trd, 4319229.693, 140
Trd, 4319230.093, 140
Trd, 4319230.443, 140
Trd, 4319231.443, 140
Trd, 4319232.143, 140
Trd, 4319232.593, 107
Trd, 4319233.493, 103
Trd, 4319234.843, 140
Trd, 4319238.893, 140
Trd, 4319238.943, 140
Trd, 4319239.343, 137
Trd, 4319239.593, 140
Trd, 4319241.593, 140
Trd, 4319242.143, 140
Trd, 4319242.443, 140
Trd, 4319243.643, 138
Trd, 4319244.343, 125
Trd, 4319244.393, 124
Trd, 4319244.593, 121
Trd, 4319245.993, 140
Trd, 4319246.843, 140
Trd, 4319248.593, 139
Trd, 4319250.243, 126
Trd, 4319250.893, 140
Trd, 4319251.193, 126
Trd, 4319251.493, 125
Trd, 4319252.443, 139
Trd, 4319252.493, 104
Trd, 4319256.293, 140
Trd, 4319257.143, 140
Trd, 4319257.343, 140
Trd, 4319258.743, 140
Trd, 4319259.343, 140
Trd, 4319261.443, 140
Trd, 4319263.343, 140
Trd, 4319264.443, 140
Trd, 4319264.493, 140
Trd, 4319265.543, 140
Trd, 4319267.043, 140
Trd, 4319269.193, 140
Trd, 4319270.543, 140
Trd, 4319271.243, 140
Trd, 4319271.393, 140
Trd, 4319272.393, 138
Trd, 4319272.993, 140
Trd, 4319273.043, 138
Trd, 4319273.393, 138
Trd, 4319275.943, 140
Trd, 4319276.143, 140
Trd, 4319277.743, 140
Trd, 4319278.043, 133
Trd, 4319279.293, 138
Trd, 4319279.743, 134
Trd, 4319281.543, 136
Trd, 4319281.643, 134
Trd, 4319282.443, 140
Trd, 4319283.193, 128
Trd, 4319284.993, 139
Trd, 4319285.143, 109
Trd, 4319285.943, 102
Trd, 4319286.893, 117
Trd, 4319287.993, 140
Trd, 4319289.443, 130
Trd, 4319292.543, 140
Trd, 4319292.793, 140
Trd, 4319293.443, 138
Trd, 4319295.243, 140
Trd, 4319295.843, 140
Trd, 4319296.743, 140
Trd, 4319296.993, 139
Trd, 4319297.793, 140
Trd, 4319300.843, 140
Trd, 4319301.143, 140
Trd, 4319301.593, 140
Trd, 4319303.143, 140
Trd, 4319304.243, 140
Trd, 4319304.793, 140
Trd, 4319305.243, 140
Trd, 4319305.493, 140
Trd, 4319306.643, 140
Trd, 4319308.493, 138
Trd, 4319309.643, 139
Trd, 4319310.243, 140
Trd, 4319313.693, 140
Trd, 4319313.943, 140
Trd, 4319315.493, 137
Trd, 4319315.843, 137
Trd, 4319316.593, 140
Trd, 4319319.093, 140
Trd, 4319320.193, 140
Trd, 4319320.843, 140
Trd, 4319321.943, 140
Trd, 4319322.593, 140
Trd, 4319323.793, 140
Trd, 4319324.693, 139
Trd, 4319325.693, 138
Trd, 4319326.043, 137
Trd, 4319326.143, 135
Trd, 4319327.193, 128
Trd, 4319327.393, 138
Trd, 4319329.943, 140
Trd, 4319330.243, 115
Trd, 4319331.093, 91
Trd, 4319331.993, 138
Trd, 4319332.343, 116
Trd, 4319334.893, 140
Trd, 4319336.393, 140
Trd, 4319338.343, 140
Trd, 4319338.743, 140
Trd, 4319342.143, 140
Trd, 4319342.543, 140
Trd, 4319343.743, 140
Trd, 4319344.043, 140
Trd, 4319344.443, 140
Trd, 4319345.643, 140
Trd, 4319346.193, 140
Trd, 4319348.143, 139
Trd, 4319350.043, 140
Trd, 4319350.543, 140
Trd, 4319350.793, 140
Trd, 4319351.343, 137
Trd, 4319351.643, 118
Trd, 4319353.643, 140
Trd, 4319353.943, 140
Trd, 4319354.493, 74
Trd, 4319355.643, 139
Trd, 4319355.893, 140
Trd, 4319356.943, 131
Trd, 4319358.943, 139
Trd, 4319359.843, 140
Trd, 4319360.843, 140
Trd, 4319361.143, 140
Trd, 4319363.443, 140
Trd, 4319366.143, 140
Trd, 4319367.243, 140
Trd, 4319370.893, 140
Trd, 4319371.043, 140
Trd, 4319371.093, 140
Trd, 4319371.193, 140
Trd, 4319373.593, 140
Trd, 4319374.093, 140
Trd, 4319374.443, 140
Trd, 4319375.393, 139
Trd, 4319375.693, 138
Trd, 4319378.793, 140
Trd, 4319379.043, 140
Trd, 4319379.193, 140
Trd, 4319379.443, 139
Trd, 4319379.743, 127
Trd, 4319381.593, 134
Trd, 4319381.993, 136
Trd, 4319382.243, 136
Trd, 4319385.143, 140
Trd, 4319386.393, 140
Trd, 4319386.643, 140
Trd, 4319386.843, 140
Trd, 4319387.893, 140
Trd, 4319388.193, 135
Trd, 4319388.693, 91
Trd, 4319389.443, 140
Trd, 4319392.893, 140
Trd, 4319392.993, 140
Trd, 4319393.443, 140
Trd, 4319394.793, 140
Trd, 4319397.243, 140
Trd, 4319398.193, 140
Trd, 4319398.943, 140
Trd, 4319398.993, 139
Trd, 4319400.193, 140
Trd, 4319400.543, 109
Trd, 4319400.743, 140
Trd, 4319402.193, 140
Trd, 4319402.543, 140
Trd, 4319402.843, 140
Trd, 4319403.293, 140
Trd, 4319404.143, 130
Trd, 4319404.543, 133
Trd, 4319405.543, 140
Trd, 4319408.793, 140
Trd, 4319413.093, 140
Trd, 4319413.393, 140
Trd, 4319414.043, 140
Trd, 4319414.793, 140
Trd, 4319415.193, 140
Trd, 4319415.843, 140
Trd, 4319416.243, 139
Trd, 4319416.943, 140
Trd, 4319417.443, 140
Trd, 4319418.143, 120
Trd, 4319420.043, 140
Trd, 4319421.593, 139
Trd, 4319422.443, 122
Trd, 4319423.243, 140
Trd, 4319424.443, 140
Trd, 4319425.343, 116
Trd, 4319425.493, 140
Trd, 4319427.643, 140
Trd, 4319429.943, 140
Trd, 4319430.843, 140
Trd, 4319432.643, 140
Trd, 4319433.193, 140
Trd, 4319433.243, 140
Trd, 4319434.793, 134
Trd, 4319435.443, 140
Trd, 4319436.793, 122
Trd, 4319437.143, 121
Trd, 4319437.393, 129
Trd, 4319438.143, 73
Trd, 4319439.393, 119
Trd, 4319439.493, 120
Trd, 4319440.893, 140
Trd, 4319441.443, 140
Trd, 4319441.793, 140
Trd, 4319443.793, 140
Trd, 4319445.393, 140
Trd, 4319447.793, 140
Trd, 4319449.093, 140
Trd, 4319450.343, 140
Trd, 4319450.943, 140
Trd, 4319452.193, 140
Trd, 4319454.693, 140
Trd, 4319454.743, 140
Trd, 4319455.443, 139
Trd, 4319455.993, 140
Trd, 4319456.593, 140
Trd, 4319459.643, 140
Trd, 4319460.243, 140
Trd, 4319461.093, 140
Trd, 4319461.793, 140
Trd, 4319464.893, 140
Trd, 4319465.293, 140
Trd, 4319465.893, 140
Trd, 4319467.293, 140
Trd, 4319467.793, 140
Trd, 4319467.843, 140
Trd, 4319470.093, 140
Trd, 4319471.193, 140
Trd, 4319473.543, 140
Trd, 4319474.543, 140
Trd, 4319474.643, 140
Trd, 4319475.443, 140
Trd, 4319476.443, 140
Trd, 4319477.093, 140
Trd, 4319478.093, 140
Trd, 4319478.293, 140
Trd, 4319479.543, 140
Trd, 4319480.243, 140
Trd, 4319482.343, 140
Trd, 4319482.943, 140
Trd, 4319483.443, 138
Trd, 4319485.643, 134
Trd, 4319486.293, 139
Trd, 4319488.043, 140
Trd, 4319489.243, 140
Trd, 4319489.493, 140
Trd, 4319489.593, 140
Trd, 4319489.993, 139
Trd, 4319493.393, 139
Trd, 4319493.643, 138
Trd, 4319493.843, 119
Trd, 4319494.343, 115
Trd, 4319494.893, 94
Trd, 4319496.243, 136
Trd, 4319496.593, 95
Trd, 4319497.743, 95
Trd, 4319498.043, 85
Trd, 4319499.043, 70
Trd, 4319499.143, 94
Trd, 4319499.493, 93
Trd, 4319499.643, 95
Trd, 4319499.993, 111
Trd, 4319502.693, 140
Trd, 4319504.043, 139
Trd, 4319505.143, 140
Trd, 4319505.443, 140
Trd, 4319505.743, 136
Trd, 4319507.493, 140
Trd, 4319507.543, 139
Trd, 4319510.443, 140
Trd, 4319510.743, 140
Trd, 4319511.043, 140
Trd, 4319511.543, 140
Trd, 4319512.093, 138
Trd, 4319512.393, 138
Trd, 4319512.593, 121
Trd, 4319514.243, 140
Trd, 4319514.443, 139
Trd, 4319514.793, 121
Trd, 4319516.143, 125
Trd, 4319516.793, 140
Trd, 4319517.343, 140
Trd, 4319518.193, 140
Trd, 4319520.643, 140
Trd, 4319520.993, 140
Trd, 4319521.043, 140
Trd, 4319523.293, 140
Trd, 4319524.893, 140
Trd, 4319526.143, 140
Trd, 4319526.593, 139
Trd, 4319526.793, 137
Trd, 4319528.493, 139
Trd, 4319530.143, 140
Trd, 4319530.843, 140
Trd, 4319531.093, 140
Trd, 4319531.143, 139
Trd, 4319532.293, 140
Trd, 4319534.993, 140
Trd, 4319535.193, 140
Trd, 4319536.793, 140
Trd, 4319538.643, 140
Trd, 4319538.893, 140
Trd, 4319542.043, 140
Trd, 4319542.493, 140
Trd, 4319542.993, 140
Trd, 4319543.343, 140
Trd, 4319545.043, 140
Trd, 4319545.243, 138
Trd, 4319546.043, 140
Trd, 4319546.593, 140
Trd, 4319547.393, 140
Trd, 4319549.943, 140
Trd, 4319551.143, 140
Trd, 4319551.393, 140
Trd, 4319552.193, 140
Trd, 4319553.543, 140
Trd, 4319554.943, 139
Trd, 4319555.693, 140
Trd, 4319557.243, 140
Trd, 4319558.093, 140
Trd, 4319558.593, 140
Trd, 4319560.293, 140
Trd, 4319561.693, 140
Trd, 4319562.843, 140
Trd, 4319563.293, 140
Trd, 4319563.993, 140
Trd, 4319564.393, 140
Trd, 4319566.543, 140
Trd, 4319566.593, 140
Trd, 4319568.493, 140
Trd, 4319571.043, 140
Trd, 4319571.443, 140
Trd, 4319571.593, 133
Trd, 4319571.693, 119
Trd, 4319572.543, 139
Trd, 4319572.993, 138
Trd, 4319573.593, 139
Trd, 4319574.293, 132
Trd, 4319574.393, 126
Trd, 4319574.643, 119
Trd, 4319575.593, 126
Trd, 4319578.393, 140
Trd, 4319583.343, 140
Trd, 4319584.043, 140
Trd, 4319585.043, 140
Trd, 4319585.243, 140
Trd, 4319586.243, 140
Trd, 4319586.593, 137
Trd, 4319587.793, 131
Trd, 4319588.443, 98
Trd, 4319588.943, 140
Trd, 4319591.843, 95
Trd, 4319591.993, 91
Trd, 4319592.643, 126
Trd, 4319593.693, 140
Trd, 4319595.143, 140
Trd, 4319595.393, 140
Trd, 4319595.493, 140
Trd, 4319596.743, 138
Trd, 4319597.243, 137
Trd, 4319597.843, 97
Trd, 4319599.693, 140
Trd, 4319599.793, 140
Trd, 4319600.243, 137
Trd, 4319600.643, 91
Trd, 4319601.143, 137
Trd, 4319602.593, 114
Trd, 4319605.643, 140
Trd, 4319605.693, 140
Trd, 4319605.943, 140
Trd, 4319606.593, 140
Trd, 4319607.393, 140
Trd, 4319607.793, 140
Trd, 4319609.543, 140
Trd, 4319610.093, 139
Trd, 4319610.143, 139
Trd, 4319611.143, 139
Trd, 4319612.243, 140
Trd, 4319612.593, 138
Trd, 4319613.543, 139
Trd, 4319614.193, 138
Trd, 4319614.943, 130
Trd, 4319615.043, 140
Trd, 4319616.243, 140
Trd, 4319617.093, 130
Trd, 4319617.593, 137
Trd, 4319621.343, 140
Trd, 4319621.893, 131
Trd, 4319622.293, 140
Trd, 4319622.843, 138
Trd, 4319623.043, 131
Trd, 4319624.793, 140
Trd, 4319625.143, 140
Trd, 4319627.693, 140
Trd, 4319628.393, 140
Trd, 4319630.143, 140
Trd, 4319631.493, 140
Trd, 4319632.693, 140
Trd, 4319632.893, 140
Trd, 4319633.393, 140
Trd, 4319634.143, 140
Trd, 4319634.393, 140
Trd, 4319634.893, 140
Trd, 4319636.543, 140
Trd, 4319638.143, 140
Trd, 4319638.293, 140
Trd, 4319638.593, 140
Trd, 4319639.393, 140
Trd, 4319639.843, 137
Trd, 4319639.993, 140
Trd, 4319642.343, 138
Trd, 4319643.143, 137
Trd, 4319644.093, 140
Trd, 4319644.893, 138
Trd, 4319646.393, 140
Trd, 4319647.543, 140
Trd, 4319648.243, 140
Trd, 4319648.343, 140
Trd, 4319648.843, 139
Trd, 4319648.943, 138
Trd, 4319650.243, 139
Trd, 4319650.493, 139
Trd, 4319651.393, 130
Trd, 4319652.543, 85
Trd, 4319655.293, 140
Trd, 4319655.793, 140
Trd, 4319655.943, 140
Trd, 4319656.343, 140
Trd, 4319656.793, 138
Trd, 4319659.893, 140
Trd, 4319663.043, 140
Trd, 4319663.793, 140
Trd, 4319664.243, 139
Trd, 4319664.793, 124
Trd, 4319664.993, 120
Trd, 4319665.093, 127
Trd, 4319665.593, 115
Trd, 4319665.693, 114
Trd, 4319668.843, 140
Trd, 4319670.443, 140
Trd, 4319670.493, 140
Trd, 4319671.493, 140
Trd, 4319674.393, 140
Trd, 4319674.793, 140
Trd, 4319675.643, 140
Trd, 4319676.293, 140
Trd, 4319677.643, 140
Trd, 4319677.943, 140
Trd, 4319678.043, 140
Trd, 4319678.793, 140
Trd, 4319679.693, 139
Trd, 4319681.193, 138
Trd, 4319683.043, 100
Trd, 4319683.493, 131
Trd, 4319683.843, 133
Trd, 4319685.993, 140
Trd, 4319687.093, 140
Trd, 4319687.243, 139
Trd, 4319689.293, 140
Trd, 4319690.043, 139
Trd, 4319690.193, 114
Trd, 4319692.893, 139
Trd, 4319693.943, 140
Trd, 4319694.493, 140
Trd, 4319696.793, 140
Trd, 4319698.643, 140
Trd, 4319698.743, 140
Trd, 4319698.843, 140
Trd, 4319698.993, 140
Trd, 4319700.043, 103
Trd, 4319701.843, 109
Trd, 4319702.293, 140
Trd, 4319703.043, 133
Trd, 4319704.593, 91
Trd, 4319704.993, 129
Trd, 4319705.193, 130
Trd, 4319705.243, 88
Trd, 4319705.993, 86
Trd, 4319708.643, 140
Trd, 4319710.043, 140
Trd, 4319710.193, 140
Trd, 4319710.643, 140
Trd, 4319712.493, 140
Trd, 4319713.393, 140
Trd, 4319713.593, 140
Trd, 4319714.043, 140
Trd, 4319715.643, 140
Trd, 4319715.943, 135
Trd, 4319717.393, 140
Trd, 4319720.243, 140
Trd, 4319721.343, 140
Trd, 4319721.493, 140
Trd, 4319723.293, 140
Trd, 4319725.893, 140
Trd, 4319726.193, 140
Trd, 4319726.493, 140
Trd, 4319728.743, 140
Trd, 4319729.593, 140
Trd, 4319730.043, 140
Trd, 4319731.293, 140
Trd, 4319731.543, 140
Trd, 4319731.793, 140
Trd, 4319732.293, 140
Trd, 4319732.743, 140
Trd, 4319733.343, 140
Trd, 4319736.493, 140
Trd, 4319738.693, 140
Trd, 4319738.793, 140
Trd, 4319738.843, 140
Trd, 4319738.893, 140
Trd, 4319740.793, 136
Trd, 4319742.543, 140
Trd, 4319743.143, 140
Trd, 4319743.743, 140
Trd, 4319745.443, 140
Trd, 4319745.743, 140
Trd, 4319746.843, 140
Trd, 4319747.093, 121
Trd, 4319748.543, 140
Trd, 4319748.643, 140
Trd, 4319751.143, 140
Trd, 4319752.593, 124
Trd, 4319753.243, 137
Trd, 4319753.993, 100
Trd, 4319754.293, 138
Trd, 4319755.693, 140
Trd, 4319758.693, 140
Trd, 4319759.093, 91
Trd, 4319759.693, 140
Trd, 4319760.043, 138
Trd, 4319760.893, 123
Trd, 4319761.343, 132
Trd, 4319761.643, 140
Trd, 4319763.893, 138
Trd, 4319764.243, 138
Trd, 4319764.393, 133
Trd, 4319765.193, 140
Trd, 4319768.993, 140
Trd, 4319769.293, 140
Trd, 4319771.243, 140
Trd, 4319773.543, 140
Trd, 4319774.093, 140
Trd, 4319774.343, 137
Trd, 4319774.793, 136
Trd, 4319775.593, 139
Trd, 4319775.893, 140
Trd, 4319776.293, 139
Trd, 4319779.793, 140
Trd, 4319780.093, 140
Trd, 4319780.593, 140
Trd, 4319783.643, 140
Trd, 4319784.293, 139
Trd, 4319784.343, 138
Trd, 4319786.743, 97
Trd, 4319787.193, 140
Trd, 4319787.343, 110
Trd, 4319788.193, 93
Trd, 4319788.343, 129
Trd, 4319789.843, 131
Trd, 4319790.693, 129
Trd, 4319791.093, 84
Trd, 4319792.443, 79
Trd, 4319793.993, 140
Trd, 4319794.443, 119
Trd, 4319795.593, 75
Trd, 4319796.043, 107
Trd, 4319797.493, 108
Trd, 4319797.793, 133
Trd, 4319799.193, 135
Trd, 4319800.093, 140
Trd, 4319800.543, 140
Trd, 4319804.743, 140
Trd, 4319805.693, 140
Trd, 4319806.043, 140
Trd, 4319806.143, 140
Trd, 4319807.493, 140
Trd, 4319807.993, 140
Trd, 4319809.793, 140
Trd, 4319809.943, 140
Trd, 4319810.543, 140
Trd, 4319812.543, 140
Trd, 4319813.093, 140
Trd, 4319813.793, 140
Trd, 4319814.143, 140
Trd, 4319814.543, 140
Trd, 4319814.843, 140
Trd, 4319816.093, 139
Trd, 4319820.993, 140
Trd, 4319821.693, 140
Trd, 4319822.543, 140
Trd, 4319823.093, 140
Trd, 4319824.343, 140
Trd, 4319824.493, 140
Trd, 4319825.243, 140
Trd, 4319826.093, 140
Trd, 4319827.143, 140
Trd, 4319828.643, 140
Trd, 4319829.393, 139
Trd, 4319829.843, 140
Trd, 4319830.443, 109
Trd, 4319832.443, 139
Trd, 4319834.143, 140
Trd, 4319834.243, 140
Trd, 4319838.293, 140
Trd, 4319838.693, 140
Trd, 4319840.393, 140
Trd, 4319842.743, 140
Trd, 4319843.293, 140
Trd, 4319843.643, 140
Trd, 4319843.993, 140
Trd, 4319844.543, 140
Trd, 4319847.643, 140
Trd, 4319849.393, 140
Trd, 4319850.393, 140
Trd, 4319850.793, 140
Trd, 4319851.043, 140
Trd, 4319851.543, 139
Trd, 4319853.693, 140
Trd, 4319854.493, 140
Trd, 4319855.493, 139
Trd, 4319858.943, 140
Trd, 4319860.193, 140
Trd, 4319860.743, 140
Trd, 4319863.493, 140
Trd, 4319863.543, 140
Trd, 4319863.893, 140
Trd, 4319866.293, 140
Trd, 4319867.593, 140
Trd, 4319867.743, 140
Trd, 4319867.793, 135
Trd, 4319868.443, 138
Trd, 4319868.693, 113
Trd, 4319869.643, 91
Trd, 4319870.143, 140
Trd, 4319871.543, 128
Trd, 4319871.643, 108
Trd, 4319872.043, 138
Trd, 4319874.843, 140
Trd, 4319875.243, 140
Trd, 4319875.543, 140
Trd, 4319878.193, 140
Trd, 4319879.843, 139
Trd, 4319880.693, 140
Trd, 4319881.543, 140
Trd, 4319883.193, 140
Trd, 4319884.043, 140
Trd, 4319885.193, 140
Trd, 4319885.893, 140
Trd, 4319887.193, 140
Trd, 4319887.743, 140
Trd, 4319888.043, 139
Trd, 4319889.043, 126
Trd, 4319889.643, 88
Trd, 4319890.843, 140
Trd, 4319892.643, 140
Trd, 4319894.543, 140
Trd, 4319894.843, 140
Trd, 4319895.843, 139
Trd, 4319898.693, 140
Trd, 4319899.143, 140
Trd, 4319900.593, 140
Trd, 4319901.493, 138
Trd, 4319902.743, 140
Trd, 4319903.143, 140
Trd, 4319903.793, 140
Trd, 4319905.043, 140
Trd, 4319906.743, 140
Trd, 4319907.943, 140
Trd, 4319908.193, 140
Trd, 4319908.693, 139
Trd, 4319908.843, 139
Trd, 4319909.893, 103
Trd, 4319910.243, 94
Trd, 4319914.493, 140
Trd, 4319915.343, 140
Trd, 4319915.393, 140
Trd, 4319915.893, 140
Trd, 4319916.893, 140
Trd, 4319917.043, 137
Trd, 4319917.643, 139
Trd, 4319921.243, 140
Trd, 4319921.393, 137
Trd, 4319921.593, 112
Trd, 4319921.693, 99
Trd, 4319924.093, 140
Trd, 4319929.143, 140
Trd, 4319929.893, 140
Trd, 4319930.293, 140
Trd, 4319930.443, 138
Trd, 4319930.543, 109
Trd, 4319931.043, 139
Trd, 4319932.743, 114
Trd, 4319933.293, 131
Trd, 4319935.693, 131
Trd, 4319935.793, 130
Trd, 4319937.593, 124
Trd, 4319941.093, 140
Trd, 4319941.443, 140
Trd, 4319943.143, 140
Trd, 4319943.293, 140
Trd, 4319945.143, 140
Trd, 4319948.043, 140
Trd, 4319948.193, 140
Trd, 4319949.643, 140
Trd, 4319950.943, 140
Trd, 4319951.043, 140
Trd, 4319951.493, 137
Trd, 4319952.843, 118
Trd, 4319953.493, 124
Trd, 4319954.393, 139
Trd, 4319954.893, 134
Trd, 4319955.693, 121
Trd, 4319956.193, 121
Trd, 4319957.143, 116
Trd, 4319957.643, 116
Trd, 4319958.493, 132
Trd, 4319960.543, 140
Trd, 4319960.893, 139
Trd, 4319961.093, 99
Trd, 4319962.893, 140
Trd, 4319964.393, 140
Trd, 4319965.793, 140
Trd, 4319965.943, 140
Trd, 4319967.993, 140
Trd, 4319968.543, 140
Trd, 4319969.243, 140
Trd, 4319970.893, 140
Trd, 4319971.943, 140
Trd, 4319972.343, 140
Trd, 4319972.943, 140
Trd, 4319973.793, 140
Trd, 4319974.993, 140
Trd, 4319975.143, 140
Trd, 4319975.843, 140
Trd, 4319981.093, 140
Trd, 4319982.093, 140
Trd, 4319982.393, 140
Trd, 4319983.043, 140
Trd, 4319984.193, 140
Trd, 4319985.243, 140
Trd, 4319987.493, 140
Trd, 4319987.743, 140
Trd, 4319988.543, 140
Trd, 4319988.993, 140
Trd, 4319990.393, 140
Trd, 4319990.593, 138
Trd, 4319991.243, 120
Trd, 4319992.693, 133
Trd, 4319993.043, 90
Trd, 4319993.193, 116
Trd, 4319994.043, 135
Trd, 4319996.143, 140
Trd, 4319996.993, 140
Trd, 4319998.343, 140
Trd, 4319999.493, 140
Trd, 4319999.843, 140
