Trd, 4318120.993, 63
Trd, 4318121.443, 61
Trd, 4318121.893, 60
Trd, 4318123.593, 60
Trd, 4318123.893, 60
Trd, 4318124.393, 60
Trd, 4318125.043, 60
Trd, 4318125.693, 61
Trd, 4318126.393, 65
Trd, 4318126.843, 61
Trd, 4318126.893, 75
Trd, 4318128.893, 60
Trd, 4318129.343, 60
Trd, 4318129.993, 66
Trd, 4318132.493, 60
Trd, 4318133.393, 60
Trd, 4318133.443, 60
Trd, 4318134.293, 60
Trd, 4318135.143, 60
Trd, 4318135.343, 60
Trd, 4318135.593, 60
Trd, 4318136.543, 60
Trd, 4318136.743, 60
Trd, 4318137.093, 60
Trd, 4318137.393, 61
Trd, 4318137.893, 61
Trd, 4318138.593, 65
Trd, 4318138.743, 64
Trd, 4318139.543, 65
Trd, 4318140.393, 62
Trd, 4318140.943, 65
Trd, 4318140.993, 64
Trd, 4318142.193, 63
Trd, 4318142.493, 62
Trd, 4318143.043, 119
Trd, 4318143.093, 118
Trd, 4318143.793, 67
Trd, 4318145.743, 140
Trd, 4318145.793, 138
Trd, 4318145.893, 81
Trd, 4318146.793, 93
Trd, 4318147.043, 140
Trd, 4318150.043, 140
Trd, 4318150.343, 140
Trd, 4318152.443, 140
Trd, 4318152.593, 140
Trd, 4318152.993, 140
Trd, 4318153.243, 140
Trd, 4318153.393, 140
Trd, 4318153.993, 139
Trd, 4318154.093, 137
Trd, 4318155.093, 120
Trd, 4318155.743, 107
Trd, 4318156.893, 140
Trd, 4318158.143, 125
Trd, 4318158.493, 126
Trd, 4318159.343, 140
Trd, 4318159.393, 126
Trd, 4318160.143, 126
Trd, 4318160.393, 104
Trd, 4318161.793, 131
Trd, 4318162.293, 131
Trd, 4318163.393, 138
Trd, 4318163.543, 131
Trd, 4318164.043, 134
Trd, 4318164.493, 137
Trd, 4318164.843, 102
Trd, 4318164.943, 101
Trd, 4318165.443, 110
Trd, 4318165.493, 99
Trd, 4318168.193, 61
Trd, 4318169.093, 60
Trd, 4318171.893, 60
Trd, 4318172.543, 60
Trd, 4318173.343, 60
Trd, 4318174.643, 60
Trd, 4318174.743, 60
Trd, 4318174.893, 62
Trd, 4318175.493, 62
Trd, 4318175.793, 61
Trd, 4318176.293, 64
Trd, 4318176.393, 65
Trd, 4318177.643, 63
Trd, 4318178.043, 62
Trd, 4318178.243, 63
Trd, 4318178.493, 66
Trd, 4318178.743, 65
Trd, 4318179.443, 70
Trd, 4318179.493, 61
Trd, 4318181.343, 61
Trd, 4318181.793, 60
Trd, 4318182.043, 61
Trd, 4318183.043, 60
Trd, 4318186.293, 60
Trd, 4318186.443, 61
Trd, 4318186.493, 61
Trd, 4318187.093, 63
Trd, 4318187.143, 61
Trd, 4318187.393, 65
Trd, 4318188.393, 60
Trd, 4318188.443, 64
Trd, 4318190.243, 60
Trd, 4318192.143, 60
Trd, 4318193.743, 60
Trd, 4318193.793, 60
Trd, 4318194.043, 60
Trd, 4318194.443, 61
Trd, 4318194.593, 61
Trd, 4318195.093, 60
Trd, 4318195.193, 60
Trd, 4318195.443, 63
Trd, 4318196.243, 86
Trd, 4318197.743, 140
Trd, 4318198.743, 140
Trd, 4318198.843, 140
Trd, 4318199.493, 140
Trd, 4318200.293, 140
Trd, 4318201.343, 140
Trd, 4318201.643, 140
Trd, 4318201.943, 116
Trd, 4318202.543, 60
Trd, 4318204.393, 60
Trd, 4318204.943, 60
Trd, 4318206.693, 60
Trd, 4318208.143, 60
Trd, 4318209.443, 60
Trd, 4318210.643, 60
Trd, 4318211.293, 67
Trd, 4318211.443, 63
Trd, 4318211.643, 68
Trd, 4318211.743, 62
Trd, 4318212.343, 65
Trd, 4318213.993, 135
Trd, 4318214.243, 128
Trd, 4318214.743, 127
Trd, 4318216.093, 127
Trd, 4318216.293, 98
Trd, 4318216.743, 97
Trd, 4318217.393, 60
Trd, 4318217.543, 63
Trd, 4318218.143, 63
Trd, 4318218.643, 64
Trd, 4318219.343, 68
Trd, 4318219.743, 65
Trd, 4318221.093, 140
Trd, 4318221.243, 139
Trd, 4318221.393, 139
Trd, 4318222.843, 98
Trd, 4318223.093, 95
Trd, 4318223.693, 93
Trd, 4318224.493, 139
Trd, 4318226.443, 139
Trd, 4318227.393, 140
Trd, 4318227.843, 140
Trd, 4318227.893, 140
Trd, 4318228.493, 140
Trd, 4318229.893, 140
Trd, 4318230.843, 140
Trd, 4318231.993, 140
Trd, 4318232.143, 140
Trd, 4318232.443, 140
Trd, 4318232.543, 140
Trd, 4318233.043, 140
Trd, 4318233.593, 112
Trd, 4318234.143, 111
Trd, 4318234.693, 134
Trd, 4318234.843, 72
Trd, 4318235.793, 76
Trd, 4318236.093, 74
Trd, 4318236.693, 139
Trd, 4318238.593, 87
Trd, 4318238.893, 86
Trd, 4318239.593, 139
Trd, 4318239.693, 89
Trd, 4318240.593, 140
Trd, 4318240.943, 139
Trd, 4318241.793, 133
Trd, 4318242.093, 139
Trd, 4318242.543, 133
Trd, 4318243.293, 134
Trd, 4318245.393, 139
Trd, 4318245.593, 139
Trd, 4318246.693, 140
Trd, 4318247.093, 140
Trd, 4318247.193, 140
Trd, 4318247.443, 140
Trd, 4318248.343, 140
Trd, 4318249.393, 140
Trd, 4318249.543, 109
Trd, 4318251.343, 100
Trd, 4318251.893, 99
Trd, 4318252.193, 98
Trd, 4318252.443, 125
Trd, 4318253.193, 100
Trd, 4318253.393, 100
Trd, 4318253.443, 97
Trd, 4318255.393, 140
Trd, 4318255.493, 138
Trd, 4318256.493, 137
Trd, 4318257.393, 117
Trd, 4318258.443, 86
Trd, 4318258.543, 85
Trd, 4318259.543, 91
Trd, 4318260.493, 135
Trd, 4318260.743, 121
Trd, 4318262.343, 138
Trd, 4318262.493, 138
Trd, 4318263.193, 140
Trd, 4318264.343, 112
Trd, 4318264.393, 105
Trd, 4318266.643, 122
Trd, 4318267.243, 123
Trd, 4318267.393, 123
Trd, 4318268.193, 123
Trd, 4318268.893, 140
Trd, 4318269.293, 133
Trd, 4318270.643, 138
Trd, 4318270.843, 138
Trd, 4318271.293, 138
Trd, 4318271.643, 137
Trd, 4318272.443, 140
Trd, 4318273.943, 140
Trd, 4318274.093, 140
Trd, 4318275.993, 140
Trd, 4318276.043, 140
Trd, 4318276.143, 140
Trd, 4318276.293, 140
Trd, 4318276.343, 140
Trd, 4318276.743, 140
Trd, 4318277.593, 85
Trd, 4318277.893, 72
Trd, 4318280.243, 62
Trd, 4318280.343, 67
Trd, 4318280.793, 90
Trd, 4318282.493, 140
Trd, 4318283.793, 140
Trd, 4318283.893, 140
Trd, 4318285.443, 140
Trd, 4318285.543, 140
Trd, 4318285.643, 140
Trd, 4318286.743, 140
Trd, 4318287.093, 136
Trd, 4318288.543, 111
Trd, 4318289.493, 111
Trd, 4318289.843, 140
Trd, 4318291.493, 137
Trd, 4318292.093, 138
Trd, 4318292.193, 137
Trd, 4318292.493, 109
Trd, 4318292.543, 107
Trd, 4318293.793, 89
Trd, 4318294.843, 140
Trd, 4318295.643, 140
Trd, 4318296.843, 139
Trd, 4318297.293, 111
Trd, 4318297.543, 112
Trd, 4318298.543, 112
Trd, 4318298.793, 112
Trd, 4318299.343, 88
Trd, 4318300.843, 64
Trd, 4318301.793, 61
Trd, 4318302.843, 61
Trd, 4318302.993, 63
Trd, 4318304.243, 62
Trd, 4318304.993, 63
Trd, 4318307.043, 60
Trd, 4318307.393, 63
Trd, 4318307.443, 62
Trd, 4318307.693, 67
Trd, 4318308.593, 68
Trd, 4318308.743, 69
Trd, 4318309.643, 74
Trd, 4318310.843, 106
Trd, 4318311.593, 140
Trd, 4318312.193, 140
Trd, 4318312.593, 140
Trd, 4318313.043, 140
Trd, 4318313.243, 140
Trd, 4318313.793, 140
Trd, 4318314.393, 137
Trd, 4318315.993, 140
Trd, 4318316.143, 140
Trd, 4318317.243, 140
Trd, 4318317.793, 140
Trd, 4318318.143, 140
Trd, 4318319.443, 140
Trd, 4318319.893, 140
Trd, 4318320.043, 140
Trd, 4318320.143, 140
Trd, 4318322.043, 140
Trd, 4318323.093, 140
Trd, 4318323.343, 140
Trd, 4318323.393, 111
Trd, 4318323.793, 140
Trd, 4318324.043, 96
Trd, 4318326.343, 140
Trd, 4318327.043, 140
Trd, 4318327.943, 140
Trd, 4318328.243, 140
Trd, 4318328.443, 138
Trd, 4318328.593, 140
Trd, 4318330.743, 140
Trd, 4318330.843, 140
Trd, 4318331.093, 103
Trd, 4318332.293, 101
Trd, 4318333.193, 140
Trd, 4318333.743, 139
Trd, 4318334.843, 140
Trd, 4318334.943, 139
Trd, 4318336.443, 140
Trd, 4318336.843, 140
Trd, 4318337.293, 140
Trd, 4318337.793, 139
Trd, 4318338.993, 140
Trd, 4318339.443, 140
Trd, 4318341.143, 64
Trd, 4318341.293, 65
Trd, 4318342.193, 60
Trd, 4318342.743, 65
Trd, 4318343.193, 60
Trd, 4318343.793, 62
Trd, 4318344.043, 62
Trd, 4318344.943, 64
Trd, 4318345.343, 60
Trd, 4318346.343, 63
Trd, 4318347.043, 73
Trd, 4318347.343, 61
Trd, 4318347.743, 74
Trd, 4318347.843, 68
Trd, 4318348.343, 73
Trd, 4318348.443, 71
Trd, 4318349.393, 66
Trd, 4318349.693, 68
Trd, 4318350.543, 120
Trd, 4318351.543, 140
Trd, 4318352.043, 140
Trd, 4318353.193, 66
Trd, 4318357.343, 60
Trd, 4318357.493, 60
Trd, 4318357.793, 60
Trd, 4318357.993, 61
Trd, 4318358.343, 64
Trd, 4318358.593, 60
Trd, 4318358.743, 63
Trd, 4318359.743, 60
Trd, 4318360.443, 62
Trd, 4318360.743, 64
Trd, 4318361.993, 60
Trd, 4318362.643, 61
Trd, 4318363.043, 62
Trd, 4318363.393, 63
Trd, 4318363.443, 60
Trd, 4318363.543, 67
Trd, 4318364.793, 65
Trd, 4318365.193, 60
Trd, 4318367.893, 60
Trd, 4318369.193, 60
Trd, 4318372.493, 60
Trd, 4318372.543, 60
Trd, 4318372.943, 65
Trd, 4318373.143, 64
Trd, 4318373.343, 63
Trd, 4318373.893, 63
Trd, 4318374.243, 64
Trd, 4318374.293, 63
Trd, 4318374.443, 66
Trd, 4318374.693, 60
Trd, 4318374.993, 61
Trd, 4318376.143, 140
Trd, 4318376.893, 62
Trd, 4318378.593, 60
Trd, 4318380.993, 60
Trd, 4318383.393, 60
Trd, 4318383.443, 60
Trd, 4318383.693, 60
Trd, 4318383.893, 61
Trd, 4318384.393, 60
Trd, 4318384.543, 62
Trd, 4318384.943, 62
Trd, 4318385.693, 61
Trd, 4318385.843, 60
Trd, 4318386.193, 62
Trd, 4318388.393, 60
Trd, 4318389.943, 60
Trd, 4318391.543, 60
Trd, 4318392.343, 60
Trd, 4318393.493, 60
Trd, 4318394.043, 60
Trd, 4318394.393, 60
Trd, 4318394.493, 60
Trd, 4318394.593, 60
Trd, 4318395.243, 60
Trd, 4318395.643, 61
Trd, 4318395.993, 60
Trd, 4318396.493, 61
Trd, 4318396.993, 61
Trd, 4318398.743, 60
Trd, 4318402.043, 60
Trd, 4318402.493, 60
Trd, 4318402.543, 60
Trd, 4318403.043, 60
Trd, 4318403.193, 60
Trd, 4318403.443, 62
Trd, 4318403.593, 62
Trd, 4318403.893, 66
Trd, 4318405.143, 78
Trd, 4318405.743, 83
Trd, 4318406.993, 98
Trd, 4318407.093, 119
Trd, 4318407.843, 63
Trd, 4318408.043, 60
Trd, 4318411.193, 61
Trd, 4318411.643, 60
Trd, 4318412.793, 61
Trd, 4318413.593, 63
Trd, 4318415.193, 61
Trd, 4318415.343, 61
Trd, 4318415.443, 62
Trd, 4318415.993, 61
Trd, 4318416.493, 61
Trd, 4318417.843, 60
Trd, 4318418.743, 60
Trd, 4318418.893, 62
Trd, 4318419.293, 65
Trd, 4318420.243, 63
Trd, 4318420.543, 64
Trd, 4318420.843, 64
Trd, 4318420.993, 63
Trd, 4318421.693, 61
Trd, 4318422.393, 66
Trd, 4318423.043, 65
Trd, 4318423.293, 140
Trd, 4318424.393, 64
Trd, 4318424.893, 64
Trd, 4318425.843, 140
Trd, 4318427.393, 140
Trd, 4318427.743, 140
Trd, 4318427.793, 140
Trd, 4318428.593, 140
Trd, 4318428.693, 140
Trd, 4318429.393, 140
Trd, 4318429.443, 107
Trd, 4318431.393, 140
Trd, 4318432.443, 140
Trd, 4318432.543, 140
Trd, 4318433.043, 140
Trd, 4318433.693, 104
Trd, 4318434.493, 140
Trd, 4318434.693, 111
Trd, 4318435.343, 110
Trd, 4318435.443, 104
Trd, 4318435.843, 138
Trd, 4318435.893, 88
Trd, 4318437.293, 140
Trd, 4318437.443, 139
Trd, 4318437.993, 140
Trd, 4318440.243, 60
Trd, 4318440.643, 73
Trd, 4318442.993, 60
Trd, 4318443.493, 66
Trd, 4318443.643, 65
Trd, 4318443.993, 65
Trd, 4318444.243, 65
Trd, 4318444.393, 62
Trd, 4318445.293, 69
Trd, 4318445.443, 65
Trd, 4318446.843, 61
Trd, 4318447.943, 60
Trd, 4318450.343, 61
Trd, 4318451.493, 61
Trd, 4318451.593, 64
Trd, 4318451.843, 64
Trd, 4318451.943, 63
Trd, 4318452.793, 63
Trd, 4318452.843, 65
Trd, 4318453.043, 63
Trd, 4318453.393, 68
Trd, 4318453.743, 68
Trd, 4318454.143, 68
Trd, 4318455.093, 61
Trd, 4318457.743, 63
Trd, 4318457.993, 60
Trd, 4318459.243, 60
Trd, 4318460.043, 60
Trd, 4318460.993, 60
Trd, 4318461.793, 61
Trd, 4318462.893, 61
Trd, 4318463.993, 62
Trd, 4318464.643, 60
Trd, 4318467.743, 60
Trd, 4318467.943, 60
Trd, 4318468.293, 60
Trd, 4318468.443, 62
Trd, 4318468.893, 60
Trd, 4318469.593, 60
Trd, 4318469.943, 61
Trd, 4318470.293, 61
Trd, 4318471.343, 60
Trd, 4318471.493, 60
Trd, 4318474.143, 60
Trd, 4318474.793, 60
Trd, 4318475.243, 61
Trd, 4318476.043, 62
Trd, 4318477.293, 60
Trd, 4318477.393, 61
Trd, 4318478.043, 62
Trd, 4318478.293, 64
Trd, 4318478.593, 64
Trd, 4318479.693, 64
Trd, 4318479.743, 63
Trd, 4318479.843, 64
Trd, 4318480.693, 62
Trd, 4318481.493, 138
Trd, 4318481.593, 137
Trd, 4318481.993, 67
Trd, 4318482.293, 62
Trd, 4318483.043, 60
Trd, 4318483.393, 64
Trd, 4318485.293, 63
Trd, 4318486.343, 60
Trd, 4318487.643, 60
Trd, 4318488.443, 60
Trd, 4318488.693, 61
Trd, 4318488.793, 60
Trd, 4318489.343, 62
Trd, 4318489.793, 63
Trd, 4318489.893, 62
Trd, 4318492.293, 60
Trd, 4318493.993, 60
Trd, 4318494.443, 60
Trd, 4318495.093, 60
Trd, 4318495.193, 60
Trd, 4318495.493, 61
Trd, 4318495.543, 60
Trd, 4318495.943, 71
Trd, 4318496.343, 70
Trd, 4318496.893, 71
Trd, 4318497.443, 126
Trd, 4318497.493, 72
Trd, 4318497.743, 69
Trd, 4318500.043, 60
Trd, 4318501.943, 60
Trd, 4318502.793, 60
Trd, 4318503.143, 60
Trd, 4318503.593, 60
Trd, 4318503.893, 62
Trd, 4318504.043, 61
Trd, 4318505.243, 60
Trd, 4318505.443, 60
Trd, 4318506.043, 60
Trd, 4318506.593, 62
Trd, 4318506.643, 70
Trd, 4318507.393, 64
Trd, 4318507.693, 62
Trd, 4318508.443, 74
Trd, 4318509.343, 61
Trd, 4318512.593, 60
Trd, 4318514.093, 60
Trd, 4318514.343, 61
Trd, 4318514.493, 60
Trd, 4318514.743, 60
Trd, 4318514.843, 61
Trd, 4318514.943, 60
Trd, 4318516.493, 61
Trd, 4318517.343, 60
Trd, 4318519.493, 60
Trd, 4318520.843, 60
Trd, 4318523.543, 60
Trd, 4318523.793, 60
Trd, 4318523.893, 60
Trd, 4318524.143, 62
Trd, 4318524.293, 62
Trd, 4318524.693, 63
Trd, 4318525.193, 63
Trd, 4318525.243, 64
Trd, 4318525.893, 66
Trd, 4318526.193, 60
Trd, 4318528.043, 60
Trd, 4318529.943, 60
Trd, 4318530.243, 60
Trd, 4318530.443, 62
Trd, 4318530.593, 62
Trd, 4318530.893, 65
Trd, 4318531.093, 63
Trd, 4318531.193, 62
Trd, 4318532.243, 140
Trd, 4318532.393, 140
Trd, 4318533.643, 92
Trd, 4318535.093, 116
Trd, 4318535.493, 94
Trd, 4318536.443, 100
Trd, 4318536.593, 99
Trd, 4318537.043, 99
Trd, 4318537.293, 136
Trd, 4318539.943, 60
Trd, 4318540.393, 60
Trd, 4318541.043, 62
Trd, 4318541.193, 63
Trd, 4318541.343, 63
Trd, 4318542.043, 66
Trd, 4318542.093, 65
Trd, 4318542.143, 63
Trd, 4318542.443, 67
Trd, 4318543.493, 135
Trd, 4318544.993, 74
Trd, 4318545.293, 72
Trd, 4318547.693, 60
Trd, 4318547.843, 67
Trd, 4318548.593, 66
Trd, 4318549.243, 60
Trd, 4318553.043, 60
Trd, 4318554.693, 60
Trd, 4318554.793, 60
Trd, 4318555.043, 60
Trd, 4318555.543, 61
Trd, 4318555.993, 61
Trd, 4318556.193, 65
Trd, 4318556.743, 138
Trd, 4318557.143, 62
Trd, 4318558.493, 68
Trd, 4318558.543, 66
Trd, 4318559.593, 60
Trd, 4318559.943, 64
Trd, 4318560.543, 60
Trd, 4318561.593, 60
Trd, 4318561.893, 61
Trd, 4318563.093, 61
Trd, 4318563.443, 64
Trd, 4318563.943, 64
Trd, 4318565.143, 140
Trd, 4318566.343, 140
Trd, 4318566.743, 140
Trd, 4318567.543, 90
Trd, 4318567.593, 89
Trd, 4318569.693, 64
Trd, 4318569.943, 67
Trd, 4318570.293, 62
Trd, 4318570.643, 65
Trd, 4318570.993, 61
Trd, 4318571.393, 61
Trd, 4318572.193, 62
Trd, 4318572.643, 62
Trd, 4318572.743, 61
Trd, 4318573.143, 140
Trd, 4318574.493, 60
Trd, 4318574.993, 60
Trd, 4318579.143, 60
Trd, 4318579.343, 60
Trd, 4318580.693, 60
Trd, 4318581.243, 60
Trd, 4318581.893, 61
Trd, 4318582.293, 61
Trd, 4318583.193, 61
Trd, 4318583.643, 60
Trd, 4318585.043, 60
Trd, 4318586.393, 60
Trd, 4318586.443, 60
Trd, 4318586.943, 64
Trd, 4318587.393, 61
Trd, 4318587.493, 68
Trd, 4318588.593, 64
Trd, 4318588.693, 63
Trd, 4318588.843, 67
Trd, 4318589.443, 63
Trd, 4318591.643, 74
Trd, 4318592.393, 79
Trd, 4318592.693, 81
Trd, 4318592.893, 137
Trd, 4318593.143, 80
Trd, 4318593.243, 79
Trd, 4318594.043, 77
Trd, 4318594.693, 76
Trd, 4318595.143, 61
Trd, 4318595.743, 62
Trd, 4318596.893, 60
Trd, 4318597.293, 63
Trd, 4318598.393, 140
Trd, 4318599.343, 140
Trd, 4318599.543, 140
Trd, 4318600.043, 140
Trd, 4318601.343, 140
Trd, 4318601.543, 140
Trd, 4318601.743, 140
Trd, 4318601.893, 140
Trd, 4318603.293, 140
Trd, 4318604.093, 140
Trd, 4318604.893, 140
Trd, 4318605.893, 140
Trd, 4318607.243, 140
Trd, 4318607.793, 140
Trd, 4318608.043, 140
Trd, 4318608.593, 140
Trd, 4318609.943, 139
Trd, 4318609.993, 138
Trd, 4318611.143, 113
Trd, 4318612.143, 128
Trd, 4318612.593, 140
Trd, 4318613.243, 136
Trd, 4318613.293, 116
Trd, 4318613.893, 138
Trd, 4318614.493, 117
Trd, 4318615.093, 140
Trd, 4318616.393, 140
Trd, 4318616.743, 140
Trd, 4318617.093, 140
Trd, 4318618.493, 140
Trd, 4318618.593, 140
Trd, 4318619.343, 140
Trd, 4318619.543, 139
Trd, 4318619.793, 138
Trd, 4318620.793, 104
Trd, 4318620.943, 84
Trd, 4318623.693, 112
Trd, 4318624.693, 64
Trd, 4318625.943, 60
Trd, 4318627.093, 60
Trd, 4318627.543, 60
Trd, 4318629.693, 60
Trd, 4318630.543, 60
Trd, 4318630.943, 61
Trd, 4318631.193, 61
Trd, 4318631.343, 63
Trd, 4318632.243, 60
Trd, 4318632.793, 61
Trd, 4318633.543, 60
Trd, 4318633.793, 60
Trd, 4318634.243, 63
Trd, 4318634.543, 63
Trd, 4318634.593, 62
Trd, 4318636.043, 63
Trd, 4318636.493, 65
Trd, 4318636.593, 64
Trd, 4318636.843, 64
Trd, 4318636.893, 63
Trd, 4318637.993, 68
Trd, 4318638.243, 64
Trd, 4318639.543, 62
Trd, 4318640.143, 70
Trd, 4318641.343, 62
Trd, 4318644.893, 60
Trd, 4318645.443, 60
Trd, 4318646.693, 61
Trd, 4318646.843, 64
Trd, 4318647.093, 63
Trd, 4318647.193, 62
Trd, 4318647.993, 65
Trd, 4318648.243, 62
Trd, 4318648.693, 139
Trd, 4318650.543, 61
Trd, 4318650.993, 61
Trd, 4318651.643, 65
Trd, 4318653.193, 62
Trd, 4318653.393, 62
Trd, 4318653.543, 64
Trd, 4318654.993, 65
Trd, 4318655.293, 70
Trd, 4318655.793, 66
Trd, 4318656.243, 68
Trd, 4318657.943, 60
Trd, 4318657.993, 61
Trd, 4318658.243, 71
Trd, 4318659.743, 60
Trd, 4318662.093, 60
Trd, 4318662.443, 60
Trd, 4318665.893, 60
Trd, 4318666.043, 60
Trd, 4318666.443, 60
Trd, 4318666.793, 60
Trd, 4318667.193, 61
Trd, 4318667.443, 61
Trd, 4318667.743, 66
Trd, 4318672.143, 60
Trd, 4318672.393, 60
Trd, 4318673.093, 60
Trd, 4318674.143, 60
Trd, 4318674.193, 61
Trd, 4318676.843, 60
Trd, 4318676.943, 62
Trd, 4318677.093, 63
Trd, 4318677.343, 63
Trd, 4318677.493, 61
Trd, 4318678.343, 62
Trd, 4318678.793, 61
Trd, 4318680.243, 60
Trd, 4318680.893, 64
Trd, 4318681.643, 64
Trd, 4318683.293, 60
Trd, 4318684.593, 60
Trd, 4318685.393, 60
Trd, 4318686.293, 63
Trd, 4318686.693, 62
Trd, 4318686.793, 60
Trd, 4318688.643, 60
Trd, 4318689.193, 60
Trd, 4318689.493, 61
Trd, 4318689.843, 62
Trd, 4318689.993, 67
Trd, 4318690.193, 65
Trd, 4318690.693, 63
Trd, 4318690.943, 61
Trd, 4318691.343, 139
Trd, 4318692.593, 140
Trd, 4318692.643, 140
Trd, 4318692.693, 139
Trd, 4318694.693, 63
Trd, 4318697.093, 60
Trd, 4318697.793, 60
Trd, 4318699.293, 60
Trd, 4318700.143, 62
Trd, 4318701.343, 60
Trd, 4318701.493, 60
Trd, 4318701.943, 61
Trd, 4318701.993, 63
Trd, 4318702.993, 60
Trd, 4318703.393, 61
Trd, 4318703.693, 62
Trd, 4318704.543, 60
Trd, 4318705.543, 61
Trd, 4318706.743, 60
Trd, 4318707.043, 61
Trd, 4318708.293, 60
Trd, 4318708.443, 62
Trd, 4318708.893, 63
Trd, 4318710.543, 62
Trd, 4318710.643, 62
Trd, 4318711.043, 140
Trd, 4318711.243, 65
Trd, 4318712.543, 66
Trd, 4318713.393, 69
Trd, 4318713.793, 73
Trd, 4318714.043, 72
Trd, 4318715.143, 139
Trd, 4318715.993, 140
Trd, 4318716.443, 140
Trd, 4318717.393, 140
Trd, 4318717.443, 138
Trd, 4318718.193, 117
Trd, 4318719.493, 140
Trd, 4318719.993, 139
Trd, 4318720.343, 121
Trd, 4318720.943, 140
Trd, 4318721.143, 139
Trd, 4318722.643, 115
Trd, 4318723.243, 140
Trd, 4318724.543, 140
Trd, 4318725.593, 140
Trd, 4318726.143, 140
Trd, 4318726.193, 140
Trd, 4318726.843, 140
Trd, 4318727.293, 140
Trd, 4318728.593, 140
Trd, 4318728.893, 140
Trd, 4318729.743, 140
Trd, 4318730.193, 140
Trd, 4318731.043, 140
Trd, 4318731.443, 140
Trd, 4318731.693, 140
Trd, 4318732.293, 140
Trd, 4318732.493, 140
Trd, 4318732.693, 115
Trd, 4318733.193, 138
Trd, 4318734.793, 139
Trd, 4318735.743, 140
Trd, 4318735.993, 140
Trd, 4318736.493, 139
Trd, 4318736.893, 138
Trd, 4318737.143, 137
Trd, 4318739.793, 140
Trd, 4318740.043, 140
Trd, 4318740.493, 140
Trd, 4318740.843, 140
Trd, 4318741.043, 140
Trd, 4318742.343, 140
Trd, 4318742.793, 140
Trd, 4318743.443, 140
Trd, 4318744.143, 140
Trd, 4318745.443, 140
Trd, 4318745.793, 140
Trd, 4318745.843, 140
Trd, 4318745.893, 140
Trd, 4318747.243, 140
Trd, 4318747.393, 140
Trd, 4318747.443, 124
Trd, 4318749.593, 75
Trd, 4318750.493, 138
Trd, 4318750.943, 139
Trd, 4318751.343, 140
Trd, 4318752.743, 140
Trd, 4318753.293, 140
Trd, 4318753.343, 140
Trd, 4318753.643, 140
Trd, 4318755.043, 140
Trd, 4318755.443, 140
Trd, 4318757.293, 140
Trd, 4318758.143, 140
Trd, 4318758.243, 140
Trd, 4318759.043, 140
Trd, 4318759.093, 140
Trd, 4318759.943, 140
Trd, 4318760.843, 140
Trd, 4318761.243, 140
Trd, 4318762.993, 140
Trd, 4318763.143, 140
Trd, 4318763.193, 140
Trd, 4318763.443, 139
Trd, 4318765.393, 91
Trd, 4318766.093, 102
Trd, 4318766.343, 140
Trd, 4318766.593, 102
Trd, 4318768.193, 140
Trd, 4318768.743, 140
Trd, 4318769.943, 140
Trd, 4318770.793, 140
Trd, 4318771.543, 140
Trd, 4318773.243, 140
Trd, 4318773.843, 140
Trd, 4318773.943, 140
Trd, 4318774.443, 140
Trd, 4318775.143, 140
Trd, 4318776.693, 140
Trd, 4318776.893, 140
Trd, 4318777.093, 139
Trd, 4318777.743, 139
Trd, 4318778.393, 139
Trd, 4318778.693, 138
Trd, 4318780.743, 140
Trd, 4318780.793, 139
Trd, 4318780.943, 140
Trd, 4318782.543, 140
Trd, 4318782.593, 140
Trd, 4318782.893, 86
Trd, 4318784.693, 60
Trd, 4318785.243, 61
Trd, 4318785.343, 62
Trd, 4318786.893, 140
Trd, 4318786.943, 140
Trd, 4318787.193, 140
Trd, 4318787.243, 140
Trd, 4318787.393, 139
Trd, 4318789.093, 60
Trd, 4318791.443, 60
Trd, 4318791.593, 60
Trd, 4318791.943, 65
Trd, 4318792.543, 60
Trd, 4318792.943, 64
Trd, 4318793.243, 61
Trd, 4318793.893, 64
Trd, 4318794.993, 140
Trd, 4318795.443, 81
Trd, 4318796.243, 84
Trd, 4318797.043, 86
Trd, 4318797.543, 140
Trd, 4318797.593, 139
Trd, 4318797.743, 84
Trd, 4318798.843, 117
Trd, 4318798.943, 102
Trd, 4318799.143, 140
Trd, 4318801.693, 140
Trd, 4318801.993, 140
Trd, 4318802.543, 140
Trd, 4318803.343, 140
Trd, 4318804.043, 140
Trd, 4318804.143, 140
Trd, 4318805.593, 69
Trd, 4318805.843, 65
Trd, 4318807.093, 60
Trd, 4318808.493, 60
Trd, 4318808.543, 61
Trd, 4318808.993, 63
Trd, 4318809.393, 61
Trd, 4318809.793, 64
Trd, 4318810.193, 62
Trd, 4318810.493, 62
Trd, 4318810.793, 63
Trd, 4318811.643, 63
Trd, 4318812.393, 66
Trd, 4318812.543, 65
Trd, 4318814.193, 140
Trd, 4318814.243, 140
Trd, 4318815.393, 60
Trd, 4318815.943, 65
Trd, 4318817.843, 83
Trd, 4318817.893, 131
Trd, 4318818.543, 78
Trd, 4318818.643, 76
Trd, 4318820.143, 138
Trd, 4318821.293, 88
Trd, 4318822.143, 90
Trd, 4318822.343, 89
Trd, 4318823.443, 136
Trd, 4318824.243, 107
Trd, 4318825.893, 140
Trd, 4318826.143, 140
Trd, 4318826.543, 140
Trd, 4318826.943, 140
Trd, 4318828.193, 140
Trd, 4318828.543, 139
Trd, 4318828.993, 103
Trd, 4318829.393, 80
Trd, 4318830.643, 94
Trd, 4318831.343, 95
Trd, 4318832.193, 132
Trd, 4318833.043, 140
Trd, 4318833.693, 140
Trd, 4318836.093, 140
Trd, 4318836.493, 140
Trd, 4318836.793, 140
Trd, 4318838.343, 140
Trd, 4318838.393, 140
Trd, 4318838.743, 139
Trd, 4318839.193, 139
Trd, 4318839.293, 139
Trd, 4318841.043, 140
Trd, 4318841.743, 140
Trd, 4318841.943, 140
Trd, 4318842.693, 137
Trd, 4318842.843, 136
Trd, 4318844.793, 60
Trd, 4318845.093, 60
Trd, 4318845.743, 61
Trd, 4318849.493, 60
Trd, 4318849.993, 60
Trd, 4318850.443, 60
Trd, 4318851.743, 62
Trd, 4318851.893, 63
Trd, 4318852.043, 62
Trd, 4318852.143, 63
Trd, 4318852.243, 63
Trd, 4318852.843, 62
Trd, 4318852.943, 61
Trd, 4318853.293, 67
Trd, 4318854.243, 61
Trd, 4318855.543, 65
Trd, 4318856.443, 75
Trd, 4318856.743, 73
Trd, 4318856.993, 139
Trd, 4318857.293, 135
Trd, 4318857.843, 136
Trd, 4318858.543, 136
Trd, 4318858.693, 136
Trd, 4318861.293, 140
Trd, 4318861.743, 140
Trd, 4318862.243, 140
Trd, 4318863.043, 140
Trd, 4318863.443, 140
Trd, 4318864.693, 140
Trd, 4318865.193, 140
Trd, 4318865.293, 140
Trd, 4318865.493, 140
Trd, 4318866.043, 140
Trd, 4318866.893, 140
Trd, 4318868.843, 140
Trd, 4318870.643, 140
Trd, 4318870.693, 140
Trd, 4318870.793, 140
Trd, 4318870.993, 138
Trd, 4318872.543, 115
Trd, 4318872.593, 114
Trd, 4318872.843, 87
Trd, 4318874.293, 80
Trd, 4318874.943, 62
Trd, 4318876.243, 140
Trd, 4318876.743, 140
Trd, 4318876.993, 140
Trd, 4318877.693, 140
Trd, 4318878.143, 140
Trd, 4318878.343, 138
Trd, 4318878.893, 138
Trd, 4318879.843, 136
Trd, 4318881.693, 62
Trd, 4318881.893, 63
Trd, 4318883.193, 61
Trd, 4318886.143, 60
Trd, 4318886.493, 60
Trd, 4318886.893, 60
Trd, 4318886.943, 61
Trd, 4318888.593, 60
Trd, 4318890.193, 60
Trd, 4318890.393, 62
Trd, 4318890.443, 62
Trd, 4318890.743, 62
Trd, 4318891.193, 63
Trd, 4318892.343, 61
Trd, 4318892.643, 62
Trd, 4318892.693, 61
Trd, 4318893.043, 63
Trd, 4318894.943, 65
Trd, 4318895.843, 130
Trd, 4318895.893, 68
Trd, 4318896.193, 65
Trd, 4318896.393, 63
Trd, 4318896.893, 61
Trd, 4318897.293, 64
Trd, 4318899.093, 60
Trd, 4318899.993, 60
Trd, 4318901.043, 63
Trd, 4318902.793, 60
Trd, 4318903.843, 60
Trd, 4318904.293, 61
Trd, 4318904.643, 61
Trd, 4318905.043, 62
Trd, 4318905.093, 61
Trd, 4318905.293, 60
Trd, 4318905.893, 68
Trd, 4318909.793, 60
Trd, 4318910.093, 60
Trd, 4318911.243, 60
Trd, 4318911.643, 60
Trd, 4318911.843, 60
Trd, 4318912.193, 60
Trd, 4318912.393, 60
Trd, 4318913.793, 60
Trd, 4318914.293, 63
Trd, 4318914.993, 62
Trd, 4318916.093, 68
Trd, 4318916.243, 65
Trd, 4318916.343, 65
Trd, 4318916.593, 62
Trd, 4318917.493, 67
Trd, 4318918.593, 139
Trd, 4318919.593, 60
Trd, 4318920.143, 60
Trd, 4318921.993, 60
Trd, 4318924.393, 60
Trd, 4318924.593, 60
Trd, 4318924.843, 60
Trd, 4318925.043, 60
Trd, 4318925.393, 61
Trd, 4318926.343, 60
Trd, 4318926.843, 60
Trd, 4318927.593, 60
Trd, 4318927.893, 60
Trd, 4318928.143, 61
Trd, 4318928.343, 62
Trd, 4318928.743, 61
Trd, 4318929.543, 61
Trd, 4318931.093, 63
Trd, 4318933.693, 60
Trd, 4318934.743, 60
Trd, 4318934.893, 61
Trd, 4318934.993, 60
Trd, 4318935.543, 62
Trd, 4318935.693, 63
Trd, 4318936.093, 62
Trd, 4318937.343, 62
Trd, 4318937.443, 66
Trd, 4318937.693, 64
Trd, 4318938.143, 65
Trd, 4318938.793, 60
Trd, 4318939.693, 62
Trd, 4318940.543, 61
Trd, 4318941.243, 60
Trd, 4318941.443, 63
Trd, 4318941.843, 65
Trd, 4318942.943, 136
Trd, 4318943.393, 64
Trd, 4318943.593, 140
Trd, 4318944.143, 66
Trd, 4318946.093, 75
Trd, 4318946.443, 74
Trd, 4318947.143, 68
Trd, 4318947.543, 68
Trd, 4318948.043, 135
Trd, 4318949.093, 139
Trd, 4318950.143, 118
Trd, 4318950.343, 117
Trd, 4318950.543, 116
Trd, 4318951.393, 138
Trd, 4318952.143, 82
Trd, 4318953.093, 120
Trd, 4318954.193, 140
Trd, 4318954.493, 140
Trd, 4318955.443, 140
Trd, 4318956.993, 140
Trd, 4318958.293, 140
Trd, 4318958.443, 140
Trd, 4318958.593, 140
Trd, 4318958.993, 137
Trd, 4318959.293, 129
Trd, 4318959.593, 99
Trd, 4318961.843, 60
Trd, 4318963.293, 61
Trd, 4318964.843, 60
Trd, 4318965.043, 62
Trd, 4318965.093, 65
Trd, 4318965.343, 62
Trd, 4318965.593, 63
Trd, 4318965.893, 60
Trd, 4318965.993, 60
Trd, 4318966.243, 63
Trd, 4318967.343, 140
Trd, 4318967.643, 140
Trd, 4318969.443, 140
Trd, 4318969.893, 139
Trd, 4318969.993, 138
Trd, 4318970.443, 65
Trd, 4318970.643, 63
Trd, 4318970.893, 66
Trd, 4318971.293, 97
Trd, 4318973.293, 68
Trd, 4318976.243, 60
Trd, 4318977.243, 60
Trd, 4318978.093, 60
Trd, 4318978.343, 60
Trd, 4318978.443, 60
Trd, 4318979.643, 60
Trd, 4318980.793, 60
Trd, 4318980.893, 60
Trd, 4318981.193, 61
Trd, 4318981.293, 62
Trd, 4318981.743, 61
Trd, 4318982.043, 61
Trd, 4318982.193, 66
Trd, 4318988.443, 60
Trd, 4318988.493, 60
Trd, 4318989.293, 60
Trd, 4318989.393, 61
Trd, 4318989.693, 60
Trd, 4318990.193, 61
Trd, 4318990.643, 60
Trd, 4318991.343, 65
Trd, 4318991.893, 65
Trd, 4318992.143, 64
Trd, 4318993.043, 65
Trd, 4318993.543, 64
Trd, 4318994.293, 65
Trd, 4318994.643, 65
Trd, 4318996.293, 140
Trd, 4318996.543, 139
Trd, 4318996.793, 115
Trd, 4318997.343, 116
Trd, 4318997.643, 114
Trd, 4318998.393, 131
Trd, 4318998.593, 101
Trd, 4319000.943, 62
Trd, 4319002.443, 60
Trd, 4319004.443, 60
Trd, 4319005.543, 60
Trd, 4319006.243, 60
Trd, 4319006.793, 60
Trd, 4319007.643, 60
Trd, 4319007.693, 60
Trd, 4319007.793, 61
Trd, 4319009.593, 60
Trd, 4319009.893, 61
Trd, 4319010.393, 64
Trd, 4319010.943, 62
Trd, 4319011.193, 61
Trd, 4319011.643, 61
Trd, 4319013.343, 61
Trd, 4319013.543, 62
Trd, 4319015.193, 60
Trd, 4319015.293, 62
Trd, 4319018.393, 60
Trd, 4319018.493, 60
Trd, 4319018.693, 60
Trd, 4319019.193, 60
Trd, 4319019.343, 64
Trd, 4319019.843, 61
Trd, 4319019.893, 65
Trd, 4319023.543, 60
Trd, 4319025.293, 60
Trd, 4319025.593, 60
Trd, 4319026.093, 61
Trd, 4319028.393, 60
Trd, 4319028.543, 60
Trd, 4319028.643, 60
Trd, 4319028.793, 63
Trd, 4319028.893, 64
Trd, 4319029.293, 60
Trd, 4319029.793, 64
Trd, 4319030.043, 65
Trd, 4319030.143, 64
Trd, 4319030.893, 138
Trd, 4319034.243, 60
Trd, 4319035.093, 60
Trd, 4319035.243, 60
Trd, 4319035.293, 60
Trd, 4319036.793, 62
Trd, 4319036.843, 63
Trd, 4319037.243, 64
Trd, 4319037.693, 67
Trd, 4319038.293, 63
Trd, 4319039.643, 60
Trd, 4319040.593, 60
Trd, 4319040.693, 63
Trd, 4319041.093, 60
Trd, 4319043.143, 61
Trd, 4319043.543, 61
Trd, 4319044.193, 62
Trd, 4319044.893, 63
Trd, 4319044.993, 64
Trd, 4319045.443, 65
Trd, 4319046.293, 69
Trd, 4319046.893, 70
Trd, 4319047.793, 60
Trd, 4319047.843, 60
Trd, 4319051.143, 60
Trd, 4319051.843, 60
Trd, 4319051.993, 61
Trd, 4319054.493, 60
Trd, 4319054.593, 63
Trd, 4319054.793, 61
Trd, 4319054.843, 65
Trd, 4319055.293, 64
Trd, 4319055.743, 62
Trd, 4319056.993, 61
Trd, 4319057.543, 60
Trd, 4319059.643, 61
Trd, 4319060.993, 60
Trd, 4319062.293, 60
Trd, 4319063.793, 60
Trd, 4319064.793, 60
Trd, 4319065.043, 61
Trd, 4319065.093, 60
Trd, 4319065.393, 62
Trd, 4319065.743, 61
Trd, 4319065.993, 61
Trd, 4319066.043, 60
Trd, 4319066.093, 63
Trd, 4319068.743, 60
Trd, 4319070.493, 60
Trd, 4319070.643, 60
Trd, 4319071.193, 60
Trd, 4319073.893, 60
Trd, 4319074.293, 61
Trd, 4319074.443, 61
Trd, 4319074.743, 66
Trd, 4319074.843, 64
Trd, 4319074.893, 68
Trd, 4319075.793, 139
Trd, 4319076.243, 140
Trd, 4319076.443, 140
Trd, 4319077.893, 140
Trd, 4319078.393, 140
Trd, 4319078.443, 140
Trd, 4319078.493, 127
Trd, 4319080.493, 60
Trd, 4319081.343, 60
Trd, 4319083.243, 60
Trd, 4319084.793, 60
Trd, 4319085.493, 60
Trd, 4319085.993, 62
Trd, 4319086.143, 61
Trd, 4319086.643, 61
Trd, 4319086.793, 61
Trd, 4319087.093, 61
Trd, 4319087.643, 63
Trd, 4319087.793, 62
Trd, 4319088.093, 96
Trd, 4319089.943, 60
Trd, 4319091.493, 60
Trd, 4319094.143, 60
Trd, 4319095.493, 60
Trd, 4319095.593, 60
Trd, 4319095.843, 60
Trd, 4319096.643, 60
Trd, 4319096.893, 60
Trd, 4319097.493, 60
Trd, 4319097.643, 61
Trd, 4319098.043, 61
Trd, 4319098.293, 62
Trd, 4319098.443, 63
Trd, 4319099.443, 63
Trd, 4319102.493, 60
Trd, 4319102.693, 60
Trd, 4319102.843, 67
Trd, 4319103.043, 60
Trd, 4319103.543, 61
Trd, 4319103.593, 63
Trd, 4319104.043, 63
Trd, 4319104.093, 61
Trd, 4319105.043, 60
Trd, 4319106.393, 65
Trd, 4319107.343, 70
Trd, 4319108.393, 137
Trd, 4319109.343, 137
Trd, 4319109.493, 137
Trd, 4319111.243, 140
Trd, 4319111.943, 140
Trd, 4319112.193, 140
Trd, 4319112.693, 140
Trd, 4319113.693, 140
Trd, 4319113.843, 140
Trd, 4319114.593, 139
Trd, 4319114.643, 138
Trd, 4319115.693, 139
Trd, 4319117.393, 131
Trd, 4319117.643, 129
Trd, 4319118.943, 133
Trd, 4319119.493, 132
Trd, 4319119.993, 134
Trd, 4319120.543, 139
Trd, 4319121.543, 140
Trd, 4319122.243, 140
Trd, 4319123.193, 140
Trd, 4319123.543, 140
Trd, 4319124.143, 140
Trd, 4319124.193, 138
Trd, 4319125.243, 139
Trd, 4319125.593, 122
Trd, 4319126.093, 118
Trd, 4319126.493, 116
Trd, 4319126.643, 93
Trd, 4319128.693, 64
Trd, 4319131.093, 60
Trd, 4319131.993, 60
Trd, 4319132.343, 60
Trd, 4319132.493, 60
Trd, 4319132.593, 62
Trd, 4319133.593, 65
Trd, 4319134.993, 60
Trd, 4319135.343, 60
Trd, 4319137.043, 60
Trd, 4319137.543, 60
Trd, 4319137.643, 60
Trd, 4319137.693, 61
Trd, 4319138.743, 61
Trd, 4319138.843, 72
Trd, 4319139.843, 95
Trd, 4319140.743, 67
Trd, 4319141.643, 67
Trd, 4319143.543, 60
Trd, 4319143.793, 61
Trd, 4319145.943, 60
Trd, 4319147.143, 60
Trd, 4319147.443, 60
Trd, 4319147.743, 60
Trd, 4319148.543, 65
Trd, 4319148.943, 63
Trd, 4319149.093, 64
Trd, 4319149.843, 64
Trd, 4319150.643, 65
Trd, 4319151.093, 63
Trd, 4319151.343, 65
Trd, 4319151.793, 67
Trd, 4319153.543, 60
Trd, 4319154.693, 60
Trd, 4319154.993, 60
Trd, 4319157.343, 60
Trd, 4319158.943, 60
Trd, 4319160.593, 60
Trd, 4319161.593, 60
Trd, 4319161.743, 60
Trd, 4319161.893, 60
Trd, 4319162.043, 60
Trd, 4319162.093, 64
Trd, 4319162.843, 63
Trd, 4319163.343, 63
Trd, 4319164.743, 63
Trd, 4319164.993, 62
Trd, 4319165.243, 64
Trd, 4319165.443, 64
Trd, 4319166.193, 67
Trd, 4319166.293, 66
Trd, 4319167.193, 105
Trd, 4319167.543, 101
Trd, 4319168.043, 69
Trd, 4319168.193, 140
Trd, 4319169.743, 69
Trd, 4319170.443, 129
Trd, 4319171.243, 65
Trd, 4319174.643, 60
Trd, 4319174.793, 62
Trd, 4319176.543, 60
Trd, 4319176.743, 60
Trd, 4319177.243, 61
Trd, 4319177.443, 62
Trd, 4319178.043, 62
Trd, 4319178.743, 63
Trd, 4319179.643, 62
Trd, 4319180.343, 61
Trd, 4319181.743, 60
Trd, 4319181.843, 60
Trd, 4319182.593, 60
Trd, 4319183.043, 60
Trd, 4319183.593, 61
Trd, 4319183.993, 60
Trd, 4319184.543, 62
Trd, 4319186.293, 60
Trd, 4319187.493, 60
Trd, 4319188.243, 62
Trd, 4319188.443, 63
Trd, 4319191.043, 60
Trd, 4319191.093, 60
Trd, 4319191.493, 60
Trd, 4319191.943, 61
Trd, 4319192.093, 63
Trd, 4319192.343, 61
Trd, 4319192.893, 64
Trd, 4319193.143, 60
Trd, 4319194.893, 60
Trd, 4319195.393, 60
Trd, 4319195.843, 66
Trd, 4319196.843, 61
Trd, 4319197.493, 63
Trd, 4319197.793, 63
Trd, 4319197.943, 63
Trd, 4319198.343, 62
Trd, 4319198.693, 60
Trd, 4319199.793, 104
Trd, 4319200.293, 140
Trd, 4319200.493, 140
Trd, 4319201.093, 62
Trd, 4319203.943, 61
Trd, 4319204.093, 63
Trd, 4319206.293, 62
Trd, 4319206.693, 65
Trd, 4319206.943, 64
Trd, 4319207.343, 66
Trd, 4319208.043, 62
Trd, 4319208.493, 63
Trd, 4319210.343, 62
Trd, 4319211.343, 60
Trd, 4319211.493, 60
Trd, 4319212.193, 60
Trd, 4319212.293, 63
Trd, 4319213.993, 67
Trd, 4319214.393, 66
Trd, 4319214.793, 68
Trd, 4319214.993, 67
Trd, 4319215.893, 69
Trd, 4319216.093, 65
Trd, 4319217.293, 63
Trd, 4319217.543, 66
Trd, 4319218.593, 60
Trd, 4319218.893, 66
Trd, 4319220.393, 65
Trd, 4319220.443, 63
Trd, 4319220.493, 68
Trd, 4319220.893, 64
Trd, 4319221.043, 64
Trd, 4319221.643, 65
Trd, 4319223.143, 136
Trd, 4319223.243, 135
Trd, 4319223.793, 134
Trd, 4319225.643, 109
Trd, 4319225.743, 108
Trd, 4319226.493, 140
Trd, 4319227.143, 139
Trd, 4319227.743, 96
Trd, 4319228.793, 60
Trd, 4319229.843, 60
Trd, 4319231.943, 60
Trd, 4319232.043, 60
Trd, 4319232.393, 62
Trd, 4319232.543, 63
Trd, 4319232.843, 63
Trd, 4319233.093, 65
Trd, 4319234.693, 76
Trd, 4319235.243, 76
Trd, 4319235.543, 138
Trd, 4319236.493, 131
Trd, 4319237.093, 78
Trd, 4319237.693, 135
Trd, 4319238.443, 80
Trd, 4319238.743, 100
Trd, 4319238.893, 60
Trd, 4319241.243, 62
Trd, 4319243.893, 60
Trd, 4319244.243, 62
Trd, 4319246.393, 60
Trd, 4319246.593, 60
Trd, 4319246.643, 60
Trd, 4319246.693, 61
Trd, 4319246.843, 62
Trd, 4319246.993, 60
Trd, 4319247.543, 60
Trd, 4319248.193, 61
Trd, 4319249.143, 70
Trd, 4319251.543, 61
Trd, 4319253.943, 60
Trd, 4319254.093, 60
Trd, 4319254.143, 61
Trd, 4319254.193, 62
Trd, 4319254.693, 61
Trd, 4319255.093, 65
Trd, 4319255.243, 60
Trd, 4319256.543, 63
Trd, 4319256.993, 62
Trd, 4319257.193, 60
Trd, 4319257.593, 60
Trd, 4319259.043, 91
Trd, 4319259.143, 90
Trd, 4319259.443, 108
Trd, 4319260.343, 60
Trd, 4319262.343, 60
Trd, 4319263.643, 60
Trd, 4319265.243, 60
Trd, 4319265.493, 60
Trd, 4319265.543, 60
Trd, 4319266.043, 60
Trd, 4319266.693, 62
Trd, 4319266.793, 61
Trd, 4319267.193, 62
Trd, 4319267.893, 60
Trd, 4319268.593, 61
Trd, 4319268.643, 61
Trd, 4319269.093, 63
Trd, 4319270.393, 61
Trd, 4319270.893, 98
Trd, 4319271.193, 69
Trd, 4319271.643, 140
Trd, 4319271.793, 127
Trd, 4319272.743, 60
Trd, 4319274.993, 65
Trd, 4319276.243, 61
Trd, 4319276.543, 61
Trd, 4319278.493, 60
Trd, 4319278.543, 61
Trd, 4319278.943, 63
Trd, 4319278.993, 62
Trd, 4319279.993, 62
Trd, 4319280.393, 63
Trd, 4319280.643, 63
Trd, 4319281.043, 65
Trd, 4319281.193, 64
Trd, 4319282.293, 140
Trd, 4319282.593, 140
Trd, 4319283.393, 81
Trd, 4319283.643, 140
Trd, 4319284.093, 66
Trd, 4319286.393, 60
Trd, 4319286.693, 61
Trd, 4319287.593, 60
Trd, 4319287.643, 61
Trd, 4319288.143, 62
Trd, 4319288.193, 67
Trd, 4319289.943, 107
Trd, 4319290.193, 106
Trd, 4319290.693, 117
Trd, 4319291.093, 140
Trd, 4319291.843, 120
Trd, 4319291.993, 118
Trd, 4319293.293, 119
Trd, 4319293.393, 117
Trd, 4319293.993, 140
Trd, 4319294.593, 109
Trd, 4319294.743, 100
Trd, 4319295.443, 64
Trd, 4319297.443, 60
Trd, 4319298.843, 62
Trd, 4319299.293, 60
Trd, 4319299.343, 62
Trd, 4319299.843, 60
Trd, 4319300.443, 64
Trd, 4319300.743, 60
Trd, 4319301.543, 63
Trd, 4319305.043, 60
Trd, 4319306.993, 60
Trd, 4319307.143, 60
Trd, 4319307.193, 60
Trd, 4319307.293, 60
Trd, 4319307.593, 61
Trd, 4319307.643, 62
Trd, 4319307.843, 62
Trd, 4319307.943, 61
Trd, 4319308.343, 62
Trd, 4319308.393, 61
Trd, 4319308.693, 72
Trd, 4319310.593, 60
Trd, 4319310.793, 60
Trd, 4319310.893, 71
Trd, 4319314.943, 60
Trd, 4319315.043, 60
Trd, 4319315.743, 63
Trd, 4319315.793, 61
Trd, 4319316.343, 64
Trd, 4319316.393, 66
Trd, 4319316.893, 63
Trd, 4319317.093, 64
Trd, 4319317.843, 62
Trd, 4319318.293, 63
Trd, 4319318.943, 62
Trd, 4319319.043, 60
Trd, 4319322.743, 60
Trd, 4319323.393, 60
Trd, 4319323.443, 61
Trd, 4319323.593, 61
Trd, 4319323.643, 60
Trd, 4319324.193, 60
Trd, 4319325.093, 62
Trd, 4319325.343, 62
Trd, 4319325.443, 62
Trd, 4319326.643, 65
Trd, 4319327.293, 63
Trd, 4319327.943, 100
Trd, 4319327.993, 96
Trd, 4319329.093, 65
Trd, 4319330.043, 62
Trd, 4319331.093, 60
Trd, 4319332.293, 60
Trd, 4319333.093, 60
Trd, 4319333.443, 60
Trd, 4319333.643, 61
Trd, 4319334.043, 63
Trd, 4319335.243, 68
Trd, 4319335.293, 69
Trd, 4319335.743, 71
Trd, 4319336.443, 70
Trd, 4319336.793, 69
Trd, 4319337.543, 81
Trd, 4319338.993, 60
Trd, 4319339.493, 63
Trd, 4319339.793, 64
Trd, 4319340.243, 64
Trd, 4319340.843, 64
Trd, 4319343.793, 60
Trd, 4319343.993, 60
Trd, 4319344.743, 60
Trd, 4319346.993, 60
Trd, 4319347.143, 60
Trd, 4319347.443, 60
Trd, 4319347.793, 61
Trd, 4319348.943, 62
Trd, 4319350.043, 60
Trd, 4319350.143, 136
Trd, 4319350.493, 60
Trd, 4319351.193, 61
Trd, 4319351.343, 64
Trd, 4319351.693, 61
Trd, 4319353.093, 60
Trd, 4319353.293, 70
Trd, 4319353.743, 60
Trd, 4319353.943, 65
Trd, 4319355.493, 61
Trd, 4319356.793, 73
Trd, 4319357.193, 72
Trd, 4319357.243, 71
Trd, 4319357.343, 69
Trd, 4319358.143, 68
Trd, 4319360.793, 60
Trd, 4319360.993, 61
Trd, 4319361.593, 62
Trd, 4319361.743, 61
Trd, 4319362.493, 62
Trd, 4319363.143, 61
Trd, 4319363.393, 71
Trd, 4319364.493, 63
Trd, 4319364.593, 61
Trd, 4319364.893, 60
Trd, 4319366.043, 61
Trd, 4319368.393, 60
Trd, 4319368.493, 60
Trd, 4319368.893, 62
Trd, 4319368.993, 62
Trd, 4319369.143, 72
Trd, 4319369.493, 62
Trd, 4319369.943, 62
Trd, 4319370.993, 65
Trd, 4319372.543, 68
Trd, 4319373.193, 72
Trd, 4319374.243, 138
Trd, 4319374.393, 70
Trd, 4319374.593, 68
Trd, 4319374.843, 60
Trd, 4319376.643, 111
Trd, 4319377.743, 63
Trd, 4319378.093, 65
Trd, 4319378.293, 63
Trd, 4319378.893, 98
Trd, 4319379.593, 100
Trd, 4319379.993, 99
Trd, 4319380.543, 82
Trd, 4319382.643, 140
Trd, 4319383.093, 139
Trd, 4319383.543, 140
Trd, 4319384.093, 140
Trd, 4319384.543, 140
Trd, 4319385.443, 140
Trd, 4319385.693, 133
Trd, 4319385.993, 102
Trd, 4319387.343, 60
Trd, 4319388.843, 135
Trd, 4319389.043, 134
Trd, 4319389.643, 138
Trd, 4319389.893, 138
Trd, 4319391.393, 140
Trd, 4319391.493, 140
Trd, 4319392.043, 140
Trd, 4319392.593, 140
Trd, 4319393.493, 140
Trd, 4319393.593, 140
Trd, 4319395.143, 140
Trd, 4319396.043, 140
Trd, 4319396.843, 140
Trd, 4319397.393, 106
Trd, 4319398.243, 140
Trd, 4319398.993, 140
Trd, 4319400.643, 140
Trd, 4319400.743, 140
Trd, 4319401.493, 140
Trd, 4319402.443, 140
Trd, 4319402.593, 140
Trd, 4319404.293, 140
Trd, 4319405.043, 140
Trd, 4319405.443, 140
Trd, 4319405.543, 140
Trd, 4319406.893, 140
Trd, 4319406.993, 140
Trd, 4319407.193, 140
Trd, 4319408.043, 140
Trd, 4319408.993, 140
Trd, 4319409.093, 140
Trd, 4319409.993, 100
Trd, 4319410.143, 98
Trd, 4319413.293, 60
Trd, 4319413.343, 60
Trd, 4319414.093, 60
Trd, 4319414.243, 60
Trd, 4319416.293, 61
Trd, 4319416.343, 61
Trd, 4319419.993, 60
Trd, 4319420.143, 60
Trd, 4319420.343, 60
Trd, 4319420.643, 61
Trd, 4319420.843, 60
Trd, 4319420.993, 60
Trd, 4319421.543, 62
Trd, 4319422.243, 61
Trd, 4319424.943, 60
Trd, 4319425.493, 60
Trd, 4319426.043, 62
Trd, 4319426.093, 62
Trd, 4319426.393, 62
Trd, 4319427.293, 62
Trd, 4319428.493, 67
Trd, 4319428.693, 63
Trd, 4319429.593, 138
Trd, 4319430.393, 74
Trd, 4319431.843, 140
Trd, 4319432.293, 140
Trd, 4319432.893, 140
Trd, 4319433.893, 140
Trd, 4319434.093, 138
Trd, 4319434.893, 117
Trd, 4319436.093, 67
Trd, 4319436.793, 66
Trd, 4319437.943, 63
Trd, 4319438.193, 64
Trd, 4319438.343, 64
Trd, 4319438.793, 65
Trd, 4319439.743, 140
Trd, 4319440.143, 137
Trd, 4319440.843, 68
Trd, 4319441.143, 66
Trd, 4319441.893, 70
Trd, 4319443.843, 60
Trd, 4319444.343, 60
Trd, 4319445.593, 60
Trd, 4319448.693, 60
Trd, 4319449.093, 60
Trd, 4319449.193, 60
Trd, 4319449.643, 61
Trd, 4319449.893, 60
Trd, 4319450.243, 63
Trd, 4319450.793, 62
Trd, 4319451.943, 66
Trd, 4319452.493, 66
Trd, 4319452.943, 66
Trd, 4319453.793, 68
Trd, 4319453.993, 66
Trd, 4319454.493, 65
Trd, 4319454.543, 69
Trd, 4319454.793, 96
Trd, 4319456.743, 140
Trd, 4319457.043, 140
Trd, 4319457.743, 140
Trd, 4319458.543, 140
Trd, 4319459.893, 140
Trd, 4319460.593, 140
Trd, 4319461.043, 140
Trd, 4319462.593, 140
Trd, 4319462.943, 140
Trd, 4319463.743, 79
Trd, 4319463.893, 73
Trd, 4319464.793, 140
Trd, 4319465.043, 140
Trd, 4319465.693, 139
Trd, 4319466.943, 60
Trd, 4319467.343, 65
Trd, 4319468.393, 121
Trd, 4319469.393, 96
Trd, 4319469.843, 120
Trd, 4319469.893, 96
Trd, 4319470.993, 139
Trd, 4319471.193, 99
Trd, 4319471.893, 140
Trd, 4319472.743, 120
Trd, 4319473.393, 102
Trd, 4319474.793, 136
Trd, 4319474.893, 135
Trd, 4319474.943, 133
Trd, 4319475.393, 111
Trd, 4319476.043, 61
Trd, 4319476.843, 70
Trd, 4319479.593, 60
Trd, 4319479.693, 60
Trd, 4319481.693, 60
Trd, 4319481.743, 60
Trd, 4319483.493, 60
Trd, 4319483.993, 61
Trd, 4319484.393, 60
Trd, 4319484.643, 60
Trd, 4319485.393, 60
Trd, 4319485.543, 63
Trd, 4319485.893, 63
Trd, 4319486.293, 63
Trd, 4319486.343, 64
Trd, 4319487.643, 60
Trd, 4319488.193, 60
Trd, 4319488.343, 60
Trd, 4319489.093, 61
Trd, 4319489.193, 61
Trd, 4319490.443, 67
Trd, 4319490.793, 67
Trd, 4319491.993, 62
Trd, 4319492.493, 60
Trd, 4319493.693, 62
Trd, 4319493.893, 62
Trd, 4319494.193, 62
Trd, 4319494.543, 61
Trd, 4319494.843, 61
Trd, 4319495.443, 62
Trd, 4319495.643, 63
Trd, 4319496.293, 61
Trd, 4319497.343, 99
Trd, 4319498.293, 108
Trd, 4319498.693, 98
Trd, 4319499.143, 81
Trd, 4319499.793, 140
Trd, 4319499.993, 138
Trd, 4319501.943, 61
Trd, 4319504.093, 60
Trd, 4319504.843, 60
Trd, 4319504.943, 60
Trd, 4319504.993, 60
Trd, 4319505.393, 60
Trd, 4319505.593, 60
Trd, 4319505.693, 61
Trd, 4319506.443, 61
Trd, 4319506.743, 64
Trd, 4319507.443, 60
Trd, 4319509.193, 60
Trd, 4319509.793, 60
Trd, 4319509.893, 61
Trd, 4319511.593, 61
Trd, 4319511.893, 62
Trd, 4319512.143, 61
Trd, 4319512.393, 62
Trd, 4319512.493, 61
Trd, 4319513.543, 64
Trd, 4319514.543, 60
Trd, 4319514.593, 61
Trd, 4319515.293, 61
Trd, 4319516.443, 60
Trd, 4319516.793, 61
Trd, 4319518.543, 88
Trd, 4319519.293, 140
Trd, 4319519.643, 140
Trd, 4319520.293, 113
Trd, 4319521.243, 117
Trd, 4319521.693, 116
Trd, 4319521.943, 115
Trd, 4319522.793, 109
Trd, 4319523.543, 114
Trd, 4319524.843, 111
Trd, 4319525.043, 93
Trd, 4319525.993, 115
Trd, 4319526.143, 97
Trd, 4319526.793, 98
Trd, 4319526.843, 97
Trd, 4319526.893, 96
Trd, 4319528.443, 60
Trd, 4319530.743, 60
Trd, 4319531.143, 61
Trd, 4319531.693, 60
Trd, 4319531.843, 61
Trd, 4319531.993, 62
Trd, 4319535.443, 60
Trd, 4319535.493, 60
Trd, 4319535.743, 60
Trd, 4319535.893, 60
Trd, 4319536.093, 60
Trd, 4319536.393, 61
Trd, 4319536.743, 60
Trd, 4319537.043, 64
Trd, 4319538.043, 80
Trd, 4319538.943, 94
Trd, 4319541.093, 60
Trd, 4319541.643, 60
Trd, 4319541.693, 61
Trd, 4319541.793, 64
Trd, 4319542.093, 64
Trd, 4319542.293, 64
Trd, 4319543.193, 66
Trd, 4319544.193, 69
Trd, 4319544.243, 66
Trd, 4319546.443, 140
Trd, 4319547.343, 140
Trd, 4319547.693, 140
Trd, 4319547.893, 140
Trd, 4319548.843, 140
Trd, 4319548.893, 139
Trd, 4319549.043, 138
Trd, 4319549.693, 106
Trd, 4319550.143, 86
Trd, 4319550.493, 140
Trd, 4319553.693, 140
Trd, 4319554.243, 140
Trd, 4319554.943, 140
Trd, 4319555.243, 140
Trd, 4319555.293, 139
Trd, 4319555.443, 139
Trd, 4319556.193, 111
Trd, 4319556.393, 106
Trd, 4319556.643, 85
Trd, 4319557.793, 140
Trd, 4319558.993, 60
Trd, 4319562.143, 60
Trd, 4319562.743, 60
Trd, 4319562.993, 60
Trd, 4319564.843, 60
Trd, 4319565.243, 61
Trd, 4319566.043, 67
Trd, 4319566.143, 68
Trd, 4319566.443, 68
Trd, 4319566.593, 67
Trd, 4319569.193, 62
Trd, 4319569.893, 62
Trd, 4319570.143, 66
Trd, 4319570.843, 91
Trd, 4319571.343, 68
Trd, 4319571.843, 68
Trd, 4319572.193, 67
Trd, 4319572.243, 93
Trd, 4319573.343, 62
Trd, 4319574.143, 60
Trd, 4319574.843, 64
Trd, 4319575.093, 64
Trd, 4319575.743, 64
Trd, 4319577.043, 68
Trd, 4319577.343, 69
Trd, 4319577.493, 75
Trd, 4319579.243, 140
Trd, 4319579.293, 140
Trd, 4319580.993, 140
Trd, 4319581.393, 135
Trd, 4319581.843, 123
Trd, 4319581.943, 89
Trd, 4319584.993, 60
Trd, 4319585.193, 60
Trd, 4319586.193, 60
Trd, 4319586.543, 65
Trd, 4319587.243, 61
Trd, 4319588.543, 62
Trd, 4319588.593, 77
Trd, 4319589.043, 62
Trd, 4319589.493, 64
Trd, 4319590.443, 70
Trd, 4319592.343, 84
Trd, 4319592.593, 85
Trd, 4319592.693, 83
Trd, 4319592.743, 82
Trd, 4319593.843, 140
Trd, 4319595.043, 140
Trd, 4319595.793, 140
Trd, 4319596.143, 140
Trd, 4319597.743, 140
Trd, 4319597.843, 140
Trd, 4319598.043, 140
Trd, 4319598.243, 140
Trd, 4319598.343, 137
Trd, 4319600.743, 62
Trd, 4319601.543, 61
Trd, 4319602.243, 61
Trd, 4319602.293, 61
Trd, 4319602.693, 63
Trd, 4319602.993, 62
Trd, 4319603.643, 62
Trd, 4319604.693, 60
Trd, 4319606.443, 71
Trd, 4319606.543, 71
Trd, 4319606.893, 72
Trd, 4319607.093, 71
Trd, 4319607.393, 70
Trd, 4319608.243, 140
Trd, 4319609.293, 140
Trd, 4319610.143, 140
Trd, 4319610.193, 140
Trd, 4319610.493, 137
Trd, 4319610.643, 133
Trd, 4319611.293, 114
Trd, 4319612.643, 128
Trd, 4319613.193, 106
Trd, 4319614.293, 90
Trd, 4319614.743, 91
Trd, 4319615.093, 130
Trd, 4319615.643, 129
Trd, 4319617.193, 63
Trd, 4319617.293, 64
Trd, 4319618.343, 60
Trd, 4319618.793, 60
Trd, 4319620.393, 68
Trd, 4319620.693, 68
Trd, 4319620.793, 67
Trd, 4319620.893, 60
Trd, 4319621.443, 98
Trd, 4319622.743, 61
Trd, 4319623.393, 71
Trd, 4319623.693, 65
Trd, 4319624.893, 75
Trd, 4319625.293, 71
Trd, 4319625.693, 70
Trd, 4319627.943, 60
Trd, 4319630.043, 60
Trd, 4319632.243, 62
Trd, 4319632.643, 63
Trd, 4319632.743, 62
Trd, 4319633.343, 61
Trd, 4319633.593, 63
Trd, 4319634.443, 63
Trd, 4319634.743, 61
Trd, 4319635.293, 61
Trd, 4319636.193, 61
Trd, 4319636.893, 61
Trd, 4319637.043, 61
Trd, 4319637.493, 62
Trd, 4319637.693, 61
Trd, 4319639.243, 61
Trd, 4319641.143, 61
Trd, 4319641.443, 62
Trd, 4319643.593, 60
Trd, 4319644.593, 60
Trd, 4319644.893, 60
Trd, 4319645.393, 61
Trd, 4319646.643, 60
Trd, 4319646.693, 61
Trd, 4319646.793, 61
Trd, 4319647.043, 62
Trd, 4319647.093, 62
Trd, 4319647.493, 61
Trd, 4319647.893, 62
Trd, 4319651.893, 60
Trd, 4319652.843, 60
Trd, 4319655.043, 60
Trd, 4319655.993, 60
Trd, 4319656.143, 60
Trd, 4319656.443, 62
Trd, 4319656.643, 62
Trd, 4319656.893, 60
Trd, 4319657.243, 63
Trd, 4319657.693, 60
Trd, 4319657.943, 63
Trd, 4319659.243, 60
Trd, 4319659.443, 60
Trd, 4319660.293, 60
Trd, 4319661.043, 60
Trd, 4319661.643, 61
Trd, 4319662.893, 60
Trd, 4319663.243, 61
Trd, 4319663.543, 60
Trd, 4319664.093, 63
Trd, 4319664.193, 62
Trd, 4319665.093, 60
Trd, 4319666.243, 60
Trd, 4319666.643, 69
Trd, 4319666.943, 71
Trd, 4319667.943, 140
Trd, 4319668.243, 140
Trd, 4319669.593, 140
Trd, 4319670.593, 140
Trd, 4319670.893, 140
Trd, 4319671.643, 140
Trd, 4319672.443, 140
Trd, 4319673.593, 140
Trd, 4319673.693, 140
Trd, 4319673.743, 140
Trd, 4319675.293, 140
Trd, 4319675.493, 140
Trd, 4319675.593, 138
Trd, 4319675.893, 102
Trd, 4319676.593, 120
Trd, 4319677.443, 131
Trd, 4319678.193, 106
Trd, 4319678.643, 104
Trd, 4319679.443, 140
Trd, 4319679.943, 107
Trd, 4319680.443, 106
Trd, 4319681.243, 86
Trd, 4319683.193, 140
Trd, 4319683.943, 140
Trd, 4319684.243, 140
Trd, 4319685.293, 140
Trd, 4319685.493, 140
Trd, 4319686.693, 140
Trd, 4319686.793, 140
Trd, 4319687.243, 130
Trd, 4319687.993, 139
Trd, 4319688.493, 138
Trd, 4319688.693, 135
Trd, 4319689.943, 140
Trd, 4319690.493, 138
Trd, 4319691.443, 140
Trd, 4319691.893, 140
Trd, 4319692.793, 138
Trd, 4319694.093, 140
Trd, 4319694.143, 114
Trd, 4319698.343, 60
Trd, 4319699.643, 60
Trd, 4319699.693, 60
Trd, 4319700.543, 60
Trd, 4319701.243, 65
Trd, 4319701.293, 64
Trd, 4319701.443, 64
Trd, 4319702.143, 71
Trd, 4319702.793, 72
Trd, 4319703.193, 140
Trd, 4319703.493, 140
Trd, 4319704.043, 140
Trd, 4319704.093, 140
Trd, 4319706.893, 60
Trd, 4319708.643, 60
Trd, 4319708.793, 60
Trd, 4319708.993, 60
Trd, 4319710.943, 61
Trd, 4319711.143, 60
Trd, 4319711.393, 60
Trd, 4319711.943, 62
Trd, 4319712.143, 62
Trd, 4319712.343, 61
Trd, 4319712.793, 64
Trd, 4319713.043, 66
Trd, 4319715.393, 60
Trd, 4319718.043, 60
Trd, 4319718.193, 60
Trd, 4319719.043, 60
Trd, 4319719.243, 65
Trd, 4319719.393, 62
Trd, 4319719.943, 66
Trd, 4319720.043, 62
Trd, 4319720.093, 76
Trd, 4319720.843, 68
Trd, 4319720.993, 64
Trd, 4319722.493, 72
Trd, 4319723.393, 81
Trd, 4319724.293, 140
Trd, 4319724.543, 83
Trd, 4319724.943, 81
Trd, 4319725.443, 80
Trd, 4319726.943, 138
Trd, 4319728.493, 140
Trd, 4319728.793, 140
Trd, 4319729.393, 140
Trd, 4319729.593, 140
Trd, 4319729.693, 140
Trd, 4319729.993, 140
Trd, 4319730.493, 140
Trd, 4319731.743, 140
Trd, 4319732.193, 138
Trd, 4319732.693, 140
Trd, 4319733.443, 106
Trd, 4319734.693, 107
Trd, 4319734.943, 60
Trd, 4319734.993, 60
Trd, 4319736.443, 140
Trd, 4319736.643, 137
Trd, 4319737.193, 82
Trd, 4319737.293, 81
Trd, 4319737.743, 60
Trd, 4319738.843, 140
Trd, 4319741.293, 140
Trd, 4319742.543, 140
Trd, 4319742.843, 140
Trd, 4319742.993, 140
Trd, 4319743.043, 140
Trd, 4319743.593, 140
Trd, 4319743.993, 140
Trd, 4319744.393, 140
Trd, 4319744.543, 139
Trd, 4319744.643, 137
Trd, 4319745.993, 106
Trd, 4319746.393, 109
Trd, 4319747.993, 140
Trd, 4319748.643, 140
Trd, 4319749.343, 140
Trd, 4319750.243, 140
Trd, 4319750.443, 140
Trd, 4319750.843, 140
Trd, 4319750.993, 140
Trd, 4319751.793, 140
Trd, 4319752.793, 140
Trd, 4319753.143, 140
Trd, 4319754.093, 69
Trd, 4319754.993, 60
Trd, 4319755.643, 60
Trd, 4319755.743, 60
Trd, 4319755.893, 63
Trd, 4319757.143, 61
Trd, 4319757.293, 67
Trd, 4319757.893, 71
Trd, 4319758.443, 65
Trd, 4319758.543, 64
Trd, 4319758.843, 90
Trd, 4319760.743, 90
Trd, 4319761.343, 92
Trd, 4319761.643, 94
Trd, 4319761.993, 95
Trd, 4319762.693, 124
Trd, 4319763.993, 140
Trd, 4319764.093, 140
Trd, 4319764.793, 132
Trd, 4319764.943, 131
Trd, 4319765.093, 98
Trd, 4319766.393, 60
Trd, 4319766.843, 60
Trd, 4319767.593, 60
Trd, 4319769.543, 62
Trd, 4319770.443, 60
Trd, 4319771.293, 60
Trd, 4319771.943, 62
Trd, 4319772.343, 61
Trd, 4319774.093, 60
Trd, 4319774.193, 61
Trd, 4319774.793, 62
Trd, 4319775.143, 63
Trd, 4319776.893, 70
Trd, 4319777.143, 127
Trd, 4319777.293, 140
Trd, 4319779.243, 83
Trd, 4319779.343, 82
Trd, 4319779.743, 82
Trd, 4319780.843, 140
Trd, 4319780.993, 140
Trd, 4319781.193, 120
Trd, 4319782.393, 88
Trd, 4319782.943, 88
Trd, 4319783.443, 67
Trd, 4319784.443, 135
Trd, 4319784.593, 134
Trd, 4319785.943, 140
Trd, 4319786.443, 140
Trd, 4319787.093, 140
Trd, 4319787.393, 140
Trd, 4319788.543, 140
Trd, 4319790.093, 140
Trd, 4319790.343, 140
Trd, 4319790.593, 140
Trd, 4319791.343, 140
Trd, 4319792.593, 140
Trd, 4319792.643, 140
Trd, 4319792.843, 140
Trd, 4319793.793, 140
Trd, 4319793.843, 138
Trd, 4319795.393, 140
Trd, 4319796.793, 136
Trd, 4319797.443, 140
Trd, 4319798.393, 140
Trd, 4319798.543, 140
Trd, 4319799.493, 140
Trd, 4319800.393, 140
Trd, 4319800.593, 139
Trd, 4319802.343, 140
Trd, 4319802.693, 140
Trd, 4319802.793, 140
Trd, 4319804.093, 140
Trd, 4319804.393, 140
Trd, 4319804.843, 140
Trd, 4319805.293, 140
Trd, 4319806.293, 140
Trd, 4319807.593, 110
Trd, 4319807.943, 135
Trd, 4319808.043, 131
Trd, 4319808.943, 140
Trd, 4319810.143, 140
Trd, 4319812.143, 140
Trd, 4319812.343, 140
Trd, 4319812.593, 140
Trd, 4319812.893, 110
Trd, 4319813.943, 113
Trd, 4319814.943, 119
Trd, 4319815.943, 135
Trd, 4319816.593, 140
Trd, 4319817.493, 140
Trd, 4319818.343, 140
Trd, 4319818.743, 140
Trd, 4319818.943, 140
Trd, 4319820.693, 140
Trd, 4319820.793, 140
Trd, 4319821.243, 140
Trd, 4319822.343, 140
Trd, 4319822.793, 140
Trd, 4319823.593, 139
Trd, 4319823.743, 139
Trd, 4319824.043, 129
Trd, 4319824.593, 126
Trd, 4319825.993, 140
Trd, 4319827.743, 140
Trd, 4319828.093, 140
Trd, 4319828.343, 140
Trd, 4319829.693, 140
Trd, 4319830.743, 140
Trd, 4319831.143, 140
Trd, 4319831.943, 140
Trd, 4319832.693, 140
Trd, 4319833.893, 140
Trd, 4319834.643, 140
Trd, 4319835.493, 140
Trd, 4319835.543, 140
Trd, 4319836.343, 140
Trd, 4319837.543, 140
Trd, 4319837.593, 140
Trd, 4319837.793, 140
Trd, 4319838.443, 140
Trd, 4319839.793, 140
Trd, 4319840.293, 140
Trd, 4319840.443, 140
Trd, 4319841.443, 140
Trd, 4319841.543, 140
Trd, 4319841.743, 139
Trd, 4319843.643, 137
Trd, 4319843.793, 136
Trd, 4319844.293, 135
Trd, 4319844.793, 136
Trd, 4319844.893, 135
Trd, 4319847.643, 140
Trd, 4319848.243, 140
Trd, 4319848.793, 140
Trd, 4319849.143, 140
Trd, 4319849.293, 140
Trd, 4319849.493, 130
Trd, 4319850.043, 139
Trd, 4319851.243, 140
Trd, 4319852.943, 140
Trd, 4319853.293, 140
Trd, 4319853.893, 140
Trd, 4319855.493, 140
Trd, 4319855.943, 140
Trd, 4319856.293, 140
Trd, 4319856.793, 140
Trd, 4319858.143, 140
Trd, 4319858.543, 140
Trd, 4319858.943, 140
Trd, 4319859.043, 140
Trd, 4319859.093, 140
Trd, 4319860.493, 140
Trd, 4319860.693, 139
Trd, 4319862.443, 140
Trd, 4319863.143, 140
Trd, 4319863.243, 140
Trd, 4319863.293, 140
Trd, 4319863.743, 140
Trd, 4319865.493, 140
Trd, 4319865.543, 140
Trd, 4319866.693, 140
Trd, 4319866.893, 140
Trd, 4319867.743, 115
Trd, 4319867.843, 114
Trd, 4319869.193, 140
Trd, 4319869.993, 140
Trd, 4319870.593, 140
Trd, 4319871.693, 140
Trd, 4319872.093, 140
Trd, 4319872.843, 140
Trd, 4319873.193, 140
Trd, 4319874.093, 140
Trd, 4319875.393, 86
Trd, 4319876.243, 61
Trd, 4319877.893, 60
Trd, 4319878.293, 60
Trd, 4319878.393, 60
Trd, 4319878.543, 60
Trd, 4319878.643, 60
Trd, 4319879.543, 62
Trd, 4319879.643, 62
Trd, 4319879.943, 140
Trd, 4319880.343, 61
Trd, 4319881.393, 60
Trd, 4319881.693, 68
Trd, 4319883.393, 65
Trd, 4319883.493, 64
Trd, 4319884.043, 66
Trd, 4319884.293, 67
Trd, 4319884.493, 65
Trd, 4319885.043, 65
Trd, 4319885.293, 66
Trd, 4319885.843, 65
Trd, 4319888.343, 60
Trd, 4319888.693, 61
Trd, 4319889.243, 60
Trd, 4319890.493, 63
Trd, 4319890.693, 63
Trd, 4319891.493, 64
Trd, 4319891.593, 69
Trd, 4319892.043, 83
Trd, 4319893.343, 61
Trd, 4319893.693, 60
Trd, 4319894.993, 60
Trd, 4319896.643, 60
Trd, 4319897.293, 60
Trd, 4319898.393, 60
Trd, 4319898.493, 60
Trd, 4319898.643, 60
Trd, 4319899.043, 62
Trd, 4319901.393, 60
Trd, 4319901.443, 61
Trd, 4319901.593, 60
Trd, 4319904.793, 60
Trd, 4319905.643, 60
Trd, 4319905.993, 60
Trd, 4319906.443, 60
Trd, 4319906.643, 61
Trd, 4319906.843, 60
Trd, 4319908.293, 61
Trd, 4319909.393, 62
Trd, 4319909.993, 61
Trd, 4319910.493, 63
Trd, 4319910.643, 63
Trd, 4319912.943, 69
Trd, 4319913.293, 70
Trd, 4319913.643, 75
Trd, 4319913.793, 72
Trd, 4319914.243, 70
Trd, 4319914.443, 70
Trd, 4319914.493, 69
Trd, 4319915.393, 92
Trd, 4319916.693, 60
Trd, 4319918.843, 60
Trd, 4319918.943, 60
Trd, 4319920.843, 61
Trd, 4319920.893, 63
Trd, 4319922.243, 60
Trd, 4319922.593, 62
Trd, 4319922.743, 62
Trd, 4319922.793, 61
Trd, 4319923.743, 64
Trd, 4319924.043, 61
Trd, 4319924.843, 65
Trd, 4319925.843, 60
Trd, 4319926.543, 60
Trd, 4319926.943, 64
Trd, 4319927.993, 60
Trd, 4319929.993, 60
Trd, 4319930.543, 60
Trd, 4319931.893, 61
Trd, 4319932.493, 61
Trd, 4319933.343, 60
Trd, 4319933.393, 60
Trd, 4319933.493, 62
Trd, 4319934.243, 64
Trd, 4319935.643, 63
Trd, 4319936.043, 63
Trd, 4319937.193, 62
Trd, 4319937.293, 63
Trd, 4319937.693, 63
Trd, 4319938.293, 61
Trd, 4319938.343, 62
Trd, 4319939.293, 61
Trd, 4319939.593, 63
Trd, 4319939.643, 82
Trd, 4319940.693, 140
Trd, 4319941.293, 140
Trd, 4319941.443, 140
Trd, 4319942.093, 103
Trd, 4319942.393, 98
Trd, 4319942.593, 67
Trd, 4319944.793, 60
Trd, 4319947.443, 60
Trd, 4319948.443, 61
Trd, 4319948.743, 66
Trd, 4319948.843, 62
Trd, 4319949.493, 67
Trd, 4319949.693, 67
Trd, 4319949.743, 66
Trd, 4319950.793, 66
Trd, 4319951.243, 65
Trd, 4319952.193, 67
Trd, 4319954.093, 60
Trd, 4319954.643, 60
Trd, 4319954.893, 63
Trd, 4319954.943, 62
Trd, 4319955.543, 64
Trd, 4319955.993, 60
Trd, 4319956.893, 68
Trd, 4319957.593, 67
Trd, 4319958.293, 67
Trd, 4319958.543, 67
Trd, 4319958.843, 77
Trd, 4319959.893, 140
Trd, 4319960.143, 140
Trd, 4319961.443, 63
Trd, 4319964.093, 60
Trd, 4319964.343, 60
Trd, 4319966.493, 60
Trd, 4319966.793, 60
Trd, 4319967.943, 60
Trd, 4319968.093, 61
Trd, 4319968.193, 65
Trd, 4319969.743, 60
Trd, 4319972.843, 60
Trd, 4319972.943, 60
Trd, 4319973.493, 60
Trd, 4319974.243, 60
Trd, 4319976.593, 60
Trd, 4319977.293, 60
Trd, 4319978.293, 60
Trd, 4319978.693, 61
Trd, 4319979.193, 61
Trd, 4319979.743, 60
Trd, 4319979.793, 61
Trd, 4319980.993, 60
Trd, 4319982.943, 60
Trd, 4319986.893, 60
Trd, 4319987.093, 60
Trd, 4319987.293, 60
Trd, 4319987.843, 62
Trd, 4319988.043, 63
Trd, 4319988.393, 63
Trd, 4319988.693, 63
Trd, 4319988.743, 63
Trd, 4319989.243, 60
Trd, 4319990.643, 60
Trd, 4319990.893, 61
Trd, 4319991.843, 60
Trd, 4319992.943, 61
Trd, 4319993.143, 62
Trd, 4319995.593, 60
Trd, 4319997.293, 60
Trd, 4319998.893, 60
Trd, 4319999.393, 60
Trd, 4319999.743, 60
Trd, 4319999.793, 60
